date,open,high,low,close,volume,oi,vwap
2020-07-09 09:19:00,514.10,514.10,513.05,513.05,375,0,513.47
2020-07-09 09:21:00,331.00,331.00,331.00,331.00,225,150,445.04
2020-07-09 13:48:00,242.25,242.25,242.25,242.25,75,375,422.51
2020-08-09 09:35:00,340.00,340.00,340.00,340.00,75,450,340.00
2020-08-09 10:08:00,316.00,316.00,316.00,316.00,150,525,324.00
2020-08-09 11:07:00,311.70,311.70,311.55,311.70,600,675,315.01
2020-08-09 11:14:00,290.65,290.65,290.65,290.65,75,1200,312.98
2020-08-09 14:30:00,319.70,319.70,319.70,319.70,300,1200,314.66
2020-08-09 14:44:00,318.55,318.55,318.55,318.55,150,1350,315.09
2020-08-09 14:49:00,325.00,325.00,325.00,325.00,150,1350,316.08
2020-08-09 15:01:00,336.40,336.40,336.40,336.40,75,1200,317.05
2020-09-09 09:53:00,360.40,360.40,360.40,360.40,150,1125,360.40
2020-09-09 09:54:00,438.60,438.60,438.60,438.60,75,1125,386.46
2020-09-09 10:04:00,380.25,380.25,380.25,380.25,225,1050,383.37
2020-09-09 10:35:00,383.90,383.90,383.90,383.90,75,825,383.45
2020-09-09 12:10:00,399.70,410.00,399.70,410.00,150,825,388.20
2020-09-09 15:22:00,338.15,338.50,338.15,338.50,600,900,364.70
2020-10-09 09:23:00,327.85,327.85,327.85,327.85,75,1275,327.85
2020-10-09 09:48:00,310.30,310.30,310.30,310.30,75,1275,319.07
2020-10-09 09:50:00,310.95,310.95,310.95,310.95,75,1275,316.36
2020-10-09 10:00:00,308.45,308.45,308.45,308.45,75,1350,314.38
2020-10-09 10:21:00,310.30,310.30,310.30,310.30,75,1425,313.57
2020-10-09 10:23:00,310.00,310.00,310.00,310.00,150,1500,312.55
2020-10-09 10:45:00,314.40,314.40,314.40,314.40,75,1575,312.78
2020-10-09 10:47:00,300.35,300.35,300.35,300.35,75,1575,311.40
2020-10-09 10:52:00,300.35,300.35,300.35,300.35,75,1575,310.30
2020-10-09 11:47:00,298.80,298.80,298.80,298.80,75,1650,309.25
2020-10-09 13:16:00,302.00,302.00,302.00,302.00,75,1650,308.65
2020-10-09 14:00:00,304.90,304.90,304.90,304.90,75,1650,308.36
2020-10-09 14:17:00,304.00,304.00,304.00,304.00,75,1500,308.05
2020-10-09 14:31:00,273.75,273.75,273.75,273.75,75,1575,305.76
2020-10-09 14:36:00,287.80,287.80,287.80,287.80,75,1575,304.64
2020-10-09 14:49:00,287.80,287.80,287.80,287.80,750,1500,298.16
2020-10-09 14:56:00,286.55,286.55,286.55,286.55,75,2250,297.73
2020-10-09 14:57:00,284.95,284.95,284.10,284.10,225,2250,296.39
2020-10-09 15:05:00,278.45,278.45,278.45,278.45,75,2100,295.81
2020-10-09 15:13:00,274.00,274.30,274.00,274.30,150,2025,294.50
2020-11-09 09:27:00,263.70,263.70,263.70,263.70,75,1950,263.70
2020-11-09 10:59:00,265.50,265.50,265.50,265.50,75,1950,264.60
2020-11-09 15:28:00,265.00,265.00,265.00,265.00,75,1950,264.73
2020-09-14 09:15:00,241.60,241.60,241.60,241.60,75,1950,241.60
2020-09-14 09:23:00,241.60,241.60,241.60,241.60,75,1950,241.60
2020-09-14 09:28:00,226.60,226.60,224.40,226.60,150,1950,233.55
2020-09-14 09:30:00,224.55,224.55,224.55,224.55,75,2100,231.75
2020-09-14 09:32:00,225.40,226.00,225.40,226.00,225,2100,229.51
2020-09-14 09:48:00,228.40,228.40,228.40,228.40,150,2325,229.29
2020-09-14 10:00:00,229.00,229.00,229.00,229.00,75,2250,229.26
2020-09-14 10:54:00,217.75,217.75,217.75,217.75,75,2325,228.30
2020-09-14 11:33:00,217.75,217.75,215.00,215.00,225,2325,226.01
2020-09-14 13:10:00,219.00,219.00,219.00,219.00,600,2550,223.57
2020-09-14 13:12:00,222.20,222.20,222.20,222.20,75,2550,223.51
2020-09-14 13:15:00,222.80,222.80,222.80,222.80,75,2625,223.48
2020-09-14 13:29:00,223.00,224.10,223.00,224.10,150,1950,223.49
2020-09-14 13:30:00,225.00,227.80,225.00,227.80,150,2100,223.69
2020-09-14 13:42:00,228.30,228.30,228.30,228.30,150,1875,223.98
2020-09-14 13:51:00,226.80,226.80,226.80,226.80,75,1725,224.07
2020-09-14 13:57:00,230.10,230.10,230.10,230.10,75,1725,224.25
2020-09-14 14:04:00,242.40,246.65,242.40,246.65,150,1800,225.41
2020-09-14 14:06:00,261.95,261.95,261.95,261.95,75,1950,226.43
2020-09-14 14:11:00,268.80,268.80,268.80,268.80,150,2025,228.66
2020-09-14 14:12:00,271.35,271.35,271.35,271.35,75,2025,229.75
2020-09-14 14:16:00,268.40,268.40,268.40,268.40,75,2100,230.72
2020-09-14 14:20:00,273.90,283.00,273.90,283.00,375,2025,236.07
2020-09-14 14:25:00,276.70,279.40,275.90,279.40,675,1950,242.82
2020-09-14 14:38:00,277.25,277.25,277.25,277.25,75,2400,243.45
2020-09-14 14:54:00,263.25,263.25,263.25,263.25,75,2475,243.80
2020-09-14 15:26:00,272.25,272.25,271.75,271.75,150,2550,244.77
2020-09-14 15:28:00,272.15,272.15,272.15,272.15,225,2550,246.12
2020-09-15 09:22:00,245.05,245.05,244.00,244.00,1500,2175,244.79
2020-09-15 09:23:00,243.00,243.00,243.00,243.00,75,3375,244.70
2020-09-15 09:26:00,246.70,246.70,246.70,246.70,75,3450,244.79
2020-09-15 09:27:00,246.50,246.50,246.50,246.50,225,3450,245.00
2020-09-15 09:34:00,240.25,240.25,240.25,240.25,75,3600,244.81
2020-09-15 10:43:00,254.40,254.40,254.40,254.40,75,3600,245.17
2020-09-15 10:47:00,258.00,258.00,258.00,258.00,75,3675,245.63
2020-09-15 11:36:00,241.10,241.10,241.10,241.10,75,3600,245.47
2020-09-15 11:47:00,240.25,240.25,240.00,240.00,150,3600,245.12
2020-09-15 12:16:00,243.40,243.40,243.40,243.40,75,3600,245.07
2020-09-15 12:25:00,243.50,243.50,243.50,243.50,75,3525,245.02
2020-09-15 12:47:00,249.25,249.25,249.25,249.25,75,3525,245.15
2020-09-15 12:49:00,243.30,243.30,243.30,243.30,75,3525,245.09
2020-09-15 13:01:00,243.85,243.85,243.85,243.85,75,3525,245.06
2020-09-15 13:05:00,243.00,243.00,243.00,243.00,75,3525,245.00
2020-09-15 13:09:00,246.10,246.10,246.10,246.10,75,3525,245.03
2020-09-15 13:10:00,251.55,251.55,251.55,251.55,75,3525,245.20
2020-09-15 13:25:00,250.25,250.25,250.25,250.25,75,3675,245.33
2020-09-15 13:37:00,243.80,243.80,243.80,243.80,75,3675,245.29
2020-09-15 13:44:00,244.70,244.70,244.70,244.70,75,3675,245.27
2020-09-15 15:29:01,229.95,229.95,229.95,229.95,75,3675,244.92
2020-09-16 09:48:00,219.15,219.15,219.15,219.15,75,3750,219.15
2020-09-16 09:57:00,219.20,219.20,219.15,219.15,150,3750,219.16
2020-09-16 10:14:00,220.55,220.55,220.55,220.55,75,3675,219.51
2020-09-16 10:31:00,217.00,217.00,217.00,217.00,75,3675,219.01
2020-09-16 10:36:00,214.05,214.05,214.05,214.05,75,3675,218.18
2020-09-16 10:37:00,214.00,214.00,214.00,214.00,75,3675,217.58
2020-09-16 11:22:00,217.60,217.60,217.60,217.60,75,3750,217.58
2020-09-16 11:47:00,220.30,220.30,220.30,220.30,150,3750,218.13
2020-09-16 12:07:00,219.20,219.20,219.20,219.20,150,3825,218.30
2020-09-16 13:17:00,209.20,209.20,209.20,209.20,75,3900,217.60
2020-09-16 13:35:00,209.40,209.40,209.40,209.40,150,3975,216.51
2020-09-17 10:02:00,221.75,221.75,221.75,221.75,75,3975,221.75
2020-09-17 11:25:00,208.65,208.65,208.65,208.65,75,4050,215.20
2020-09-17 11:40:00,210.00,210.00,210.00,210.00,75,4125,213.46
2020-09-17 11:42:00,214.15,214.15,214.15,214.15,75,4125,213.63
2020-09-17 11:52:00,220.45,221.00,220.45,221.00,225,4200,216.63
2020-09-17 11:53:00,221.75,221.75,221.75,221.75,75,4200,217.27
2020-09-17 12:00:00,235.00,235.00,235.00,235.00,300,4275,223.17
2020-09-17 12:10:00,231.40,231.40,231.40,231.40,75,4575,223.80
2020-09-17 13:36:00,218.50,218.50,218.50,218.50,75,4650,223.42
2020-09-17 14:16:00,213.85,213.85,213.85,213.85,75,4650,222.79
2020-09-17 14:23:00,210.60,210.60,210.60,210.60,75,4650,222.02
2020-09-17 14:46:00,234.70,234.70,234.70,234.70,75,4575,222.77
2020-09-17 14:48:00,216.45,216.45,216.45,216.45,75,4575,222.42
2020-09-17 14:49:00,218.05,218.05,218.05,218.05,75,4575,222.19
2020-09-17 14:54:00,216.50,216.50,216.50,216.50,75,4725,221.90
2020-09-17 15:01:00,221.00,221.00,221.00,221.00,1200,4725,221.50
2020-09-17 15:21:00,209.70,210.00,209.70,210.00,150,4950,220.89
2020-09-18 09:39:00,195.00,195.00,194.00,194.00,150,4800,194.50
2020-09-18 09:45:00,191.50,191.50,191.50,191.50,75,4950,193.50
2020-09-18 09:49:00,190.20,190.20,190.20,190.20,75,5025,192.67
2020-09-18 09:50:00,190.00,190.00,190.00,190.00,225,4950,191.52
2020-09-18 10:03:00,186.60,186.60,186.60,186.60,375,5175,189.49
2020-09-18 10:24:00,191.05,191.05,191.05,191.05,75,5175,189.61
2020-09-18 10:25:00,192.45,192.45,192.45,192.45,75,5175,189.81
2020-09-18 10:26:00,191.05,191.05,191.05,191.05,75,5175,189.89
2020-09-18 10:44:00,192.45,192.45,192.45,192.45,75,5175,190.05
2020-09-18 11:12:00,193.95,193.95,193.95,193.95,75,5175,190.28
2020-09-18 11:15:00,194.95,195.35,194.95,195.35,150,5250,190.79
2020-09-18 11:37:00,187.95,187.95,187.95,187.95,75,5250,190.65
2020-09-18 12:26:00,184.45,185.50,184.45,185.50,225,5325,189.93
2020-09-18 12:31:00,184.45,184.45,184.45,184.45,75,5400,189.70
2020-09-18 12:36:00,185.05,185.05,185.05,185.05,75,5400,189.52
2020-09-18 12:51:00,185.00,185.00,185.00,185.00,225,5325,189.03
2020-09-18 13:01:00,186.95,186.95,186.95,186.95,75,5550,188.96
2020-09-18 13:04:00,187.55,187.55,187.55,187.55,75,5625,188.91
2020-09-18 13:07:00,187.95,187.95,187.95,187.95,75,5625,188.88
2020-09-18 13:32:00,187.05,187.05,187.05,187.05,75,5700,188.82
2020-09-18 13:40:00,183.50,183.50,183.50,183.50,150,5700,188.53
2020-09-18 13:44:00,180.45,180.45,180.45,180.45,75,5700,188.30
2020-09-18 13:45:00,177.00,177.00,177.00,177.00,150,5775,187.69
2020-09-18 13:46:00,174.85,174.85,174.85,174.85,75,5775,187.35
2020-09-18 13:52:00,176.95,176.95,176.95,176.95,75,5850,187.08
2020-09-18 14:06:00,175.95,175.95,175.95,175.95,75,5925,186.80
2020-09-18 14:15:00,179.45,179.45,179.45,179.45,75,5925,186.62
2020-09-18 14:19:00,182.95,182.95,182.95,182.95,75,6000,186.54
2020-09-18 14:20:00,189.45,189.45,189.45,189.45,75,6000,186.60
2020-09-18 14:21:00,199.00,200.50,199.00,200.50,450,6000,188.24
2020-09-18 14:22:00,202.45,203.50,202.45,203.50,225,6150,189.10
2020-09-18 14:23:00,210.45,210.45,207.00,207.00,300,6150,190.44
2020-09-18 14:24:00,209.50,209.50,209.50,209.50,75,6525,190.78
2020-09-18 14:25:00,212.95,212.95,212.95,212.95,75,6525,191.16
2020-09-18 14:26:00,225.45,225.45,224.95,224.95,150,6525,192.29
2020-09-18 14:27:00,222.55,222.55,216.45,216.45,225,6525,193.59
2020-09-18 14:28:00,213.60,213.60,213.60,213.60,75,6525,193.90
2020-09-18 14:29:00,208.75,208.75,208.75,208.75,75,6525,194.13
2020-09-18 14:32:00,219.95,219.95,219.95,219.95,75,6300,194.52
2020-09-18 14:33:00,221.45,221.45,221.45,221.45,75,6450,194.92
2020-09-18 14:35:00,226.45,229.45,226.45,229.45,150,6450,195.88
2020-09-18 14:36:00,235.50,235.50,235.50,235.50,300,6525,198.04
2020-09-18 14:37:00,230.05,230.05,228.00,228.00,600,6525,201.07
2020-09-18 14:38:00,222.45,222.45,222.45,222.45,75,6525,201.33
2020-09-18 14:41:00,224.05,224.05,224.05,224.05,75,6825,201.60
2020-09-18 14:43:00,226.95,226.95,226.95,226.95,75,6825,201.91
2020-09-18 14:44:00,225.00,225.00,225.00,225.00,450,6825,203.45
2020-09-18 14:45:00,222.00,222.00,222.00,222.00,150,6825,203.85
2020-09-18 14:46:00,220.50,220.50,220.50,220.50,150,6825,204.20
2020-09-18 14:47:00,215.00,215.00,215.00,215.00,75,6825,204.32
2020-09-18 14:55:00,210.00,210.00,210.00,210.00,75,6900,204.38
2020-09-18 15:02:00,215.55,215.55,215.55,215.55,75,6825,204.49
2020-09-18 15:10:00,201.55,201.55,201.55,201.55,75,6750,204.46
2020-09-18 15:11:00,201.05,201.05,201.00,201.00,525,6750,204.23
2020-09-18 15:21:00,206.00,206.00,206.00,206.00,75,6075,204.25
2020-09-18 15:28:00,205.35,205.35,205.35,205.35,75,6000,204.26
2020-09-21 09:16:00,216.00,216.00,216.00,216.00,225,6000,216.00
2020-09-21 09:17:00,216.00,216.00,215.95,216.00,450,6150,215.99
2020-09-21 09:21:00,213.60,213.60,213.60,213.60,150,6450,215.55
2020-09-21 09:28:00,206.05,206.05,206.05,206.05,75,6450,214.76
2020-09-21 09:29:00,205.05,205.05,205.00,205.00,150,6450,213.37
2020-09-21 09:30:00,205.00,205.00,205.00,205.00,75,6450,212.81
2020-09-21 09:31:00,204.95,204.95,204.95,204.95,75,6450,212.32
2020-09-21 09:33:00,204.45,204.45,204.45,204.45,75,6600,211.86
2020-09-21 09:37:00,204.00,204.00,203.45,204.00,150,6375,211.00
2020-09-21 09:38:00,204.95,205.95,204.95,205.95,150,6525,210.47
2020-09-21 09:42:00,206.80,206.80,206.80,206.80,75,6525,210.30
2020-09-21 09:44:00,208.85,208.85,208.85,208.85,75,6525,210.24
2020-09-21 09:45:00,211.00,211.00,211.00,211.00,75,6525,210.27
2020-09-21 09:48:00,208.60,208.60,208.60,208.60,300,6525,210.03
2020-09-21 09:56:00,212.50,212.50,212.50,212.50,150,6825,210.16
2020-09-21 09:57:00,211.45,211.45,211.45,211.45,75,6825,210.20
2020-09-21 10:00:00,210.85,214.00,210.85,214.00,450,7050,210.73
2020-09-21 10:07:00,208.50,208.50,208.50,208.50,150,7425,210.62
2020-09-21 10:09:00,210.95,210.95,210.95,210.95,75,7425,210.63
2020-09-21 10:10:00,214.40,214.40,214.40,214.40,75,7425,210.72
2020-09-21 10:15:00,215.45,215.45,215.45,215.45,75,7575,210.83
2020-09-21 10:17:00,216.15,216.15,216.15,216.15,150,7650,211.07
2020-09-21 10:19:00,213.20,213.20,213.20,213.20,75,7650,211.12
2020-09-21 10:21:00,211.00,211.00,211.00,211.00,150,7575,211.11
2020-09-21 10:25:00,201.05,201.05,200.45,200.45,150,7800,210.69
2020-09-21 10:27:00,201.95,201.95,201.95,201.95,75,7800,210.52
2020-09-21 10:30:00,200.05,201.95,200.05,201.95,150,7575,210.15
2020-09-21 10:32:00,202.55,202.55,202.55,202.55,75,7575,210.01
2020-09-21 10:33:00,202.55,202.55,202.55,202.55,75,7575,209.87
2020-09-21 10:34:00,202.25,202.25,202.25,202.25,75,7575,209.73
2020-09-21 10:49:00,201.55,201.55,201.55,201.55,75,7500,209.58
2020-09-21 10:50:00,201.05,201.05,201.05,201.05,75,7500,209.43
2020-09-21 10:54:00,206.05,206.05,204.55,204.55,150,7500,209.29
2020-09-21 10:59:00,205.95,205.95,205.95,205.95,75,7425,209.24
2020-09-21 11:00:00,207.90,207.90,207.90,207.90,75,7425,209.22
2020-09-21 11:01:00,208.95,208.95,208.95,208.95,150,7425,209.21
2020-09-21 11:02:00,209.45,209.45,209.45,209.45,75,7425,209.21
2020-09-21 11:03:00,211.90,211.90,210.05,210.05,225,7425,209.30
2020-09-21 11:04:00,213.55,214.35,213.55,214.35,150,7425,209.44
2020-09-21 11:05:00,213.05,213.05,213.05,213.05,75,7425,209.49
2020-09-21 11:06:00,212.05,212.05,212.05,212.05,75,7500,209.53
2020-09-21 11:10:00,210.05,210.05,210.05,210.05,75,7500,209.53
2020-09-21 11:11:00,209.55,209.55,209.55,209.55,75,7500,209.53
2020-09-21 11:14:00,211.45,211.45,211.45,211.45,75,7500,209.56
2020-09-21 11:31:00,206.55,206.55,206.55,206.55,75,7500,209.52
2020-09-21 11:33:00,208.95,208.95,208.95,208.95,75,7500,209.51
2020-09-21 11:37:00,210.55,210.55,210.55,210.55,75,7500,209.52
2020-09-21 11:41:00,205.05,205.05,205.05,205.05,75,7425,209.47
2020-09-21 11:46:00,207.45,207.45,207.45,207.45,75,7425,209.44
2020-09-21 11:55:00,209.55,209.55,209.55,209.55,75,7425,209.44
2020-09-21 11:56:00,209.55,209.55,209.55,209.55,75,7425,209.44
2020-09-21 11:58:00,209.05,209.05,209.05,209.05,75,7350,209.44
2020-09-21 12:05:00,210.95,210.95,210.95,210.95,75,7200,209.46
2020-09-21 12:12:00,207.45,207.45,207.45,207.45,75,7275,209.43
2020-09-21 12:24:00,205.00,205.00,205.00,205.00,75,7350,209.38
2020-09-21 12:31:00,206.45,206.45,206.45,206.45,75,7425,209.35
2020-09-21 12:32:00,208.45,208.45,208.45,208.45,75,7425,209.34
2020-09-21 12:33:00,208.95,208.95,208.95,208.95,75,7575,209.33
2020-09-21 12:35:00,209.95,209.95,209.95,209.95,150,7575,209.35
2020-09-21 12:38:00,210.85,217.45,210.85,217.45,450,7800,209.66
2020-09-21 12:40:00,222.50,222.50,222.45,222.45,300,7800,210.17
2020-09-21 12:41:00,220.40,220.40,220.40,220.40,375,7800,210.67
2020-09-21 12:42:00,219.50,219.50,219.50,219.50,75,7500,210.75
2020-09-21 12:43:00,221.50,221.50,221.50,221.50,375,7500,211.23
2020-09-21 12:44:00,221.90,223.55,221.90,223.10,375,7500,211.72
2020-09-21 12:45:00,225.30,225.35,225.30,225.35,150,7950,211.95
2020-09-21 12:46:00,224.90,224.90,224.90,224.90,150,7950,212.17
2020-09-21 12:52:00,222.35,222.35,222.35,222.35,75,8025,212.25
2020-09-21 12:56:00,222.00,222.00,222.00,222.00,150,8025,212.41
2020-09-21 13:03:00,223.70,223.70,223.70,223.70,150,8175,212.59
2020-09-21 13:05:00,232.10,232.10,232.00,232.00,450,8175,213.48
2020-09-21 13:06:00,232.50,232.50,232.25,232.25,150,8550,213.76
2020-09-21 13:09:00,229.45,229.45,229.45,229.45,75,8550,213.88
2020-09-21 13:11:00,225.00,225.00,222.85,222.85,525,8550,214.35
2020-09-21 13:15:00,233.25,233.25,233.25,233.25,75,8025,214.48
2020-09-21 13:20:00,233.25,233.25,233.25,233.25,75,8025,214.62
2020-09-21 13:22:00,235.05,235.05,235.00,235.00,150,8025,214.90
2020-09-21 13:24:00,235.95,235.95,235.95,235.95,75,8025,215.04
2020-09-21 13:25:00,235.00,235.00,235.00,235.00,75,8025,215.18
2020-09-21 13:28:00,233.00,233.00,233.00,233.00,75,8100,215.30
2020-09-21 13:30:00,236.90,236.90,236.90,236.90,75,8100,215.44
2020-09-21 13:37:00,237.95,238.80,237.95,238.25,225,8100,215.89
2020-09-21 13:39:00,240.70,242.65,240.70,242.65,450,8175,216.85
2020-09-21 13:40:00,244.70,244.70,244.70,244.70,75,8175,217.03
2020-09-21 13:42:00,243.55,243.70,243.55,243.70,150,8175,217.36
2020-09-21 13:45:00,246.00,246.00,246.00,246.00,150,8325,217.71
2020-09-21 13:46:00,246.45,251.05,246.45,251.05,225,8325,218.29
2020-09-21 13:48:00,253.90,254.50,253.90,254.45,900,8400,220.72
2020-09-21 13:49:00,252.45,252.45,249.95,249.95,375,8400,221.53
2020-09-21 13:50:00,245.75,245.75,245.55,245.55,225,8400,221.92
2020-09-21 13:53:00,250.55,250.55,250.55,250.55,75,8850,222.07
2020-09-21 13:54:00,250.95,250.95,250.95,250.95,75,8850,222.23
2020-09-21 13:55:00,246.80,246.80,246.80,246.80,75,8850,222.36
2020-09-21 13:57:00,246.55,248.85,246.55,248.85,150,8850,222.62
2020-09-21 13:58:00,254.05,254.05,252.05,252.05,225,8850,223.09
2020-09-21 13:59:00,250.00,250.00,250.00,250.00,75,8850,223.23
2020-09-21 14:00:00,251.10,255.30,251.10,255.30,150,8850,223.54
2020-09-21 14:02:00,256.50,259.50,256.50,259.50,750,8850,225.25
2020-09-21 14:03:00,261.00,261.00,261.00,261.00,75,9150,225.42
2020-09-21 14:04:00,259.20,259.45,259.20,259.45,150,9150,225.74
2020-09-21 14:06:00,263.35,263.35,263.35,263.35,75,9300,225.92
2020-09-21 14:07:00,262.80,265.25,262.80,264.30,225,9300,226.46
2020-09-21 14:08:00,268.00,269.45,268.00,269.45,150,9300,226.85
2020-09-21 14:09:00,273.45,273.45,273.25,273.25,975,9300,229.48
2020-09-21 14:10:00,273.95,279.45,273.95,279.45,750,9450,231.46
2020-09-21 14:11:00,277.90,278.35,275.40,275.40,300,9450,232.21
2020-09-21 14:12:00,282.90,290.90,282.90,290.90,1725,10200,237.01
2020-09-21 14:13:00,300.00,300.00,297.65,297.65,525,10200,238.62
2020-09-21 14:14:00,296.15,296.15,296.15,296.15,75,10200,238.83
2020-09-21 14:15:00,294.95,308.00,294.95,308.00,2100,9450,244.50
2020-09-21 14:16:00,310.00,324.35,310.00,324.35,1050,9450,247.50
2020-09-21 14:17:00,325.80,330.00,325.80,330.00,450,9450,248.97
2020-09-21 14:18:00,336.35,336.35,333.65,333.65,375,8775,250.28
2020-09-21 14:19:00,321.25,321.25,316.50,316.50,600,8775,251.95
2020-09-21 14:20:00,306.15,306.35,305.40,306.35,300,8775,252.59
2020-09-21 14:21:00,309.60,309.60,309.60,309.60,75,8775,252.76
2020-09-21 14:22:00,305.45,305.60,305.45,305.60,150,8475,253.07
2020-09-21 14:23:00,305.45,307.35,304.45,307.35,375,8475,253.82
2020-09-21 14:24:00,308.00,308.00,308.00,308.00,375,9000,254.59
2020-09-21 14:25:00,312.85,312.85,308.35,308.35,150,9000,254.91
2020-09-21 14:27:00,307.35,308.95,307.35,308.95,600,9000,256.09
2020-09-21 14:28:00,312.00,312.00,307.00,307.00,225,9825,256.54
2020-09-21 14:29:00,309.45,309.45,309.45,309.45,75,9825,256.68
2020-09-21 14:30:00,305.50,305.50,305.50,305.50,75,10650,256.81
2020-09-21 14:31:00,306.50,312.50,306.50,312.50,375,10650,257.52
2020-09-21 14:32:00,314.00,325.50,314.00,325.50,600,10650,258.84
2020-09-21 14:33:00,327.00,327.00,323.50,324.00,225,10350,259.36
2020-09-21 14:36:00,321.00,321.00,321.00,321.00,75,10350,259.52
2020-09-21 14:37:00,318.00,321.00,318.00,321.00,225,10350,259.98
2020-09-21 14:38:00,321.50,326.05,321.50,326.05,225,10350,260.47
2020-09-21 14:39:00,323.00,323.00,319.05,319.05,150,10275,260.78
2020-09-21 14:41:00,301.00,301.00,301.00,301.00,75,10275,260.89
2020-09-21 14:42:00,301.30,302.20,301.30,302.20,150,10275,261.09
2020-09-21 14:44:00,299.95,299.95,297.00,297.00,225,10275,261.37
2020-09-21 14:47:00,294.40,297.45,294.40,297.45,150,10200,261.54
2020-09-21 14:48:00,298.70,298.70,297.45,297.45,225,10200,261.82
2020-09-21 14:49:00,297.55,301.00,297.55,301.00,525,10200,262.46
2020-09-21 14:50:00,299.00,302.00,299.00,302.00,150,10200,262.65
2020-09-21 14:51:00,303.05,303.05,303.05,303.05,75,10650,262.74
2020-09-21 14:52:00,308.20,308.20,308.20,308.20,75,10650,262.85
2020-09-21 14:53:00,310.15,310.15,310.15,310.15,75,10650,262.97
2020-09-21 14:55:00,300.60,300.60,300.60,300.60,75,10575,263.06
2020-09-21 14:57:00,311.50,311.50,311.50,311.50,75,10575,263.17
2020-09-21 14:58:00,307.20,307.20,307.20,307.20,75,10575,263.28
2020-09-21 14:59:00,304.50,304.50,304.50,304.50,75,10575,263.38
2020-09-21 15:01:00,310.50,310.50,305.10,305.10,225,10650,263.70
2020-09-21 15:05:00,326.40,326.40,326.40,326.40,75,10800,263.85
2020-09-21 15:07:00,321.40,321.40,321.15,321.15,225,10800,264.25
2020-09-21 15:10:00,321.70,324.45,321.70,324.45,150,10800,264.52
2020-09-21 15:12:00,326.60,326.60,325.15,325.15,150,10800,264.81
2020-09-21 15:13:00,322.40,322.95,322.40,322.95,150,10800,265.08
2020-09-21 15:14:00,324.35,324.35,324.35,324.35,75,10800,265.21
2020-09-21 15:18:00,330.00,330.00,330.00,330.00,450,10800,266.10
2020-09-21 15:20:00,329.00,331.60,329.00,331.60,1275,10800,268.45
2020-09-21 15:22:00,335.95,335.95,335.95,335.95,375,10200,269.18
2020-09-21 15:23:00,336.15,336.15,336.15,336.15,75,10200,269.33
2020-09-21 15:24:00,328.00,328.00,328.00,328.00,75,10200,269.45
2020-09-21 15:26:00,336.15,338.75,336.15,338.75,525,10425,270.48
2020-09-21 15:27:00,340.80,340.80,333.65,333.65,450,10950,271.35
2020-09-21 15:28:00,338.00,338.00,338.00,338.00,75,10950,271.49
2020-09-21 15:29:01,465.75,465.75,465.75,465.75,75,10950,271.90
2020-09-22 09:36:00,371.00,371.00,371.00,371.00,150,0,371.00
2020-09-22 09:37:00,370.50,370.50,370.50,370.50,75,10875,370.83
2020-09-22 09:38:00,372.00,372.00,372.00,372.00,75,10875,371.12
2020-09-22 09:43:00,365.00,365.00,365.00,365.00,75,10875,369.90
2020-09-22 09:44:00,362.00,362.00,362.00,362.00,75,10875,368.58
2020-09-22 09:46:00,370.05,370.05,370.05,370.05,75,10875,368.79
2020-09-22 09:47:00,390.00,390.00,390.00,390.00,75,10800,371.44
2020-09-22 09:52:00,403.00,403.00,403.00,403.00,75,10800,374.95
2020-09-22 10:03:00,378.50,378.50,378.50,378.50,375,10800,376.21
2020-09-22 10:04:00,372.50,372.50,372.50,372.50,375,10800,375.23
2020-09-22 10:06:00,359.00,359.00,358.50,359.00,900,11550,368.82
2020-09-22 10:07:00,360.50,360.50,360.50,360.50,75,11550,368.56
2020-09-22 10:08:00,358.50,359.00,358.50,359.00,300,11625,367.47
2020-09-22 10:09:00,358.50,360.00,358.50,360.00,225,11625,366.82
2020-09-22 10:14:00,368.00,368.00,368.00,368.00,75,11700,366.85
2020-09-22 10:22:00,362.05,362.05,362.05,362.05,75,11700,366.73
2020-09-22 10:25:00,354.00,354.00,354.00,354.00,150,11625,366.14
2020-09-22 10:26:00,346.00,346.00,345.50,345.50,300,11625,364.40
2020-09-22 10:49:00,361.00,361.00,361.00,361.00,75,11625,364.33
2020-09-22 11:42:00,371.00,371.00,371.00,371.00,150,11550,364.60
2020-09-22 11:52:00,378.00,378.00,378.00,378.00,150,11700,365.11
2020-09-22 12:19:00,378.00,378.00,378.00,378.00,75,11550,365.36
2020-09-22 12:21:00,378.00,378.00,378.00,378.00,75,11550,365.59
2020-09-22 12:40:00,346.50,348.50,346.50,348.50,300,11475,364.34
2020-09-22 12:53:00,351.50,351.50,347.80,347.80,225,11475,363.65
2020-09-22 12:55:00,350.00,351.35,350.00,351.35,225,11475,363.03
2020-09-22 12:57:00,342.20,344.50,342.20,344.50,225,11475,362.17
2020-09-22 13:00:00,334.50,336.75,333.05,335.90,600,11475,359.31
2020-09-22 13:01:00,335.00,336.65,335.00,336.50,1050,11475,355.62
2020-09-22 13:06:00,352.05,352.50,352.05,352.50,225,11250,355.51
2020-09-22 13:30:00,341.30,341.30,340.65,340.65,300,9975,354.91
2020-09-22 13:32:00,331.00,332.30,331.00,332.30,300,9975,353.98
2020-09-22 13:33:00,332.00,332.00,332.00,332.00,225,9975,353.34
2020-09-22 13:34:00,334.75,334.75,334.75,334.75,150,10350,352.98
2020-09-22 13:35:00,329.60,329.60,329.60,329.60,75,10350,352.76
2020-09-22 13:46:00,315.05,315.05,315.05,315.05,150,10350,352.08
2020-09-22 13:50:00,327.95,327.95,327.95,327.95,75,10200,351.86
2020-09-22 13:56:00,353.00,353.00,353.00,353.00,75,10200,351.87
2020-09-22 13:58:00,364.95,364.95,364.95,364.95,150,10200,352.08
2020-09-22 14:15:00,371.00,371.00,371.00,371.00,375,10200,352.89
2020-09-22 14:17:00,378.00,378.50,378.00,378.50,450,10200,354.13
2020-09-22 14:18:00,376.00,379.50,376.00,379.50,900,11400,356.20
2020-09-22 14:24:00,368.00,368.00,368.00,368.00,150,11775,356.37
2020-09-22 14:25:00,361.35,362.20,359.75,362.20,1200,11775,356.86
2020-09-22 14:32:00,377.60,377.60,377.60,377.60,75,11850,356.99
2020-09-22 14:45:00,374.00,374.00,370.50,370.50,525,11925,357.62
2020-09-22 14:46:00,368.50,368.50,368.50,368.50,300,11925,357.88
2020-09-22 14:47:00,365.00,365.00,365.00,365.00,375,11925,358.09
2020-09-22 14:48:00,359.95,359.95,359.95,359.95,75,11925,358.10
2020-09-22 14:49:00,365.00,365.00,365.00,365.00,75,10650,358.14
2020-09-22 14:50:00,371.05,371.05,371.05,371.05,75,10650,358.22
2020-09-22 14:51:00,373.00,373.00,373.00,373.00,150,10650,358.39
2020-09-22 15:02:00,375.80,375.80,375.80,375.80,150,10575,358.58
2020-09-22 15:03:00,378.00,378.00,378.00,378.00,150,10575,358.80
2020-09-22 15:08:00,380.00,380.00,380.00,380.00,75,10425,358.92
2020-09-22 15:11:00,367.50,367.50,365.50,365.50,525,10350,359.22
2020-09-22 15:12:00,367.50,367.50,367.50,367.50,150,10350,359.31
2020-09-22 15:21:00,362.00,362.00,362.00,362.00,75,9675,359.33
2020-09-23 09:20:00,311.50,311.50,311.50,311.50,150,9600,311.50
2020-09-23 09:28:00,316.75,316.75,316.75,316.75,75,9450,313.25
2020-09-23 09:42:00,325.00,325.00,325.00,325.00,375,9525,320.59
2020-09-23 11:14:00,321.50,321.50,321.50,321.50,375,9900,320.94
2020-09-23 11:16:00,322.50,322.50,322.50,322.50,75,9525,321.05
2020-09-23 11:42:00,327.00,327.00,327.00,327.00,150,9525,321.79
2020-09-23 11:55:00,333.00,333.00,333.00,333.00,150,9375,323.04
2020-09-23 11:58:00,336.50,336.50,336.50,336.50,300,9375,325.48
2020-09-23 12:00:00,342.50,349.50,342.50,349.50,825,9375,332.08
2020-09-23 12:01:00,349.50,349.50,347.00,347.00,525,9375,335.00
2020-09-23 12:03:00,362.50,363.05,362.50,362.50,300,9600,337.52
2020-09-23 12:04:00,363.65,363.65,363.65,363.65,150,9600,338.66
2020-09-23 12:07:00,365.00,365.00,365.00,365.00,75,9525,339.22
2020-09-23 12:09:00,364.00,364.00,364.00,364.00,75,8475,339.73
2020-09-23 12:11:00,367.00,367.00,367.00,367.00,150,8475,340.83
2020-09-23 12:27:00,360.00,360.00,360.00,360.00,75,7950,341.20
2020-09-23 12:39:00,369.00,369.00,369.00,369.00,375,7950,343.68
2020-09-23 12:46:00,400.00,400.00,400.00,400.00,225,8250,346.55
2020-09-23 13:21:00,377.50,377.50,377.50,377.50,375,8025,348.96
2020-09-23 13:23:00,381.00,381.00,381.00,381.00,75,7650,349.46
2020-09-23 13:24:00,386.50,386.50,386.50,386.50,75,7575,350.02
2020-09-23 13:25:00,390.00,390.00,389.00,390.00,450,7575,353.32
2020-09-23 13:27:00,399.50,399.50,399.50,399.50,150,7575,354.57
2020-09-23 13:31:00,388.50,388.50,388.50,388.50,150,6975,355.46
2020-09-23 13:33:00,388.50,388.50,388.50,388.50,75,6750,355.89
2020-09-23 13:39:00,394.00,394.00,394.00,394.00,375,6750,358.21
2020-09-23 13:41:00,404.50,422.00,404.50,420.55,450,6750,362.28
2020-09-23 13:42:00,419.50,423.50,419.50,423.50,450,6600,366.03
2020-09-23 13:43:00,424.50,424.50,418.10,418.10,900,6600,372.44
2020-09-23 13:50:00,431.50,431.50,431.50,431.50,150,5625,373.53
2020-09-23 13:51:00,440.45,441.00,440.45,441.00,225,5625,375.35
2020-09-23 14:00:00,428.05,428.05,428.05,428.05,75,5325,375.82
2020-09-23 14:09:00,435.55,435.55,435.55,435.55,150,5025,376.87
2020-09-23 14:16:00,421.45,422.50,421.45,422.50,450,5100,379.13
2020-09-23 14:18:00,416.50,422.50,416.50,422.50,1350,5325,384.41
2020-09-23 14:24:00,427.00,427.00,427.00,427.00,75,5925,384.72
2020-09-23 14:25:00,416.00,416.00,412.10,412.10,450,5925,385.89
2020-09-23 14:27:00,395.95,395.95,389.50,390.00,450,5700,386.10
2020-09-23 14:28:00,396.50,396.50,396.50,396.50,75,5700,386.17
2020-09-23 14:29:00,397.50,397.50,397.50,397.50,225,5700,386.39
2020-09-23 15:09:00,365.95,365.95,363.50,363.50,450,5625,385.56
2020-09-23 15:10:00,358.00,358.00,358.00,358.00,150,6000,385.23
2020-09-23 15:11:00,355.65,355.65,355.65,355.65,75,6000,385.05
2020-09-23 15:12:00,361.45,361.45,361.45,361.45,75,6000,384.90
2020-09-23 15:21:00,362.60,362.60,362.60,362.60,75,6000,384.77
2020-09-23 15:22:00,361.50,362.00,361.50,362.00,300,6000,384.23
2020-09-23 15:28:00,375.20,375.20,375.20,375.20,75,6300,384.17
2020-09-24 09:20:00,480.50,480.50,480.50,480.50,75,6225,480.50
2020-09-24 09:28:00,482.00,482.00,482.00,482.00,75,6225,481.25
2020-09-24 09:53:00,462.50,462.50,462.50,462.50,75,6225,475.00
2020-09-24 10:00:00,477.00,482.00,477.00,482.00,150,6150,476.80
2020-09-24 10:15:00,482.50,482.50,482.50,482.50,150,6075,478.42
2020-09-24 10:22:00,486.50,486.50,486.50,486.50,75,6225,479.43
2020-09-24 10:24:00,496.50,497.00,496.50,497.00,150,6300,482.90
2020-09-24 10:29:00,502.50,502.50,501.05,501.05,150,6450,486.04
2020-09-24 10:33:00,510.00,510.00,510.00,510.00,75,6375,487.88
2020-09-24 10:34:00,513.00,513.00,506.15,506.15,150,6375,490.78
2020-09-24 10:35:00,500.40,500.40,500.40,500.40,75,6375,491.38
2020-09-24 10:52:00,505.10,505.10,505.10,505.10,75,6225,492.18
2020-09-24 13:05:00,536.75,536.75,536.75,536.75,75,6300,494.66
2020-09-24 15:01:00,580.00,580.00,580.00,580.00,75,6300,499.15
2020-09-24 15:02:00,590.00,590.00,590.00,590.00,75,6300,503.69
2020-09-24 15:03:00,595.00,595.00,595.00,595.00,75,6300,508.04
2020-09-24 15:04:00,600.00,600.00,600.00,600.00,900,6300,541.48
2020-09-24 15:16:00,592.40,592.40,592.40,592.40,75,5550,542.98
2020-09-25 09:18:00,530.05,535.25,525.30,535.25,750,5550,531.10
2020-09-25 11:03:00,537.00,537.05,537.00,537.00,225,5625,532.46
2020-09-25 11:24:00,516.00,516.00,516.00,516.00,75,5550,531.28
2020-09-25 11:27:00,500.00,500.00,500.00,500.00,75,5475,529.20
2020-09-25 12:08:00,500.00,500.00,500.00,500.00,75,5475,527.37
2020-09-25 12:10:00,486.00,486.00,486.00,486.00,75,5400,524.94
2020-09-25 12:39:00,477.65,477.65,477.65,477.65,75,5325,522.31
2020-09-25 12:59:00,465.50,465.50,465.50,465.50,75,5400,519.32
2020-09-25 13:00:00,466.00,466.00,466.00,466.00,150,5475,514.22
2020-09-25 13:08:00,468.00,468.00,468.00,468.00,75,5625,512.12
2020-09-25 13:52:00,480.00,480.00,480.00,480.00,75,5550,510.72
2020-09-25 13:57:00,467.40,467.40,467.40,467.40,75,5475,508.92
2020-09-25 14:15:00,432.50,438.50,432.50,438.50,300,5400,498.43
2020-09-25 14:16:00,436.00,436.00,436.00,436.00,150,5400,494.27
2020-09-25 14:24:00,438.00,438.00,438.00,438.00,75,5850,492.45
2020-09-25 14:26:00,431.00,431.00,431.00,431.00,150,5850,488.73
2020-09-25 14:27:00,432.50,432.50,432.50,432.50,75,5850,487.07
2020-09-25 14:31:00,434.00,434.00,434.00,434.00,75,6000,485.56
2020-09-25 14:34:00,439.00,441.00,439.00,441.00,300,6000,480.88
2020-09-25 14:40:00,413.35,413.35,413.35,413.35,75,6300,479.19
2020-09-28 09:17:00,382.55,382.55,382.55,382.55,75,6375,382.55
2020-09-28 09:18:00,382.55,382.60,382.55,382.55,150,6375,382.56
2020-09-28 09:19:00,385.95,385.95,379.55,379.55,150,6375,382.64
2020-09-28 09:31:00,357.50,357.50,357.00,357.00,825,6450,365.16
2020-09-28 09:33:00,352.00,352.00,352.00,352.00,150,7125,363.70
2020-09-28 09:34:00,349.55,349.55,349.55,349.55,75,7125,362.96
2020-09-28 09:35:00,349.50,350.50,349.45,350.50,450,7050,359.80
2020-09-28 09:45:00,342.00,342.00,342.00,342.00,75,7050,359.12
2020-09-28 09:46:00,343.50,343.50,343.50,343.50,75,7050,358.54
2020-09-28 09:47:00,349.00,349.00,349.00,349.00,225,7050,357.59
2020-09-28 09:54:00,348.50,348.50,348.50,348.50,75,6675,357.29
2020-09-28 09:58:00,346.00,346.00,346.00,346.00,75,6750,356.94
2020-09-28 09:59:00,346.00,346.00,343.05,343.05,300,6750,355.64
2020-09-28 10:03:00,338.55,338.55,338.55,338.55,75,7050,355.18
2020-09-28 10:07:00,337.00,337.00,337.00,337.00,300,7125,353.40
2020-09-28 10:13:00,341.50,341.50,341.50,341.50,75,6975,353.12
2020-09-28 10:38:00,329.45,329.45,329.45,329.45,75,6750,352.57
2020-09-28 10:41:00,332.50,332.50,332.50,332.50,75,6750,352.11
2020-09-28 10:50:00,319.00,319.00,319.00,319.00,75,6675,351.38
2020-09-28 10:53:00,312.00,312.00,312.00,312.00,150,6675,349.70
2020-09-28 10:54:00,318.40,318.40,318.40,318.40,75,6675,349.05
2020-09-28 10:55:00,320.00,320.00,320.00,320.00,75,6675,348.46
2020-09-28 10:57:00,318.50,319.00,318.50,319.00,150,6600,347.29
2020-09-28 11:14:00,315.50,315.50,315.50,315.50,450,6375,343.95
2020-09-28 11:25:00,311.55,311.55,311.55,311.55,75,6525,343.39
2020-09-28 11:39:00,311.00,311.00,311.00,311.00,150,6525,342.31
2020-09-28 11:42:00,314.50,314.50,314.50,314.50,150,6675,341.41
2020-09-28 11:46:00,320.00,320.00,320.00,320.00,150,6750,340.74
2020-09-28 11:50:00,317.00,317.00,317.00,317.00,75,6750,340.37
2020-09-28 12:00:00,312.50,312.50,312.50,312.50,150,6825,339.54
2020-09-28 12:15:00,304.50,304.50,304.50,304.50,75,6675,339.03
2020-09-28 12:16:00,311.00,311.00,311.00,311.00,75,6675,338.62
2020-09-28 12:32:00,311.00,311.00,311.00,311.00,75,6675,338.23
2020-09-28 12:46:00,323.50,323.50,323.50,323.50,75,6675,338.02
2020-09-28 12:56:00,310.00,310.00,310.00,310.00,75,6750,337.63
2020-09-28 12:57:00,308.00,308.00,300.50,300.50,300,6825,335.96
2020-09-28 13:37:00,307.00,307.00,307.00,307.00,75,6675,335.58
2020-09-28 13:54:00,299.00,299.00,299.00,299.00,75,6675,335.11
2020-09-28 13:55:00,299.00,299.00,297.00,297.00,450,6675,332.51
2020-09-28 13:58:00,297.00,297.00,297.00,297.00,75,6825,332.09
2020-09-28 13:59:00,298.00,298.00,298.00,298.00,75,6825,331.69
2020-09-28 14:02:00,291.00,291.00,291.00,291.00,75,6600,331.23
2020-09-28 14:14:00,298.05,298.05,298.05,298.05,75,6525,330.85
2020-09-28 14:27:00,301.05,301.05,301.05,301.05,150,6525,330.19
2020-09-28 14:28:00,299.00,299.00,299.00,299.00,225,6525,329.18
2020-09-28 14:29:00,295.00,295.00,295.00,295.00,75,6525,328.82
2020-09-28 14:33:00,290.00,290.00,290.00,290.00,75,6450,328.41
2020-09-28 14:39:00,293.00,293.00,293.00,293.00,75,6450,328.04
2020-09-28 14:49:00,300.00,300.00,300.00,300.00,75,6075,327.75
2020-09-28 14:57:00,305.00,305.00,305.00,305.00,75,0,327.52
2020-09-28 15:01:00,287.00,287.00,287.00,287.00,75,6075,327.11
2020-09-28 15:03:00,288.00,288.00,288.00,288.00,75,6075,326.72
2020-09-28 15:14:00,287.00,287.00,287.00,287.00,300,6150,325.19
2020-09-28 15:15:00,288.00,288.00,288.00,288.00,450,5850,323.16
2020-09-28 15:21:00,285.95,285.95,285.95,285.95,75,5925,322.83
2020-09-28 15:24:00,281.05,281.05,281.05,281.05,75,5925,322.45
2020-09-28 15:25:00,293.50,293.50,293.50,293.50,75,6000,322.20
2020-09-29 09:16:00,267.00,267.00,267.00,267.00,150,5775,267.00
2020-09-29 09:17:00,257.90,257.90,257.90,257.90,75,5925,263.96
2020-09-29 09:18:00,258.95,258.95,257.85,257.85,375,5925,260.28
2020-09-29 09:23:00,250.90,250.90,250.90,250.90,75,6225,259.23
2020-09-29 09:24:00,255.00,255.00,255.00,255.00,75,6225,258.81
2020-09-29 09:26:00,256.55,256.55,256.55,256.55,150,6225,258.43
2020-09-29 09:27:00,259.30,259.30,259.30,259.30,75,6225,258.50
2020-09-29 09:29:00,258.90,258.90,258.90,258.90,75,6300,258.53
2020-09-29 09:30:00,258.15,258.15,258.15,258.15,75,6300,258.50
2020-09-29 09:32:00,263.25,268.35,263.25,268.35,150,5625,259.36
2020-09-29 09:33:00,268.95,268.95,265.95,265.95,150,5625,260.21
2020-09-29 09:34:00,268.85,268.85,268.85,268.85,75,5625,260.64
2020-09-29 09:38:00,273.50,276.50,273.50,276.50,525,5550,264.55
2020-09-29 09:39:00,273.95,273.95,273.95,273.95,75,5550,264.88
2020-09-29 09:48:00,273.45,273.45,273.45,273.45,75,5550,265.18
2020-09-29 09:49:00,273.95,273.95,273.95,273.95,75,5550,265.47
2020-09-29 09:55:00,279.15,279.15,279.15,279.15,75,5550,265.91
2020-09-29 10:02:00,280.50,280.50,280.50,280.50,75,5475,266.37
2020-09-29 10:32:00,278.35,278.35,278.35,278.35,75,5475,266.73
2020-09-29 10:37:00,279.00,279.15,279.00,279.15,150,5550,267.44
2020-09-29 10:48:00,299.50,299.50,299.50,299.50,75,5625,268.33
2020-09-29 10:55:00,296.00,296.00,296.00,296.00,225,5550,270.46
2020-09-29 11:07:00,309.00,309.00,309.00,309.00,75,5700,271.42
2020-09-29 11:13:00,309.00,309.00,309.00,309.00,75,5550,272.34
2020-09-29 11:16:00,306.50,306.50,306.50,306.50,75,5625,273.15
2020-09-29 11:20:00,302.25,302.25,302.25,302.25,75,5625,273.83
2020-09-29 11:24:00,298.55,298.55,298.55,298.55,75,5625,274.39
2020-09-29 11:40:00,275.50,275.50,275.50,275.50,225,5625,274.46
2020-09-29 12:19:00,296.00,296.00,296.00,296.00,75,5550,274.91
2020-09-29 12:46:00,314.30,314.30,314.30,314.30,75,5550,275.71
2020-09-29 12:49:00,317.00,317.00,317.00,317.00,75,5475,276.54
2020-09-29 12:50:00,318.00,318.00,318.00,318.00,75,5475,277.35
2020-09-29 13:02:00,306.05,306.05,306.05,306.05,75,5400,277.90
2020-09-29 13:10:00,301.05,301.05,301.05,301.05,75,5400,278.34
2020-09-29 13:32:00,309.00,309.00,309.00,309.00,150,5325,279.45
2020-09-29 13:55:00,274.55,278.00,274.55,278.00,300,5175,279.29
2020-09-29 14:00:00,277.55,277.55,277.55,277.55,375,5250,279.16
2020-09-29 14:02:00,277.55,277.55,277.55,277.55,75,5250,279.13
2020-09-29 14:03:00,280.00,280.00,280.00,280.00,75,5250,279.15
2020-09-29 14:16:00,260.05,260.05,260.05,260.05,225,5175,278.32
2020-09-29 14:18:00,269.00,269.00,269.00,269.00,150,5175,278.05
2020-09-29 14:20:00,270.00,270.00,270.00,270.00,225,5175,277.73
2020-09-29 14:22:00,269.55,269.55,269.55,269.55,75,5100,277.62
2020-09-29 14:31:00,259.55,259.55,259.55,259.55,300,5175,276.70
2020-09-29 14:32:00,259.55,259.55,259.55,259.55,225,5175,276.07
2020-09-29 14:35:00,257.55,257.55,257.55,257.55,75,4875,275.85
2020-09-29 14:41:00,259.00,259.00,259.00,259.00,75,4950,275.65
2020-09-29 14:48:00,263.70,263.70,263.70,263.70,75,4950,275.51
2020-09-29 14:56:00,281.95,283.45,281.95,283.45,225,4875,275.76
2020-09-29 15:00:00,290.00,290.00,290.00,290.00,75,4800,275.92
2020-09-29 15:05:00,292.50,292.50,292.50,292.50,75,4725,276.11
2020-09-29 15:11:00,284.50,284.50,284.50,284.50,225,4725,276.38
2020-09-29 15:15:00,284.50,284.50,284.50,284.50,75,4500,276.46
2020-09-29 15:21:00,285.70,285.70,285.70,285.70,75,4425,276.56
2020-09-29 15:26:00,283.70,283.70,283.70,283.70,150,4350,276.71
2020-09-30 09:16:00,297.00,297.00,297.00,297.00,75,4350,297.00
2020-09-30 09:19:00,291.45,291.45,291.45,291.45,75,4350,294.22
2020-09-30 09:20:00,288.00,288.00,288.00,288.00,75,4425,292.15
2020-09-30 09:31:00,291.00,291.00,291.00,291.00,75,4500,291.86
2020-09-30 09:48:00,305.95,305.95,305.95,305.95,75,4425,294.68
2020-09-30 09:49:00,298.20,298.20,298.20,298.20,75,4425,295.26
2020-09-30 09:55:00,303.10,303.10,303.10,303.10,75,4500,296.38
2020-09-30 09:56:00,299.00,299.00,299.00,299.00,450,4575,297.59
2020-09-30 09:57:00,306.65,306.65,306.65,306.65,75,4575,298.24
2020-09-30 09:58:00,306.45,306.45,305.55,305.55,375,4575,300.32
2020-09-30 10:00:00,308.15,310.40,307.50,307.50,225,4650,301.46
2020-09-30 10:03:00,304.25,304.25,304.25,304.25,75,4875,301.58
2020-09-30 10:04:00,302.45,302.45,302.45,302.45,75,4875,301.62
2020-09-30 10:09:00,296.45,296.45,296.45,296.45,75,4875,301.41
2020-09-30 10:22:00,295.45,295.45,295.45,295.45,75,4950,301.18
2020-09-30 10:23:00,292.55,292.55,292.55,292.55,75,4950,300.86
2020-09-30 10:24:00,291.00,291.00,291.00,291.00,75,4950,300.51
2020-09-30 10:26:00,289.70,289.70,289.70,289.70,75,4950,300.13
2020-09-30 10:29:00,280.00,280.00,272.45,272.45,150,5025,298.59
2020-09-30 10:30:00,266.60,266.60,266.60,266.60,75,5025,297.59
2020-09-30 10:31:00,269.35,269.35,268.70,268.70,225,5025,295.15
2020-09-30 10:34:00,272.40,273.25,272.40,273.25,150,5250,293.95
2020-09-30 10:35:00,274.00,274.00,273.10,273.10,150,5400,292.90
2020-09-30 10:36:00,270.45,270.45,270.45,270.45,75,5400,292.34
2020-09-30 10:37:00,269.20,269.20,265.90,265.90,300,5400,290.09
2020-09-30 10:39:00,264.55,264.55,262.65,262.65,150,5475,288.94
2020-09-30 10:40:00,262.10,263.30,260.00,263.30,225,5475,287.28
2020-09-30 10:42:00,264.70,264.70,264.70,264.70,150,5400,286.40
2020-09-30 10:45:00,267.55,267.55,267.55,267.55,75,5325,286.04
2020-09-30 10:46:00,266.55,266.55,265.80,265.80,150,5325,285.30
2020-09-30 10:47:00,268.20,268.20,268.20,268.20,75,5325,284.99
2020-09-30 10:49:00,268.75,268.75,268.75,268.75,75,5550,284.70
2020-09-30 10:50:00,269.40,269.40,269.10,269.10,150,5550,284.17
2020-09-30 10:51:00,268.00,268.00,268.00,268.00,75,5475,283.89
2020-09-30 10:56:00,262.35,262.35,260.05,260.05,375,5550,282.10
2020-09-30 10:57:00,261.20,261.20,261.20,261.20,75,5700,281.78
2020-09-30 10:58:00,262.45,262.45,262.45,262.45,150,5700,281.20
2020-09-30 10:59:00,262.80,262.80,262.80,262.80,75,5850,280.93
2020-09-30 11:00:00,261.15,261.15,261.15,261.15,150,5850,280.37
2020-09-30 11:02:00,267.80,267.80,267.80,267.80,75,5850,280.19
2020-09-30 11:03:00,271.05,274.45,270.90,270.90,300,5850,279.75
2020-09-30 11:04:00,270.55,270.55,270.55,270.55,75,5850,279.63
2020-09-30 11:06:00,270.15,270.15,268.30,268.30,150,5850,279.36
2020-09-30 11:07:00,270.95,271.75,270.95,271.10,225,5850,279.06
2020-09-30 11:08:00,271.85,271.85,271.85,271.85,75,5850,278.97
2020-09-30 11:10:00,271.00,271.00,271.00,271.00,75,5775,278.88
2020-09-30 11:11:00,269.55,270.55,269.55,270.55,2475,5775,276.49
2020-09-30 11:12:00,268.50,268.50,268.50,268.50,75,5775,276.42
2020-09-30 11:13:00,271.00,271.00,269.45,269.45,225,5775,276.27
2020-09-30 11:14:00,271.45,271.45,271.45,271.45,150,5775,276.19
2020-09-30 11:17:00,270.00,270.05,269.55,270.05,225,8175,276.04
2020-09-30 11:18:00,272.25,272.25,272.25,272.25,75,8175,276.01
2020-09-30 11:19:00,276.65,277.60,276.65,277.60,225,8175,276.03
2020-09-30 11:21:00,279.70,279.70,279.70,279.70,225,8175,276.11
2020-09-30 11:24:00,278.85,278.85,278.85,278.85,75,8325,276.13
2020-09-30 11:27:00,283.85,287.30,283.85,287.30,150,8325,276.27
2020-09-30 11:28:00,290.65,294.60,290.65,294.60,150,8325,276.51
2020-09-30 11:29:00,294.05,294.05,294.05,294.05,75,8325,276.64
2020-09-30 11:30:00,299.05,299.05,299.05,299.05,150,8475,276.97
2020-09-30 11:31:00,294.10,294.10,294.10,294.10,300,8475,277.48
2020-09-30 11:32:00,292.95,292.95,292.95,292.95,300,8475,277.90
2020-09-30 11:33:00,293.30,293.30,293.30,293.30,150,8250,278.10
2020-09-30 11:34:00,298.35,299.80,298.35,299.80,150,8250,278.38
2020-09-30 11:35:00,299.45,299.45,298.90,298.90,375,8250,279.04
2020-09-30 11:36:00,295.50,295.50,294.00,294.00,150,8250,279.24
2020-09-30 11:37:00,297.00,297.00,297.00,297.00,75,8250,279.35
2020-09-30 11:38:00,298.00,298.00,298.00,298.00,75,8250,279.47
2020-09-30 11:41:00,297.85,297.85,295.80,295.80,150,8325,279.68
2020-09-30 11:42:00,293.15,293.15,293.15,293.15,75,8325,279.76
2020-09-30 11:43:00,297.25,297.25,297.25,297.25,75,8325,279.87
2020-09-30 11:45:00,299.20,299.20,299.20,299.20,75,8400,279.98
2020-09-30 11:47:00,302.50,302.50,302.50,302.50,75,8400,280.12
2020-09-30 11:48:00,297.30,297.30,297.30,297.30,75,8400,280.22
2020-09-30 11:49:00,293.20,293.20,293.00,293.00,150,8400,280.37
2020-09-30 11:50:00,293.05,293.05,293.05,293.05,75,8400,280.45
2020-09-30 11:55:00,297.05,297.05,297.05,297.05,150,8475,280.64
2020-09-30 11:56:00,297.05,297.05,297.05,297.05,75,8475,280.73
2020-09-30 12:00:00,285.25,285.25,285.25,285.25,150,8550,280.78
2020-09-30 12:01:00,284.05,284.05,284.05,284.05,75,8550,280.80
2020-09-30 12:08:00,282.00,282.00,282.00,282.00,75,8625,280.81
2020-09-30 12:14:00,280.85,280.85,280.85,280.85,75,8700,280.81
2020-09-30 12:15:00,285.00,285.00,285.00,285.00,75,8700,280.83
2020-09-30 12:20:00,289.50,289.50,289.50,289.50,75,8700,280.88
2020-09-30 12:21:00,288.00,288.00,286.00,286.00,150,8700,280.95
2020-09-30 12:32:00,272.40,273.90,272.40,273.90,150,8850,280.86
2020-09-30 12:34:00,268.80,268.80,266.10,268.45,225,8925,280.65
2020-09-30 12:35:00,268.45,269.90,268.45,269.90,150,8925,280.53
2020-09-30 12:43:00,274.50,274.50,274.50,274.50,75,9075,280.50
2020-09-30 12:46:00,274.60,274.60,274.60,274.60,75,9075,280.47
2020-09-30 12:47:00,274.50,274.50,274.50,274.50,75,9075,280.44
2020-09-30 12:49:00,266.00,266.00,266.00,266.00,75,9075,280.37
2020-09-30 12:50:00,268.30,268.30,268.30,268.30,75,9075,280.30
2020-09-30 12:54:00,262.60,262.60,262.60,262.60,75,9150,280.21
2020-09-30 12:58:00,271.15,271.15,271.15,271.15,75,9150,280.17
2020-09-30 13:04:00,263.50,263.50,263.50,263.50,150,9150,280.00
2020-09-30 13:06:00,263.50,263.50,263.50,263.50,75,9150,279.92
2020-09-30 13:11:00,271.00,271.00,271.00,271.00,75,9225,279.87
2020-09-30 13:12:00,271.15,271.15,271.15,271.15,75,9225,279.83
2020-09-30 13:13:00,270.00,270.00,270.00,270.00,75,9225,279.78
2020-09-30 13:16:00,273.10,273.10,273.10,273.10,150,9375,279.72
2020-09-30 13:17:00,272.35,272.35,272.35,272.35,75,9375,279.68
2020-09-30 13:19:00,267.85,267.85,267.85,267.85,150,9225,279.57
2020-09-30 13:21:00,268.65,268.65,268.65,268.65,75,9375,279.51
2020-09-30 13:22:00,269.90,269.90,269.90,269.90,75,9375,279.47
2020-09-30 13:26:00,267.00,268.00,267.00,268.00,150,9525,279.36
2020-09-30 13:27:00,276.00,278.50,276.00,278.50,225,9675,279.33
2020-09-30 13:28:00,278.70,278.70,278.70,278.70,75,9675,279.33
2020-09-30 13:33:00,271.90,271.90,271.90,271.90,150,9675,279.26
2020-09-30 13:34:00,268.50,268.50,268.50,268.50,75,9675,279.21
2020-09-30 13:40:00,269.95,270.75,269.95,270.75,150,9750,279.13
2020-09-30 13:42:00,271.50,271.50,269.90,269.90,150,9750,279.06
2020-09-30 13:43:00,269.90,269.90,268.55,268.60,225,9750,278.92
2020-09-30 13:44:00,269.70,269.70,269.70,269.70,75,9750,278.88
2020-09-30 13:45:00,268.55,268.55,268.55,268.55,75,9825,278.84
2020-09-30 13:46:00,269.00,269.55,269.00,269.55,225,9825,278.71
2020-09-30 13:47:00,272.90,273.65,272.90,273.65,150,9825,278.67
2020-09-30 13:48:00,269.45,269.45,266.40,266.40,150,9750,278.58
2020-09-30 13:49:00,266.95,266.95,266.95,266.95,150,9750,278.48
2020-09-30 13:51:00,264.95,265.35,264.95,265.35,150,9825,278.37
2020-09-30 13:52:00,260.90,262.00,260.00,262.00,675,9825,277.72
2020-09-30 13:54:00,263.35,263.35,263.35,263.35,75,9975,277.66
2020-09-30 13:55:00,262.00,263.80,262.00,263.80,150,9975,277.54
2020-09-30 13:57:00,266.25,266.25,266.25,266.25,75,9975,277.50
2020-09-30 13:58:00,269.30,269.30,268.55,268.55,150,10200,277.43
2020-09-30 13:59:00,267.20,267.20,267.20,267.20,150,10200,277.35
2020-09-30 14:00:00,262.95,262.95,262.95,262.95,75,10275,277.29
2020-09-30 14:01:00,268.80,269.25,268.75,268.75,300,10275,277.17
2020-09-30 14:02:00,270.85,270.85,270.85,270.85,75,10275,277.14
2020-09-30 14:04:00,266.70,267.80,266.70,267.80,150,10200,277.07
2020-09-30 14:05:00,265.45,267.20,264.65,267.20,300,10200,276.90
2020-09-30 14:06:00,268.45,268.45,268.45,268.45,75,10275,276.86
2020-09-30 14:08:00,266.40,266.40,261.25,261.25,525,10275,276.49
2020-09-30 14:09:00,262.50,262.50,256.10,256.10,450,10425,276.10
2020-09-30 14:11:00,261.35,261.35,261.35,261.35,75,10425,276.05
2020-09-30 14:15:00,253.65,254.75,253.65,254.75,150,10425,275.90
2020-09-30 14:16:00,255.10,257.50,255.10,257.50,150,10425,275.76
2020-09-30 14:19:00,258.15,258.15,258.00,258.00,375,10425,275.46
2020-09-30 14:20:00,260.75,263.35,260.75,263.35,600,10425,275.10
2020-09-30 14:23:00,261.30,261.30,261.30,261.30,75,10800,275.05
2020-09-30 14:25:00,264.40,264.40,264.40,264.40,75,10800,275.02
2020-09-30 14:26:00,261.85,261.85,261.00,261.00,225,10800,274.88
2020-09-30 14:27:00,260.95,260.95,260.95,260.95,75,10800,274.84
2020-09-30 14:31:00,258.15,258.15,258.15,258.15,150,10950,274.73
2020-09-30 14:32:00,257.60,257.60,252.00,252.25,300,10950,274.46
2020-09-30 14:39:00,259.10,259.10,259.10,259.10,75,10950,274.41
2020-09-30 14:41:00,264.00,267.45,264.00,267.45,150,10950,274.36
2020-09-30 14:42:00,266.65,269.35,266.65,269.35,225,10875,274.30
2020-09-30 14:44:00,266.90,266.90,266.90,266.90,150,10875,274.26
2020-09-30 14:48:00,262.15,262.15,262.15,262.15,75,11025,274.22
2020-09-30 14:52:00,268.60,268.60,268.60,268.60,75,11025,274.20
2020-09-30 14:53:00,266.30,266.30,266.30,266.30,300,11025,274.11
2020-09-30 14:54:00,269.00,269.00,269.00,269.00,75,11100,274.09
2020-09-30 15:09:00,263.15,263.15,263.00,263.00,300,10875,273.96
2020-09-30 15:14:00,269.45,269.50,269.45,269.50,300,10725,273.91
2020-09-30 15:15:00,270.00,270.00,270.00,270.00,75,10725,273.89
2020-09-30 15:19:00,264.65,264.65,264.65,264.65,75,10800,273.87
2020-09-30 15:20:00,267.15,267.15,267.00,267.00,150,10800,273.83
2020-09-30 15:22:00,267.00,268.00,267.00,268.00,150,10725,273.79
2020-09-30 15:26:00,276.85,276.85,276.85,276.85,75,10575,273.80
2020-09-30 15:28:00,278.80,278.80,278.80,278.80,75,10500,273.81
2020-01-10 09:15:00,206.35,218.35,205.30,208.00,1500,10425,209.55
2020-01-10 09:16:00,208.00,210.45,208.00,210.45,2475,10425,209.41
2020-01-10 09:17:00,210.45,210.45,205.00,205.35,3750,13275,207.80
2020-01-10 09:18:00,205.35,205.35,201.60,202.05,2025,13275,206.91
2020-01-10 09:19:00,202.05,205.05,202.05,202.60,8100,13275,205.69
2020-01-10 09:20:00,201.50,202.15,200.50,201.75,2100,24225,205.24
2020-01-10 09:21:00,204.40,204.70,202.10,202.10,1350,24225,205.14
2020-01-10 09:22:00,203.35,203.35,201.25,201.40,2025,24225,204.87
2020-01-10 09:23:00,202.45,202.45,201.60,202.00,1275,26100,204.72
2020-01-10 09:24:00,201.65,201.65,199.00,199.75,2100,26100,204.34
2020-01-10 09:25:00,199.75,200.00,198.70,199.00,2175,26100,203.99
2020-01-10 09:26:00,199.10,199.55,199.00,199.00,375,25875,203.93
2020-01-10 09:27:00,199.70,200.75,199.05,200.70,675,25875,203.84
2020-01-10 09:28:00,200.90,200.90,199.55,199.55,450,25875,203.79
2020-01-10 09:29:00,199.35,201.20,198.65,198.75,825,25725,203.67
2020-01-10 09:30:00,199.30,200.35,198.15,198.15,825,25725,203.54
2020-01-10 09:31:00,199.85,199.85,199.00,199.00,225,25725,203.51
2020-01-10 09:32:00,200.25,201.45,199.75,201.45,525,26175,203.47
2020-01-10 09:33:00,202.55,202.55,200.45,202.40,750,26175,203.42
2020-01-10 09:34:00,201.85,201.85,199.70,200.30,1725,26175,203.27
2020-01-10 09:35:00,202.55,202.55,200.80,200.85,675,27300,203.24
2020-01-10 09:36:00,200.85,202.20,200.85,201.35,525,27300,203.21
2020-01-10 09:37:00,201.50,201.50,201.00,201.00,4050,27300,202.99
2020-01-10 09:38:00,200.90,203.40,200.90,202.70,1950,31500,202.96
2020-01-10 09:39:00,202.70,202.70,202.35,202.35,225,31500,202.96
2020-01-10 09:40:00,203.00,203.00,203.00,203.00,75,31500,202.96
2020-01-10 09:41:00,203.10,204.10,203.05,203.05,675,32100,202.97
2020-01-10 09:42:00,202.85,203.30,202.85,202.85,300,32100,202.97
2020-01-10 09:43:00,203.40,203.40,200.00,200.00,375,32100,202.95
2020-01-10 09:44:00,201.00,201.70,200.35,200.35,450,32700,202.94
2020-01-10 09:45:00,200.70,200.70,200.25,200.25,525,32700,202.91
2020-01-10 09:46:00,200.00,200.00,200.00,200.00,975,32700,202.84
2020-01-10 09:47:00,200.00,200.80,200.00,200.00,300,33825,202.83
2020-01-10 09:49:00,201.65,201.75,200.00,200.00,375,33825,202.81
2020-01-10 09:50:00,200.25,200.30,199.00,199.40,1125,34425,202.73
2020-01-10 09:51:00,199.00,199.95,199.00,199.95,450,34425,202.70
2020-01-10 09:52:00,200.25,200.25,199.05,199.05,375,34425,202.68
2020-01-10 09:53:00,199.55,200.00,199.40,199.40,675,35775,202.64
2020-01-10 09:54:00,200.40,200.40,199.70,199.70,600,35775,202.61
2020-01-10 09:55:00,199.60,199.60,199.60,199.60,600,35775,202.58
2020-01-10 09:56:00,200.00,200.00,198.15,198.35,825,36450,202.52
2020-01-10 09:57:00,198.30,199.50,198.30,199.45,450,36450,202.49
2020-01-10 09:58:00,200.85,201.70,200.10,200.10,675,36450,202.47
2020-01-10 09:59:00,200.10,201.00,200.10,200.80,1275,37125,202.42
2020-01-10 10:00:00,199.10,199.10,191.90,192.50,1275,37125,202.25
2020-01-10 10:01:00,190.05,192.25,190.05,192.25,750,37125,202.10
2020-01-10 10:02:00,191.05,191.15,189.00,190.65,1275,38175,201.83
2020-01-10 10:03:00,190.40,190.40,189.00,189.00,375,38175,201.76
2020-01-10 10:04:00,188.00,189.00,185.00,189.00,2775,38175,201.11
2020-01-10 10:05:00,188.35,190.00,188.35,189.80,375,38175,201.03
2020-01-10 10:06:00,190.50,190.75,190.45,190.75,225,39300,201.00
2020-01-10 10:07:00,189.80,189.80,189.80,189.80,75,39300,200.98
2020-01-10 10:08:00,189.40,189.95,189.40,189.85,375,39150,200.91
2020-01-10 10:09:00,189.80,190.00,189.15,189.15,225,39150,200.87
2020-01-10 10:10:00,190.05,190.80,190.00,190.00,450,39150,200.79
2020-01-10 10:11:00,190.00,190.00,190.00,190.00,75,39150,200.78
2020-01-10 10:12:00,190.00,190.00,189.10,189.10,375,39300,200.71
2020-01-10 10:13:00,190.45,192.00,190.05,192.00,975,39300,200.57
2020-01-10 10:14:00,191.35,191.35,190.05,190.05,525,38775,200.49
2020-01-10 10:15:00,190.05,190.05,189.55,189.55,525,38775,200.40
2020-01-10 10:16:00,190.20,190.40,190.20,190.40,150,38775,200.38
2020-01-10 10:17:00,190.80,190.95,190.80,190.95,150,38775,200.36
2020-01-10 10:18:00,189.95,190.85,189.95,190.85,300,38775,200.31
2020-01-10 10:20:00,192.55,192.55,191.90,191.90,225,38925,200.28
2020-01-10 10:21:00,191.20,192.80,191.20,192.80,225,38925,200.25
2020-01-10 10:22:00,191.30,193.00,191.30,193.00,375,38925,200.21
2020-01-10 10:23:00,192.40,192.40,192.40,192.40,150,38925,200.19
2020-01-10 10:25:00,192.00,192.00,190.20,190.20,600,38925,200.11
2020-01-10 10:26:00,190.00,190.00,188.00,188.00,675,38925,200.00
2020-01-10 10:27:00,188.80,189.00,188.80,189.00,150,39450,199.98
2020-01-10 10:28:00,189.35,189.35,189.35,189.35,75,39450,199.96
2020-01-10 10:29:00,190.55,190.55,190.55,190.55,75,39450,199.95
2020-01-10 10:30:00,190.00,190.65,190.00,190.65,825,39225,199.83
2020-01-10 10:31:00,190.70,190.70,190.70,190.70,75,39225,199.82
2020-01-10 10:32:00,191.60,191.60,191.60,191.60,150,39225,199.81
2020-01-10 10:34:00,191.70,192.00,191.70,192.00,450,39600,199.75
2020-01-10 10:35:00,192.40,192.40,192.00,192.00,225,39825,199.73
2020-01-10 10:36:00,191.40,191.45,191.40,191.45,300,39825,199.69
2020-01-10 10:37:00,190.25,190.25,190.25,190.25,75,39825,199.68
2020-01-10 10:38:00,190.35,190.35,190.35,190.35,75,39825,199.67
2020-01-10 10:39:00,190.60,190.70,189.75,189.75,300,39975,199.63
2020-01-10 10:40:00,189.10,189.10,189.10,189.10,75,39975,199.62
2020-01-10 10:41:00,185.25,185.25,185.25,185.25,1575,40050,199.35
2020-01-10 10:42:00,183.95,184.85,183.55,184.85,375,40050,199.27
2020-01-10 10:43:00,186.65,186.80,186.65,186.80,750,40050,199.14
2020-01-10 10:44:00,185.55,186.00,185.55,185.65,375,41700,199.07
2020-01-10 10:45:00,185.75,186.00,185.75,186.00,225,41700,199.03
2020-01-10 10:46:00,185.65,186.00,185.55,185.55,375,41700,198.97
2020-01-10 10:47:00,185.50,185.50,184.85,184.85,1200,42375,198.74
2020-01-10 10:48:00,185.05,185.05,184.00,184.00,600,42375,198.62
2020-01-10 10:49:00,184.40,184.65,184.40,184.65,375,42375,198.55
2020-01-10 10:50:00,185.20,185.45,185.20,185.45,450,42375,198.47
2020-01-10 10:51:00,186.65,187.95,186.65,187.95,300,41700,198.43
2020-01-10 10:53:00,187.90,187.90,187.65,187.65,225,41700,198.40
2020-01-10 10:54:00,187.65,187.65,187.65,187.65,150,40725,198.38
2020-01-10 10:55:00,185.80,185.80,185.80,185.80,75,40725,198.36
2020-01-10 10:56:00,186.90,188.00,186.90,188.00,150,40725,198.34
2020-01-10 10:57:00,187.15,189.20,187.15,189.20,450,40650,198.29
2020-01-10 10:58:00,188.80,188.80,186.50,186.50,225,40650,198.26
2020-01-10 11:00:00,186.90,186.90,186.90,186.90,75,40875,198.24
2020-01-10 11:01:00,187.40,187.40,186.45,186.45,450,40875,198.18
2020-01-10 11:02:00,186.00,186.00,186.00,186.00,75,40875,198.17
2020-01-10 11:03:00,186.00,186.00,186.00,186.00,150,40875,198.14
2020-01-10 11:07:00,186.00,186.00,186.00,186.00,75,40800,198.13
2020-01-10 11:08:00,185.40,185.40,185.40,185.40,75,40800,198.12
2020-01-10 11:10:00,187.80,187.80,187.60,187.60,150,40875,198.10
2020-01-10 11:11:00,188.35,188.35,187.60,187.60,150,40800,198.08
2020-01-10 11:12:00,187.70,187.70,187.70,187.70,75,40800,198.07
2020-01-10 11:13:00,187.45,187.45,187.45,187.45,75,40800,198.06
2020-01-10 11:14:00,186.80,186.80,186.80,186.80,75,40800,198.05
2020-01-10 11:15:00,186.95,188.60,186.95,188.60,150,41100,198.03
2020-01-10 11:16:00,186.95,186.95,186.95,186.95,75,41100,198.02
2020-01-10 11:17:00,185.00,185.00,185.00,185.00,75,41100,198.01
2020-01-10 11:18:00,185.35,185.35,184.10,184.10,750,41325,197.88
2020-01-10 11:19:00,185.10,185.10,185.10,185.10,75,41325,197.87
2020-01-10 11:20:00,186.00,186.00,186.00,186.00,75,41325,197.86
2020-01-10 11:21:00,185.80,185.80,185.80,185.80,75,40575,197.85
2020-01-10 11:23:00,184.00,184.00,184.00,184.00,75,40575,197.83
2020-01-10 11:24:00,185.45,185.45,184.65,185.20,750,40575,197.72
2020-01-10 11:25:00,184.50,184.50,184.50,184.50,75,0,197.71
2020-01-10 11:26:00,186.30,186.30,186.30,186.30,75,40575,197.70
2020-01-10 11:27:00,186.25,186.25,186.20,186.20,150,41100,197.68
2020-01-10 11:30:00,181.60,182.50,179.05,179.05,3600,41175,197.01
2020-01-10 11:31:00,180.05,180.05,180.00,180.00,225,41175,196.97
2020-01-10 11:32:00,180.00,180.70,179.95,180.15,825,42525,196.80
2020-01-10 11:33:00,180.50,181.40,180.50,181.40,225,42525,196.76
2020-01-10 11:34:00,181.40,181.85,181.40,181.80,1725,42525,196.47
2020-01-10 11:35:00,182.55,182.55,181.35,181.35,675,42225,196.36
2020-01-10 11:36:00,182.40,182.80,182.40,182.80,1275,42225,196.16
2020-01-10 11:37:00,182.75,182.75,182.00,182.00,300,42225,196.12
2020-01-10 11:38:00,180.80,180.80,180.80,180.80,300,42000,196.07
2020-01-10 11:39:00,181.45,181.95,178.60,179.65,2100,42000,195.71
2020-01-10 11:40:00,179.65,180.00,179.10,180.00,1800,42000,195.40
2020-01-10 11:41:00,179.55,180.00,179.50,179.60,975,43800,195.24
2020-01-10 11:42:00,178.60,178.60,177.40,178.60,300,43800,195.19
2020-01-10 11:43:00,179.20,179.20,179.20,179.20,2175,43800,194.85
2020-01-10 11:44:00,179.75,180.30,179.40,180.30,300,43800,194.80
2020-01-10 11:45:00,180.00,181.40,180.00,181.40,300,43875,194.76
2020-01-10 11:46:00,180.65,180.65,180.65,180.65,75,43875,194.75
2020-01-10 11:47:00,180.40,180.55,180.40,180.55,150,43875,194.73
2020-01-10 11:48:00,181.00,181.55,181.00,181.45,750,43950,194.62
2020-01-10 11:49:00,181.15,181.15,180.00,180.00,975,43950,194.49
2020-01-10 11:50:00,179.75,179.75,179.00,179.00,150,44250,194.47
2020-01-10 11:51:00,179.15,179.75,179.15,179.75,150,44250,194.44
2020-01-10 11:52:00,179.75,179.75,179.75,179.75,150,44250,194.42
2020-01-10 11:53:00,180.20,180.20,180.20,180.20,150,44250,194.40
2020-01-10 11:54:00,181.80,181.80,181.80,181.80,75,44475,194.39
2020-01-10 11:55:00,183.00,183.40,182.35,182.35,1500,44475,194.22
2020-01-10 11:56:00,182.40,182.45,182.40,182.45,375,44475,194.18
2020-01-10 11:57:00,182.30,182.30,181.60,181.90,525,43575,194.12
2020-01-10 11:59:00,181.70,181.70,181.70,181.70,75,43575,194.11
2020-01-10 12:00:00,180.85,180.85,180.85,180.85,225,43575,194.08
2020-01-10 12:01:00,183.00,184.10,182.10,182.10,225,43575,194.06
2020-01-10 12:02:00,182.10,182.75,182.10,182.75,150,43575,194.04
2020-01-10 12:03:00,182.00,182.00,181.50,181.50,750,43425,193.95
2020-01-10 12:04:00,181.95,181.95,181.85,181.85,300,43425,193.92
2020-01-10 12:07:00,181.70,181.70,181.00,181.00,150,42825,193.90
2020-01-10 12:08:00,180.30,180.30,180.30,180.30,150,42825,193.88
2020-01-10 12:09:00,180.60,180.60,179.05,180.45,375,42750,193.83
2020-01-10 12:10:00,179.90,179.90,179.90,179.90,75,42750,193.82
2020-01-10 12:11:00,180.45,180.45,180.45,180.45,75,42750,193.81
2020-01-10 12:12:00,179.60,179.60,179.60,179.60,150,42675,193.79
2020-01-10 12:13:00,180.45,180.45,180.45,180.45,150,42675,193.77
2020-01-10 12:14:00,181.70,182.95,181.70,182.95,225,42975,193.75
2020-01-10 12:15:00,183.00,183.00,182.90,182.90,375,42975,193.71
2020-01-10 12:16:00,183.40,183.40,183.40,183.40,300,42975,193.68
2020-01-10 12:17:00,183.50,183.50,183.50,183.50,75,42975,193.68
2020-01-10 12:18:00,183.10,183.10,183.10,183.10,150,42900,193.66
2020-01-10 12:20:00,183.10,183.10,183.10,183.10,150,42750,193.65
2020-01-10 12:22:00,183.10,184.95,183.10,184.95,675,42750,193.59
2020-01-10 12:23:00,185.55,185.55,185.00,185.00,375,42750,193.56
2020-01-10 12:24:00,185.00,185.00,185.00,185.00,75,42675,193.56
2020-01-10 12:27:00,183.15,183.15,183.15,183.15,900,42600,193.47
2020-01-10 12:28:00,182.45,182.45,181.10,181.10,525,42600,193.42
2020-01-10 12:29:00,183.00,184.30,183.00,184.30,1575,42600,193.28
2020-01-10 12:30:00,185.50,187.80,185.50,187.80,2550,42825,193.12
2020-01-10 12:31:00,188.35,188.35,186.35,186.35,225,42825,193.11
2020-01-10 12:32:00,187.75,188.00,185.65,185.65,600,42825,193.07
2020-01-10 12:33:00,186.05,186.35,186.05,186.35,150,40725,193.06
2020-01-10 12:34:00,185.55,185.55,185.55,185.55,75,40725,193.06
2020-01-10 12:35:00,183.70,183.70,182.90,182.90,225,40725,193.04
2020-01-10 12:36:00,183.25,183.25,183.25,183.25,150,41100,193.03
2020-01-10 12:37:00,183.55,183.55,183.55,183.55,75,41100,193.02
2020-01-10 12:38:00,183.05,183.05,179.00,179.00,1650,41100,192.85
2020-01-10 12:39:00,179.15,180.20,178.55,179.40,1125,41400,192.72
2020-01-10 12:41:00,179.40,179.70,179.00,179.00,975,41400,192.61
2020-01-10 12:42:00,180.00,180.00,180.00,180.00,225,41400,192.58
2020-01-10 12:43:00,181.25,181.25,181.25,181.25,75,41400,192.58
2020-01-10 12:44:00,181.00,181.10,181.00,181.10,225,41400,192.56
2020-01-10 12:46:00,181.65,181.65,181.65,181.65,75,41250,192.55
2020-01-10 12:48:00,179.00,179.00,179.00,179.00,75,41175,192.54
2020-01-10 12:49:00,178.00,178.70,178.00,178.70,1200,41175,192.40
2020-01-10 12:50:00,178.20,178.20,178.20,178.20,375,41175,192.35
2020-01-10 12:51:00,178.90,178.90,178.90,178.90,75,42600,192.35
2020-01-10 12:56:00,179.25,179.25,179.25,179.25,75,42675,192.34
2020-01-10 12:57:00,180.00,180.00,180.00,180.00,375,42675,192.30
2020-01-10 12:59:00,181.35,181.35,181.30,181.30,150,42675,192.29
2020-01-10 13:00:00,181.65,183.55,181.65,183.55,150,42300,192.27
2020-01-10 13:01:00,183.55,184.30,183.55,183.85,600,42300,192.23
2020-01-10 13:02:00,183.20,183.20,181.30,182.10,675,42300,192.18
2020-01-10 13:03:00,182.60,182.60,182.60,182.60,75,42300,192.17
2020-01-10 13:05:00,182.65,183.90,182.65,183.85,300,42525,192.15
2020-01-10 13:06:00,184.95,184.95,184.00,184.00,150,42450,192.14
2020-01-10 13:07:00,182.00,182.00,182.00,182.00,75,42450,192.14
2020-01-10 13:09:00,181.05,181.05,181.05,181.05,600,42675,192.08
2020-01-10 13:10:00,181.05,181.05,181.05,181.05,225,42675,192.06
2020-01-10 13:11:00,181.00,181.30,181.00,181.30,150,42675,192.05
2020-01-10 13:13:00,182.40,182.40,182.40,182.40,300,42825,192.03
2020-01-10 13:14:00,183.00,183.00,183.00,183.00,75,42825,192.02
2020-01-10 13:16:00,182.90,182.90,182.90,182.90,75,43200,192.02
2020-01-10 13:17:00,183.15,183.65,183.15,183.65,225,43200,192.00
2020-01-10 13:19:00,183.65,183.90,183.00,183.90,225,42750,191.99
2020-01-10 13:20:00,185.00,187.20,184.45,184.45,1350,42750,191.92
2020-01-10 13:21:00,184.30,184.30,182.75,183.10,300,42750,191.90
2020-01-10 13:22:00,183.95,183.95,183.30,183.30,150,42750,191.89
2020-01-10 13:23:00,182.85,182.85,182.85,182.85,75,42750,191.88
2020-01-10 13:24:00,184.75,184.75,184.75,184.75,600,42750,191.85
2020-01-10 13:26:00,184.40,187.05,184.40,185.45,450,43125,191.83
2020-01-10 13:27:00,185.20,185.20,184.65,184.65,150,43200,191.82
2020-01-10 13:28:00,184.80,184.80,184.00,184.00,150,43200,191.81
2020-01-10 13:29:00,180.95,182.00,180.50,182.00,4725,43200,191.46
2020-01-10 13:31:00,182.30,182.30,182.30,182.30,75,39600,191.46
2020-01-10 13:32:00,183.00,183.00,183.00,183.00,75,39600,191.45
2020-01-10 13:33:00,183.10,183.10,183.10,183.10,75,39525,191.45
2020-01-10 13:34:00,183.10,183.10,181.00,181.00,375,39525,191.42
2020-01-10 13:35:00,179.00,179.20,178.30,179.05,375,39525,191.39
2020-01-10 13:37:00,178.85,179.05,178.85,179.05,225,39525,191.37
2020-01-10 13:38:00,178.00,178.00,176.95,177.95,525,39525,191.31
2020-01-10 13:39:00,177.35,177.80,177.35,177.80,225,39300,191.29
2020-01-10 13:41:00,177.80,177.80,177.80,177.80,150,39300,191.28
2020-01-10 13:42:00,178.25,178.25,177.75,178.20,225,39075,191.25
2020-01-10 13:44:00,177.40,177.40,177.40,177.40,75,39075,191.25
2020-01-10 13:45:00,177.50,178.20,177.50,178.20,150,39225,191.23
2020-01-10 13:46:00,178.20,178.35,176.60,176.60,600,39225,191.17
2020-01-10 13:49:00,178.95,178.95,178.95,178.95,75,39225,191.16
2020-01-10 13:50:00,178.15,178.15,178.15,178.15,75,39225,191.16
2020-01-10 13:51:00,181.15,181.15,181.15,181.15,75,39225,191.15
2020-01-10 13:52:00,178.00,178.00,178.00,178.00,225,39225,191.13
2020-01-10 13:53:00,179.75,179.75,179.75,179.75,75,39225,191.12
2020-01-10 13:54:00,180.10,180.70,180.10,180.70,150,39375,191.11
2020-01-10 13:55:00,182.00,182.60,182.00,182.45,750,39375,191.06
2020-01-10 13:56:00,181.50,182.60,181.50,182.60,225,39375,191.05
2020-01-10 13:57:00,181.80,181.80,181.25,181.25,150,39375,191.04
2020-01-10 13:58:00,179.90,181.55,179.90,181.55,150,39750,191.03
2020-01-10 14:00:00,177.50,177.50,176.25,177.50,600,39675,190.97
2020-01-10 14:01:00,178.60,178.60,178.60,178.60,150,39675,190.96
2020-01-10 14:02:00,177.80,178.05,177.00,178.05,450,39675,190.91
2020-01-10 14:03:00,178.05,178.05,178.05,178.05,75,39825,190.91
2020-01-10 14:04:00,177.65,177.65,177.65,177.65,150,39825,190.89
2020-01-10 14:05:00,179.25,179.70,179.25,179.70,375,39825,190.86
2020-01-10 14:08:00,180.00,180.00,180.00,180.00,75,40050,190.86
2020-01-10 14:10:00,181.25,181.25,181.25,181.25,75,40050,190.85
2020-01-10 14:11:00,179.55,179.55,179.55,179.55,75,40050,190.84
2020-01-10 14:12:00,179.80,179.80,177.50,177.50,1500,40050,190.72
2020-01-10 14:13:00,177.00,177.90,177.00,177.90,525,40050,190.67
2020-01-10 14:14:00,178.80,178.80,176.00,176.00,1125,40050,190.56
2020-01-10 14:15:00,176.40,176.40,173.60,173.75,1800,40875,190.37
2020-01-10 14:16:00,173.75,173.75,171.00,171.55,825,40875,190.27
2020-01-10 14:17:00,172.65,172.65,172.65,172.65,75,40875,190.26
2020-01-10 14:18:00,171.55,171.55,169.65,169.65,1575,42150,190.06
2020-01-10 14:19:00,170.15,170.70,169.95,170.05,6450,42150,189.23
2020-01-10 14:20:00,172.00,172.50,172.00,172.50,900,42150,189.13
2020-01-10 14:21:00,172.00,172.00,171.45,171.75,375,39150,189.09
2020-01-10 14:22:00,171.75,171.75,171.00,171.00,300,39150,189.06
2020-01-10 14:23:00,170.90,172.40,170.90,171.75,300,39150,189.02
2020-01-10 14:24:00,171.00,171.00,170.00,170.00,1425,38775,188.85
2020-01-10 14:25:00,169.80,171.00,169.80,171.00,1050,38775,188.73
2020-01-10 14:26:00,172.20,172.35,172.00,172.35,750,38775,188.66
2020-01-10 14:27:00,173.00,173.50,173.00,173.50,1275,40050,188.53
2020-01-10 14:28:00,172.30,173.90,172.30,173.80,300,40050,188.51
2020-01-10 14:29:00,173.50,175.00,173.50,174.60,1725,40050,188.36
2020-01-10 14:30:00,177.00,178.00,177.00,178.00,375,40575,188.34
2020-01-10 14:31:00,176.50,176.50,176.50,176.50,75,40575,188.33
2020-01-10 14:32:00,176.85,177.80,176.85,177.80,900,40575,188.27
2020-01-10 14:33:00,177.95,180.00,177.95,179.65,825,39225,188.22
2020-01-10 14:34:00,178.85,180.00,178.00,180.00,675,39225,188.19
2020-01-10 14:35:00,181.70,181.70,179.90,179.90,375,39225,188.17
2020-01-10 14:36:00,180.75,182.00,180.45,180.80,1425,38700,188.11
2020-01-10 14:37:00,181.20,185.00,181.20,182.40,1950,38700,188.06
2020-01-10 14:38:00,182.40,183.10,179.30,179.30,525,38700,188.04
2020-01-10 14:39:00,178.75,179.45,178.00,179.45,1125,38700,187.98
2020-01-10 14:40:00,180.00,181.05,179.70,181.05,900,38700,187.94
2020-01-10 14:41:00,181.05,181.05,181.05,181.05,75,38700,187.93
2020-01-10 14:42:00,179.45,179.45,179.45,179.45,300,38700,187.92
2020-01-10 14:43:00,182.00,182.00,180.40,180.40,375,39900,187.91
2020-01-10 14:44:00,179.55,179.85,179.55,179.75,525,39900,187.88
2020-01-10 14:45:00,180.20,180.20,180.15,180.15,150,39975,187.87
2020-01-10 14:46:00,180.15,180.15,177.30,177.30,375,39975,187.85
2020-01-10 14:47:00,177.60,178.90,176.45,176.85,525,39975,187.82
2020-01-10 14:48:00,177.30,177.30,177.30,177.30,75,38850,187.82
2020-01-10 14:50:00,177.30,177.30,177.30,177.30,75,38850,187.81
2020-01-10 14:51:00,177.90,179.00,177.80,179.00,225,38925,187.80
2020-01-10 14:52:00,178.15,178.65,178.15,178.65,825,38925,187.76
2020-01-10 14:53:00,179.30,179.30,179.30,179.30,150,38925,187.75
2020-01-10 14:54:00,178.00,178.00,178.00,178.00,450,38625,187.72
2020-01-10 14:55:00,176.25,176.25,176.25,176.25,75,38625,187.72
2020-01-10 14:56:00,177.35,178.35,177.35,178.35,225,38625,187.71
2020-01-10 14:57:00,177.80,178.15,177.80,178.15,375,38400,187.69
2020-01-10 14:58:00,179.15,179.15,179.15,179.15,150,38400,187.68
2020-01-10 14:59:00,176.45,176.45,174.20,174.20,450,38400,187.65
2020-01-10 15:00:00,173.50,173.50,173.50,173.50,75,38400,187.64
2020-01-10 15:01:00,172.00,172.00,172.00,172.00,75,37725,187.63
2020-01-10 15:03:00,172.50,172.50,172.15,172.15,300,37800,187.61
2020-01-10 15:04:00,172.10,172.10,171.10,171.10,150,37800,187.60
2020-01-10 15:05:00,171.30,171.60,171.10,171.60,225,37800,187.58
2020-01-10 15:06:00,171.60,171.60,171.35,171.35,150,37725,187.56
2020-01-10 15:07:00,173.00,173.00,173.00,173.00,75,37725,187.56
2020-01-10 15:08:00,172.60,172.60,172.20,172.20,750,37725,187.49
2020-01-10 15:09:00,172.20,172.20,171.00,171.00,150,37800,187.48
2020-01-10 15:10:00,171.00,171.00,168.70,169.50,3375,37800,187.14
2020-01-10 15:11:00,167.50,169.00,167.50,168.30,750,37800,187.06
2020-01-10 15:12:00,167.00,168.50,166.30,166.30,375,39375,187.02
2020-01-10 15:13:00,167.60,167.60,166.30,166.30,450,39375,186.98
2020-01-10 15:14:00,166.35,166.35,166.05,166.05,1275,39375,186.83
2020-01-10 15:15:00,166.00,166.10,166.00,166.10,225,39375,186.81
2020-01-10 15:16:00,169.50,169.55,169.35,169.35,300,37350,186.78
2020-01-10 15:17:00,169.80,169.80,169.75,169.75,225,37350,186.76
2020-01-10 15:18:00,170.35,170.40,169.55,169.95,525,37500,186.71
2020-01-10 15:19:00,169.10,169.65,169.00,169.00,600,37500,186.66
2020-01-10 15:20:00,169.70,170.25,169.00,169.00,1875,37500,186.49
2020-01-10 15:21:00,169.00,169.50,168.15,168.15,600,37875,186.43
2020-01-10 15:22:00,168.00,168.15,167.10,168.15,1650,37875,186.27
2020-01-10 15:23:00,167.80,168.60,167.80,168.60,225,37875,186.25
2020-01-10 15:24:00,168.00,168.70,168.00,168.10,375,37875,186.22
2020-01-10 15:25:00,169.00,170.45,167.90,167.90,1725,37950,186.07
2020-01-10 15:26:00,168.00,168.00,168.00,168.00,300,37950,186.04
2020-01-10 15:27:00,168.55,168.55,167.40,167.40,750,37125,185.97
2020-01-10 15:28:00,167.50,167.90,167.00,167.40,600,37125,185.92
2020-01-10 15:29:01,166.05,166.05,164.10,164.10,600,37125,185.85
2020-05-10 09:15:00,159.95,159.95,143.50,143.50,1200,36525,147.95
2020-05-10 09:16:00,144.75,144.75,136.80,140.00,1725,36525,143.03
2020-05-10 09:17:00,141.45,142.00,138.50,138.50,825,36450,142.46
2020-05-10 09:18:00,138.50,138.50,137.55,137.55,225,36450,142.22
2020-05-10 09:19:00,138.45,138.75,137.70,137.90,1050,36450,141.39
2020-05-10 09:20:00,137.55,137.55,134.15,135.60,2925,36525,139.37
2020-05-10 09:21:00,135.55,137.85,135.10,137.85,750,36525,139.10
2020-05-10 09:22:00,137.85,138.00,135.95,138.00,3075,36525,138.64
2020-05-10 09:23:00,137.95,138.35,137.35,138.30,675,38925,138.61
2020-05-10 09:24:00,138.35,138.65,138.35,138.50,825,38925,138.61
2020-05-10 09:25:00,137.40,137.40,136.80,136.80,375,38925,138.56
2020-05-10 09:26:00,136.00,136.65,135.50,136.55,900,38775,138.40
2020-05-10 09:27:00,138.00,139.00,137.45,137.45,750,38775,138.41
2020-05-10 09:28:00,139.85,140.10,139.15,139.30,675,38775,138.46
2020-05-10 09:29:00,139.30,139.30,137.45,137.45,675,38850,138.44
2020-05-10 09:30:00,136.90,136.90,136.90,136.90,150,38850,138.43
2020-05-10 09:31:00,135.90,136.60,135.90,136.00,225,38850,138.40
2020-05-10 09:32:00,136.10,136.10,132.85,132.85,375,38625,138.32
2020-05-10 09:33:00,132.45,132.55,131.75,132.55,375,38625,138.19
2020-05-10 09:34:00,133.65,133.65,133.65,133.65,75,38625,138.18
2020-05-10 09:35:00,134.00,134.00,134.00,134.00,75,38550,138.16
2020-05-10 09:36:00,133.85,133.85,132.95,132.95,375,38550,138.06
2020-05-10 09:38:00,132.05,132.05,131.00,131.00,375,38625,137.92
2020-05-10 09:39:00,131.65,131.65,131.05,131.05,150,38625,137.87
2020-05-10 09:40:00,131.55,131.55,131.55,131.55,150,38625,137.82
2020-05-10 09:41:00,131.60,131.80,131.20,131.20,300,38400,137.72
2020-05-10 09:42:00,131.80,131.80,131.60,131.60,300,38400,137.63
2020-05-10 09:43:00,131.80,131.80,130.95,131.55,750,38400,137.40
2020-05-10 09:44:00,130.00,130.75,130.00,130.75,525,38400,137.22
2020-05-10 09:45:00,130.50,130.50,130.00,130.00,375,38400,137.10
2020-05-10 09:46:00,130.30,130.30,130.00,130.00,600,38400,136.90
2020-05-10 09:47:00,131.60,132.05,131.60,132.05,225,38400,136.85
2020-05-10 09:48:00,132.20,132.20,131.95,131.95,375,38400,136.77
2020-05-10 09:50:00,131.75,133.40,131.75,133.40,150,38325,136.74
2020-05-10 09:51:00,132.95,133.25,132.70,133.25,3975,38325,136.10
2020-05-10 09:52:00,132.75,132.80,132.75,132.80,3600,38325,135.65
2020-05-10 09:53:00,133.75,136.95,133.75,136.95,750,43500,135.63
2020-05-10 09:54:00,136.50,136.50,135.15,135.15,300,43500,135.63
2020-05-10 09:55:00,135.30,135.30,134.00,134.15,3525,43500,135.47
2020-05-10 09:56:00,134.60,134.60,134.10,134.35,300,43500,135.46
2020-05-10 09:57:00,134.40,134.40,133.95,133.95,2775,46650,135.33
2020-05-10 09:58:00,132.25,132.75,132.25,132.75,750,46650,135.28
2020-05-10 09:59:00,131.90,132.15,130.75,131.70,8850,52050,134.55
2020-05-10 10:00:00,131.30,131.60,131.30,131.60,375,52050,134.52
2020-05-10 10:01:00,130.75,131.35,130.65,131.35,375,52050,134.49
2020-05-10 10:02:00,131.75,131.75,130.70,130.70,225,51000,134.48
2020-05-10 10:03:00,131.25,131.45,131.25,131.45,375,51000,134.45
2020-05-10 10:04:00,132.65,133.20,132.65,132.90,375,51000,134.44
2020-05-10 10:05:00,132.90,132.90,131.05,131.05,375,48750,134.42
2020-05-10 10:06:00,131.70,131.70,131.25,131.40,375,48750,134.40
2020-05-10 10:07:00,131.00,131.30,131.00,131.30,3525,48750,134.18
2020-05-10 10:08:00,132.05,132.60,132.05,132.55,1350,52125,134.14
2020-05-10 10:10:00,131.50,132.30,131.10,132.30,600,52125,134.11
2020-05-10 10:11:00,132.05,132.90,132.05,132.90,450,50400,134.10
2020-05-10 10:13:00,132.80,134.65,132.80,134.65,225,50400,134.10
2020-05-10 10:15:00,135.20,135.50,134.80,134.80,825,50475,134.11
2020-05-10 10:16:00,134.75,134.90,134.75,134.90,150,50475,134.11
2020-05-10 10:17:00,135.50,136.15,135.50,136.00,375,50625,134.13
2020-05-10 10:20:00,134.65,135.00,134.65,135.00,150,50550,134.13
2020-05-10 10:21:00,134.60,134.60,134.40,134.40,150,50550,134.13
2020-05-10 10:22:00,136.55,137.40,136.00,137.15,675,50550,134.16
2020-05-10 10:23:00,138.50,139.30,138.35,138.60,1275,50475,134.26
2020-05-10 10:25:00,138.70,138.70,138.70,138.70,150,50475,134.27
2020-05-10 10:26:00,136.90,136.90,136.90,136.90,75,50250,134.27
2020-05-10 10:30:00,138.25,139.40,138.25,138.30,750,50250,134.33
2020-05-10 10:31:00,137.85,137.85,137.00,137.45,1650,50250,134.41
2020-05-10 10:32:00,137.05,137.90,137.05,137.70,750,51000,134.45
2020-05-10 10:33:00,137.70,138.35,137.50,138.05,900,51000,134.49
2020-05-10 10:34:00,137.05,137.70,136.85,137.40,2475,51000,134.60
2020-05-10 10:35:00,136.95,136.95,135.30,135.75,1500,53700,134.64
2020-05-10 10:36:00,135.15,135.15,135.15,135.15,225,53700,134.64
2020-05-10 10:38:00,135.05,135.05,133.75,133.75,450,53475,134.64
2020-05-10 10:39:00,134.05,134.05,134.00,134.00,150,53475,134.64
2020-05-10 10:40:00,134.10,134.10,134.10,134.10,75,53475,134.64
2020-05-10 10:41:00,133.25,133.25,133.25,133.25,75,53475,134.64
2020-05-10 10:42:00,133.70,134.10,133.70,133.85,450,51375,134.63
2020-05-10 10:43:00,133.70,133.70,133.40,133.40,2550,51375,134.58
2020-05-10 10:45:00,135.20,135.20,135.15,135.15,1050,50775,134.59
2020-05-10 10:46:00,135.85,135.85,135.65,135.65,150,50775,134.59
2020-05-10 10:48:00,135.20,135.20,135.20,135.20,75,51150,134.59
2020-05-10 10:49:00,136.00,136.00,136.00,136.00,75,51150,134.59
2020-05-10 10:50:00,135.00,135.00,135.00,135.00,75,51150,134.59
2020-05-10 10:54:00,136.70,136.70,136.70,136.70,75,51150,134.59
2020-05-10 10:55:00,137.25,137.25,137.25,137.25,75,51150,134.60
2020-05-10 10:57:00,135.30,135.35,135.25,135.35,225,51225,134.60
2020-05-10 10:59:00,135.60,135.60,135.60,135.60,75,51225,134.60
2020-05-10 11:02:00,135.00,135.00,135.00,135.00,75,51225,134.60
2020-05-10 11:04:00,135.00,135.00,135.00,135.00,150,51225,134.60
2020-05-10 11:05:00,135.00,135.00,123.45,127.90,825,51600,134.54
2020-05-10 11:06:00,128.00,128.00,122.25,126.10,975,51600,134.41
2020-05-10 11:07:00,126.65,126.75,126.65,126.75,225,51600,134.39
2020-05-10 11:10:00,128.15,128.15,127.50,127.50,225,51750,134.37
2020-05-10 11:12:00,129.60,129.70,129.35,129.35,375,51750,134.35
2020-05-10 11:14:00,130.00,130.00,129.65,130.00,450,51675,134.32
2020-05-10 11:15:00,129.00,129.00,129.00,129.00,300,51675,134.30
2020-05-10 11:16:00,129.40,129.40,127.75,127.75,450,51675,134.27
2020-05-10 11:19:00,128.00,128.00,128.00,128.00,75,52050,134.26
2020-05-10 11:20:00,127.75,127.90,127.60,127.60,225,51975,134.24
2020-05-10 11:21:00,128.05,128.40,128.05,128.40,300,51975,134.22
2020-05-10 11:22:00,128.30,128.30,128.30,128.30,150,51975,134.21
2020-05-10 11:23:00,128.05,128.05,128.05,128.05,150,51975,134.20
2020-05-10 11:24:00,127.20,127.45,127.20,127.45,225,51900,134.18
2020-05-10 11:28:00,129.00,129.35,129.00,129.35,300,51750,134.16
2020-05-10 11:29:00,129.90,129.90,129.30,129.30,375,51675,134.14
2020-05-10 11:30:00,131.70,132.25,131.70,132.25,225,51675,134.13
2020-05-10 11:31:00,131.85,131.85,131.85,131.85,75,51675,134.13
2020-05-10 11:32:00,132.25,133.00,132.25,133.00,225,51600,134.12
2020-05-10 11:33:00,136.00,136.00,136.00,136.00,75,51600,134.12
2020-05-10 11:38:00,133.80,133.80,133.80,133.80,75,51600,134.12
2020-05-10 11:39:00,135.60,136.90,135.60,136.35,525,51600,134.14
2020-05-10 11:40:00,135.95,144.55,135.95,141.50,1050,51600,134.22
2020-05-10 11:41:00,138.45,140.65,137.85,138.30,1575,52425,134.31
2020-05-10 11:42:00,137.60,139.60,137.60,139.60,225,52425,134.32
2020-05-10 11:43:00,139.35,139.50,139.35,139.50,150,52425,134.33
2020-05-10 11:44:00,139.80,140.00,139.80,140.00,150,52425,134.34
2020-05-10 11:47:00,140.40,140.40,139.85,139.85,150,53100,134.35
2020-05-10 11:48:00,139.95,139.95,139.95,139.95,225,53100,134.37
2020-05-10 11:49:00,140.65,140.65,140.65,140.65,75,0,134.37
2020-05-10 11:50:00,142.45,142.45,142.45,142.45,75,53100,134.38
2020-05-10 11:52:00,141.90,141.90,140.00,140.00,150,52650,134.39
2020-05-10 11:53:00,140.10,140.10,139.60,139.60,300,52650,134.41
2020-05-10 11:55:00,142.25,142.25,142.25,142.25,75,52650,134.42
2020-05-10 11:56:00,142.00,142.35,142.00,142.05,825,52500,134.49
2020-05-10 11:57:00,139.95,139.95,139.95,139.95,75,52500,134.50
2020-05-10 11:58:00,138.70,138.70,138.70,138.70,75,52500,134.50
2020-05-10 12:00:00,137.95,137.95,137.95,137.95,75,52425,134.50
2020-05-10 12:02:00,135.00,135.00,132.80,132.80,450,52425,134.50
2020-05-10 12:03:00,135.00,135.00,135.00,135.00,75,52425,134.50
2020-05-10 12:04:00,134.85,134.85,134.85,134.85,150,52425,134.50
2020-05-10 12:05:00,136.40,136.40,136.40,136.40,75,52575,134.50
2020-05-10 12:10:00,136.55,136.55,134.75,134.90,450,52575,134.51
2020-05-10 12:11:00,135.00,135.95,135.00,135.95,225,52725,134.51
2020-05-10 12:18:00,135.90,135.90,135.90,135.90,75,52725,134.51
2020-05-10 12:21:00,137.55,137.55,137.55,137.55,75,52725,134.52
2020-05-10 12:24:00,137.05,137.60,136.80,136.80,225,52725,134.52
2020-05-10 12:26:00,137.95,137.95,137.95,137.95,75,52725,134.53
2020-05-10 12:27:00,137.35,137.35,137.35,137.35,75,52575,134.53
2020-05-10 12:28:00,135.45,136.00,135.45,136.00,225,52575,134.53
2020-05-10 12:29:00,136.35,136.35,136.35,136.35,75,52575,134.53
2020-05-10 12:30:00,137.35,137.35,135.85,135.85,450,52575,134.55
2020-05-10 12:31:00,136.50,136.50,134.90,135.55,375,52575,134.55
2020-05-10 12:32:00,136.15,136.15,136.15,136.15,75,52575,134.55
2020-05-10 12:33:00,134.80,136.55,134.80,136.55,150,52650,134.55
2020-05-10 12:34:00,135.95,135.95,135.95,135.95,75,52650,134.55
2020-05-10 12:35:00,136.25,136.25,135.00,135.00,225,52650,134.56
2020-05-10 12:36:00,135.70,135.70,135.70,135.70,150,52650,134.56
2020-05-10 12:37:00,135.05,135.05,135.00,135.00,150,52650,134.56
2020-05-10 12:38:00,134.05,134.05,133.00,133.00,450,52950,134.56
2020-05-10 12:42:00,140.00,140.00,139.70,139.70,300,53025,134.57
2020-05-10 12:43:00,143.45,144.95,142.05,144.95,1050,53025,134.67
2020-05-10 12:45:00,140.85,140.85,140.85,140.85,75,53175,134.67
2020-05-10 12:46:00,140.50,140.50,140.50,140.50,75,53175,134.68
2020-05-10 12:48:00,140.55,140.55,140.55,140.55,450,53250,134.71
2020-05-10 12:49:00,141.20,141.20,141.20,141.20,75,53250,134.71
2020-05-10 12:50:00,141.25,141.25,140.00,140.00,375,53250,134.74
2020-05-10 12:51:00,138.90,138.90,138.90,138.90,75,53250,134.74
2020-05-10 12:54:00,139.75,139.75,139.75,139.75,150,53250,134.75
2020-05-10 12:55:00,141.05,141.05,141.05,141.05,75,53250,134.75
2020-05-10 12:56:00,144.20,144.20,144.20,144.20,75,53250,134.76
2020-05-10 12:57:00,144.20,146.05,144.20,146.05,375,53325,134.80
2020-05-10 12:58:00,146.00,146.00,146.00,146.00,75,53325,134.81
2020-05-10 12:59:00,149.90,149.90,149.05,149.05,675,53325,134.91
2020-05-10 13:00:00,151.85,151.85,150.15,150.15,375,53475,134.98
2020-05-10 13:01:00,148.10,148.10,148.10,148.10,75,53475,134.99
2020-05-10 13:02:00,147.25,147.25,147.25,147.25,75,53475,135.00
2020-05-10 13:03:00,147.10,147.10,147.10,147.10,75,53625,135.01
2020-05-10 13:04:00,148.50,148.50,147.85,147.85,450,53625,135.07
2020-05-10 13:05:00,148.55,149.95,148.55,149.95,225,53625,135.10
2020-05-10 13:06:00,148.20,148.20,148.20,148.20,75,53700,135.11
2020-05-10 13:07:00,147.30,147.30,147.30,147.30,150,53700,135.13
2020-05-10 13:09:00,146.50,147.30,146.50,147.15,375,53775,135.18
2020-05-10 13:10:00,149.95,149.95,149.95,149.95,75,53775,135.19
2020-05-10 13:12:00,153.00,155.85,153.00,155.85,450,53550,135.28
2020-05-10 13:13:00,159.00,159.00,157.85,157.85,225,53550,135.33
2020-05-10 13:14:00,157.85,157.85,156.90,157.25,750,53550,135.50
2020-05-10 13:16:00,153.35,154.30,153.35,154.30,300,53775,135.56
2020-05-10 13:17:00,153.45,154.00,153.45,154.00,300,53775,135.61
2020-05-10 13:19:00,151.45,151.45,151.45,151.45,75,54075,135.62
2020-05-10 13:20:00,158.30,159.70,158.30,159.70,225,54075,135.68
2020-05-10 13:21:00,158.90,161.85,158.90,161.85,600,54150,135.82
2020-05-10 13:23:00,159.20,159.20,159.20,159.20,150,54150,135.86
2020-05-10 13:24:00,162.75,163.85,162.75,163.15,375,54225,135.96
2020-05-10 13:25:00,160.40,160.40,160.40,160.40,75,54225,135.98
2020-05-10 13:26:00,160.95,160.95,160.95,160.95,75,54225,136.00
2020-05-10 13:27:00,163.95,165.35,163.95,165.35,6975,54450,137.89
2020-05-10 13:28:00,165.65,165.65,162.30,162.30,300,54450,137.97
2020-05-10 13:29:00,160.20,160.20,160.20,160.20,75,54450,137.98
2020-05-10 13:30:00,165.30,165.30,164.20,164.20,150,53925,138.02
2020-05-10 13:31:00,157.80,157.80,157.80,157.80,150,53925,138.05
2020-05-10 13:32:00,157.60,157.60,157.60,157.60,75,53925,138.06
2020-05-10 13:33:00,157.00,157.00,157.00,157.00,75,53925,138.07
2020-05-10 13:34:00,152.60,154.50,152.60,154.10,2325,53925,138.40
2020-05-10 13:36:00,152.50,152.50,150.55,150.55,225,54825,138.43
2020-05-10 13:37:00,153.80,153.80,153.80,153.80,600,54825,138.52
2020-05-10 13:40:00,152.65,152.65,148.50,148.50,525,55500,138.57
2020-05-10 13:41:00,143.50,144.90,143.50,144.20,450,55500,138.59
2020-05-10 13:43:00,144.20,144.20,144.20,144.20,150,55500,138.60
2020-05-10 13:47:00,143.60,143.60,143.60,143.60,150,55500,138.61
2020-05-10 13:48:00,144.10,144.10,144.10,144.10,75,55500,138.61
2020-05-10 13:49:00,142.00,142.00,140.80,140.80,300,55500,138.62
2020-05-10 13:51:00,143.45,143.45,143.45,143.45,75,55500,138.62
2020-05-10 13:52:00,143.10,143.10,143.10,143.10,300,55500,138.64
2020-05-10 13:53:00,143.10,144.00,143.10,143.45,675,55500,138.66
2020-05-10 13:55:00,147.85,147.85,147.85,147.85,75,55950,138.67
2020-05-10 13:56:00,148.80,149.65,148.25,148.25,300,55950,138.70
2020-05-10 14:00:00,141.00,141.00,140.00,140.00,450,56025,138.70
2020-05-10 14:01:00,140.15,140.15,140.15,140.15,75,56025,138.70
2020-05-10 14:02:00,141.75,141.75,141.75,141.75,150,56025,138.71
2020-05-10 14:04:00,140.30,140.30,140.30,140.30,75,56325,138.71
2020-05-10 14:06:00,141.05,141.05,141.05,141.05,375,56175,138.72
2020-05-10 14:07:00,135.55,137.15,135.55,137.15,375,56175,138.71
2020-05-10 14:08:00,137.40,137.40,137.40,137.40,150,56175,138.71
2020-05-10 14:12:00,136.35,137.40,136.35,137.40,225,56550,138.71
2020-05-10 14:13:00,137.40,139.10,137.40,138.55,225,56550,138.70
2020-05-10 14:15:00,136.00,140.95,136.00,140.95,375,56625,138.70
2020-05-10 14:18:00,143.15,143.15,143.15,143.15,75,56775,138.70
2020-05-10 14:19:00,142.50,142.50,142.00,142.00,150,56775,138.71
2020-05-10 14:20:00,143.00,143.00,143.00,143.00,75,56775,138.71
2020-05-10 14:22:00,141.00,141.00,139.65,139.65,150,56775,138.71
2020-05-10 14:24:00,140.60,140.60,140.30,140.30,225,56925,138.72
2020-05-10 14:25:00,139.45,139.45,139.45,139.45,75,56925,138.72
2020-05-10 14:27:00,140.00,140.00,135.00,136.10,450,56850,138.71
2020-05-10 14:28:00,134.00,134.00,133.00,133.00,225,56850,138.70
2020-05-10 14:30:00,138.55,138.55,138.55,138.55,150,57450,138.70
2020-05-10 14:31:00,140.00,140.00,140.00,140.00,75,57450,138.71
2020-05-10 14:34:00,138.05,138.05,138.05,138.05,150,57600,138.70
2020-05-10 14:35:00,136.25,136.25,136.25,136.25,75,57600,138.70
2020-05-10 14:39:00,137.15,137.15,137.15,137.15,75,57750,138.70
2020-05-10 14:42:00,137.60,137.60,137.60,137.60,150,57750,138.70
2020-05-10 14:43:00,137.50,137.50,137.50,137.50,225,57750,138.70
2020-05-10 14:44:00,137.50,139.60,137.50,139.60,750,57750,138.70
2020-05-10 14:46:00,137.70,137.70,136.65,136.65,150,57675,138.69
2020-05-10 14:49:00,140.00,140.55,139.55,140.55,225,57750,138.70
2020-05-10 14:50:00,141.30,141.30,141.30,141.30,75,57750,138.70
2020-05-10 14:52:00,141.60,141.60,141.60,141.60,300,57975,138.71
2020-05-10 14:53:00,138.50,138.50,138.50,138.50,450,57975,138.70
2020-05-10 14:55:00,137.65,137.65,137.65,137.65,75,58500,138.70
2020-05-10 14:56:00,137.85,137.85,137.85,137.85,75,58500,138.70
2020-05-10 14:57:00,138.25,139.45,138.25,139.45,225,58350,138.70
2020-05-10 14:58:00,140.80,142.50,140.80,142.50,450,58350,138.72
2020-05-10 14:59:00,142.40,142.40,141.55,141.55,150,58350,138.72
2020-05-10 15:00:00,141.55,141.55,141.55,141.55,75,58275,138.72
2020-05-10 15:01:00,145.00,145.95,144.15,145.95,525,58275,138.75
2020-05-10 15:02:00,146.00,146.00,142.95,143.80,225,58275,138.76
2020-05-10 15:03:00,144.40,144.40,142.90,142.90,375,58575,138.78
2020-05-10 15:04:00,142.70,143.50,142.35,142.35,750,58575,138.80
2020-05-10 15:05:00,140.65,140.65,140.40,140.40,375,58575,138.80
2020-05-10 15:06:00,140.65,141.35,140.10,141.35,375,58575,138.81
2020-05-10 15:07:00,141.00,141.00,141.00,141.00,75,58575,138.81
2020-05-10 15:08:00,141.35,141.35,141.35,141.35,225,58575,138.82
2020-05-10 15:10:00,142.65,143.50,142.65,143.50,600,58725,138.83
2020-05-10 15:11:00,144.55,144.55,143.55,143.55,225,58725,138.84
2020-05-10 15:13:00,141.15,141.15,141.15,141.15,75,58800,138.85
2020-05-10 15:14:00,141.15,141.15,141.15,141.15,150,58800,138.85
2020-05-10 15:15:00,140.45,140.45,140.45,140.45,150,58800,138.85
2020-05-10 15:16:00,140.95,141.15,140.60,140.60,300,58875,138.86
2020-05-10 15:17:00,140.20,141.15,140.20,141.15,225,58875,138.86
2020-05-10 15:18:00,141.15,141.55,141.15,141.55,225,59100,138.86
2020-05-10 15:19:00,140.50,141.50,140.50,141.50,525,59100,138.87
2020-05-10 15:20:00,141.75,142.05,141.10,141.95,1800,59100,138.91
2020-05-10 15:21:00,139.25,139.25,139.25,139.25,150,58575,138.91
2020-05-10 15:22:00,138.95,138.95,138.95,138.95,75,58575,138.91
2020-05-10 15:23:00,140.00,140.15,139.15,139.15,300,58575,138.91
2020-05-10 15:25:00,139.10,139.80,139.10,139.80,225,58800,138.91
2020-05-10 15:26:00,139.80,139.80,139.80,139.80,225,58800,138.91
2020-05-10 15:27:00,139.60,139.60,139.60,139.60,75,58800,138.92
2020-05-10 15:28:00,139.95,140.00,139.95,140.00,150,58800,138.92
2020-05-10 15:29:01,140.00,140.00,138.30,138.30,450,58800,138.92
2020-06-10 09:15:00,113.25,116.85,112.15,113.65,1350,57600,113.17
2020-06-10 09:16:00,113.80,115.05,113.80,115.00,1125,57600,113.76
2020-06-10 09:17:00,115.55,116.15,115.45,116.15,600,57600,114.11
2020-06-10 09:18:00,115.55,116.95,115.55,116.95,600,57600,114.43
2020-06-10 09:19:00,116.90,120.40,116.90,120.40,225,57600,114.66
2020-06-10 09:20:00,119.25,119.25,118.90,118.90,150,57300,114.82
2020-06-10 09:21:00,122.85,122.85,122.85,122.85,225,57300,115.24
2020-06-10 09:22:00,122.30,122.80,122.30,122.80,375,57300,115.82
2020-06-10 09:23:00,120.85,120.85,120.85,120.85,75,57675,115.90
2020-06-10 09:24:00,121.75,121.85,121.75,121.85,225,57675,116.17
2020-06-10 09:25:00,125.00,125.00,123.90,124.05,300,57675,116.63
2020-06-10 09:26:00,123.50,123.50,123.00,123.00,750,57825,117.44
2020-06-10 09:27:00,120.25,120.25,120.25,120.25,375,57825,117.61
2020-06-10 09:28:00,119.50,119.50,119.50,119.50,75,57825,117.63
2020-06-10 09:29:00,119.70,119.70,119.70,119.70,150,57825,117.68
2020-06-10 09:30:00,119.90,119.90,119.90,119.90,75,57825,117.70
2020-06-10 09:31:00,120.80,120.80,120.80,120.80,75,57825,117.74
2020-06-10 09:32:00,119.90,119.90,119.90,119.90,450,57900,117.87
2020-06-10 09:33:00,120.20,120.20,120.20,120.20,75,57900,117.90
2020-06-10 09:36:00,117.55,117.55,117.55,117.55,1950,57825,117.90
2020-06-10 09:38:00,118.85,119.90,118.85,119.90,225,57375,117.93
2020-06-10 09:40:00,119.60,120.10,119.60,120.10,150,57375,117.96
2020-06-10 09:42:00,119.35,120.20,119.35,120.20,900,57450,118.11
2020-06-10 09:43:00,119.20,119.20,119.15,119.15,225,57450,118.14
2020-06-10 09:44:00,119.00,119.00,119.00,119.00,150,56550,118.15
2020-06-10 09:45:00,118.20,118.20,117.80,117.80,150,56550,118.15
2020-06-10 09:46:00,118.55,118.55,117.80,117.80,225,56550,118.15
2020-06-10 09:47:00,117.90,117.90,117.90,117.90,150,56775,118.14
2020-06-10 09:48:00,118.95,118.95,118.95,118.95,75,56775,118.15
2020-06-10 09:50:00,121.60,121.60,121.60,121.60,150,56775,118.19
2020-06-10 09:51:00,121.10,121.50,121.10,121.50,150,56775,118.23
2020-06-10 09:52:00,121.90,121.90,120.20,120.20,525,56775,118.34
2020-06-10 09:56:00,117.20,117.20,117.20,117.20,75,57150,118.33
2020-06-10 09:58:00,118.00,118.00,118.00,118.00,75,57150,118.33
2020-06-10 09:59:00,117.20,117.20,117.20,117.20,75,57150,118.32
2020-06-10 10:00:00,116.75,116.75,116.10,116.10,525,57150,118.25
2020-06-10 10:04:00,116.95,116.95,116.95,116.95,75,57075,118.24
2020-06-10 10:05:00,117.10,117.10,117.10,117.10,75,57075,118.24
2020-06-10 10:06:00,116.50,116.50,116.50,116.50,75,57000,118.23
2020-06-10 10:07:00,116.50,116.50,116.15,116.15,225,57000,118.19
2020-06-10 10:08:00,116.60,116.60,116.60,116.60,75,57150,118.18
2020-06-10 10:10:00,115.30,115.30,114.50,114.50,225,57150,118.13
2020-06-10 10:11:00,115.65,115.80,115.65,115.80,150,57450,118.11
2020-06-10 10:13:00,117.45,117.45,116.70,116.70,150,57450,118.09
2020-06-10 10:15:00,117.40,117.40,117.40,117.40,75,57300,118.09
2020-06-10 10:16:00,118.00,118.00,118.00,118.00,75,57300,118.09
2020-06-10 10:19:00,119.15,119.15,119.05,119.05,150,57375,118.10
2020-06-10 10:21:00,118.15,118.15,118.15,118.15,75,57450,118.10
2020-06-10 10:22:00,117.30,117.30,117.30,117.30,75,57450,118.10
2020-06-10 10:24:00,113.00,114.55,113.00,114.55,225,57525,118.03
2020-06-10 10:25:00,113.85,114.65,113.85,114.65,675,57525,117.88
2020-06-10 10:26:00,114.30,115.70,114.15,115.70,900,57525,117.72
2020-06-10 10:27:00,116.10,116.10,116.10,116.10,450,57600,117.68
2020-06-10 10:28:00,115.90,116.45,115.90,116.30,675,57600,117.62
2020-06-10 10:30:00,115.80,115.80,115.75,115.75,300,57525,117.59
2020-06-10 10:31:00,115.20,115.85,115.20,115.85,375,57525,117.54
2020-06-10 10:33:00,116.70,116.70,116.70,116.70,75,57525,117.54
2020-06-10 10:34:00,116.70,117.20,116.70,117.20,300,57525,117.53
2020-06-10 10:40:00,116.00,116.00,116.00,116.00,150,57750,117.51
2020-06-10 10:43:00,114.65,114.65,114.65,114.65,150,57675,117.49
2020-06-10 10:44:00,114.75,114.75,114.75,114.75,300,57750,117.45
2020-06-10 10:45:00,113.65,113.65,113.65,113.65,75,57750,117.43
2020-06-10 10:46:00,114.05,114.05,114.05,114.05,450,57750,117.35
2020-06-10 10:48:00,115.45,115.45,114.70,114.70,225,57450,117.33
2020-06-10 10:51:00,116.55,117.50,116.55,117.50,225,57450,117.33
2020-06-10 10:52:00,118.05,118.05,118.05,118.05,150,57450,117.33
2020-06-10 10:53:00,118.85,118.85,118.50,118.85,750,57975,117.38
2020-06-10 10:56:00,120.00,120.70,120.00,120.70,225,57900,117.41
2020-06-10 10:59:00,119.20,119.20,119.20,119.20,75,57900,117.42
2020-06-10 11:01:00,121.00,121.00,120.85,120.85,150,57975,117.44
2020-06-10 11:03:00,118.95,119.05,118.95,119.05,150,57975,117.45
2020-06-10 11:05:00,117.60,117.95,117.60,117.95,150,57975,117.45
2020-06-10 11:07:00,118.20,118.20,118.20,118.20,150,57975,117.46
2020-06-10 11:12:00,118.15,118.15,117.90,117.90,225,57825,117.46
2020-06-10 11:14:00,117.20,117.20,117.00,117.00,150,57825,117.46
2020-06-10 11:15:00,116.30,116.30,116.00,116.00,225,57975,117.45
2020-06-10 11:16:00,116.15,116.15,116.15,116.15,75,57975,117.44
2020-06-10 11:17:00,117.15,117.15,117.15,117.15,75,57975,117.44
2020-06-10 11:19:00,116.85,116.85,116.85,116.85,75,58050,117.44
2020-06-10 11:20:00,116.45,116.45,116.40,116.40,150,58125,117.43
2020-06-10 11:21:00,116.40,116.40,116.15,116.15,150,58125,117.43
2020-06-10 11:23:00,117.95,117.95,117.95,117.95,75,58275,117.43
2020-06-10 11:24:00,118.85,118.85,118.85,118.85,75,58275,117.43
2020-06-10 11:25:00,118.35,118.35,118.35,118.35,75,58275,117.44
2020-06-10 11:26:00,118.45,118.45,118.45,118.45,75,58350,117.44
2020-06-10 11:29:00,118.65,118.65,118.65,118.65,75,58350,117.44
2020-06-10 11:33:00,117.75,117.75,117.75,117.75,75,58125,117.44
2020-06-10 11:35:00,116.30,116.50,116.30,116.50,225,58125,117.43
2020-06-10 11:37:00,116.20,116.20,116.20,116.20,150,58050,117.43
2020-06-10 11:38:00,116.00,116.00,116.00,116.00,150,58050,117.42
2020-06-10 11:40:00,117.30,117.70,117.30,117.70,150,58050,117.42
2020-06-10 11:41:00,117.75,118.55,117.75,118.55,375,58050,117.43
2020-06-10 11:42:00,118.00,118.00,118.00,118.00,75,58050,117.43
2020-06-10 11:44:00,118.60,118.60,118.60,118.60,75,57975,117.44
2020-06-10 11:45:00,118.80,118.80,118.30,118.30,900,57975,117.47
2020-06-10 11:46:00,118.00,118.00,117.85,117.85,1575,57975,117.49
2020-06-10 11:47:00,118.30,119.20,118.30,119.20,1650,57675,117.58
2020-06-10 11:48:00,119.25,120.45,119.25,119.95,2550,57675,117.74
2020-06-10 11:49:00,119.85,119.85,119.50,119.50,225,57675,117.75
2020-06-10 11:51:00,118.75,118.75,118.75,118.75,75,57900,117.76
2020-06-10 11:52:00,117.60,118.20,117.60,118.20,900,57900,117.77
2020-06-10 11:55:00,117.75,117.75,117.75,117.75,75,57975,117.77
2020-06-10 11:56:00,117.80,118.10,117.80,118.10,825,57900,117.77
2020-06-10 11:57:00,117.75,117.75,117.75,117.75,750,57900,117.77
2020-06-10 11:58:00,116.55,116.55,115.65,115.65,1050,57900,117.73
2020-06-10 11:59:00,115.65,115.95,115.40,115.40,975,57900,117.68
2020-06-10 12:00:00,115.20,115.20,114.75,114.75,300,57375,117.65
2020-06-10 12:01:00,114.80,114.80,114.80,114.80,75,57375,117.65
2020-06-10 12:02:00,116.45,116.45,116.45,116.45,1500,57225,117.59
2020-06-10 12:04:00,116.40,116.40,115.80,115.80,1875,57225,117.52
2020-06-10 12:05:00,115.05,115.05,115.05,115.05,1650,57225,117.44
2020-06-10 12:06:00,116.45,116.45,116.45,116.45,75,57225,117.44
2020-06-10 12:07:00,116.95,116.95,116.95,116.95,1500,57225,117.42
2020-06-10 12:08:00,116.50,116.90,115.20,115.20,3075,57150,117.35
2020-06-10 12:09:00,117.00,117.00,116.20,116.20,4200,57150,117.27
2020-06-10 12:10:00,116.60,116.75,116.60,116.70,900,57150,117.26
2020-06-10 12:11:00,116.00,116.50,116.00,116.50,1125,55800,117.24
2020-06-10 12:14:00,114.05,114.35,114.00,114.35,375,55800,117.22
2020-06-10 12:21:00,114.30,114.30,112.70,112.70,750,53550,117.16
2020-06-10 12:27:00,113.00,113.00,113.00,113.00,225,53925,117.15
2020-06-10 12:28:00,113.75,113.75,113.75,113.75,75,53925,117.14
2020-06-10 12:30:00,114.00,114.00,114.00,114.00,75,53850,117.14
2020-06-10 12:33:00,112.95,112.95,112.95,112.95,600,53775,117.09
2020-06-10 12:34:00,112.80,112.80,112.80,112.80,150,53775,117.08
2020-06-10 12:36:00,113.60,113.60,113.60,113.60,75,53550,117.08
2020-06-10 12:38:00,114.00,114.00,113.00,113.00,225,53550,117.06
2020-06-10 12:41:00,116.00,116.00,116.00,116.00,150,53550,117.06
2020-06-10 12:42:00,116.00,116.00,116.00,116.00,225,53550,117.05
2020-06-10 12:43:00,117.50,117.50,117.50,117.50,525,53550,117.06
2020-06-10 12:44:00,117.35,117.35,117.35,117.35,75,53475,117.06
2020-06-10 12:45:00,117.50,119.20,117.50,118.70,600,53475,117.07
2020-06-10 12:46:00,117.85,117.85,117.85,117.85,75,53475,117.07
2020-06-10 12:50:00,117.80,117.80,117.80,117.80,75,52950,117.07
2020-06-10 12:51:00,117.20,117.20,115.45,115.45,375,52950,117.07
2020-06-10 12:54:00,117.10,117.10,117.10,117.10,75,52800,117.07
2020-06-10 12:56:00,115.90,115.90,115.90,115.90,75,52800,117.07
2020-06-10 12:57:00,115.60,115.60,115.25,115.25,375,52200,117.06
2020-06-10 12:59:00,117.25,117.25,117.25,117.25,300,0,117.06
2020-06-10 13:02:00,118.10,118.10,118.05,118.05,525,52200,117.07
2020-06-10 13:08:00,116.25,116.25,115.35,115.35,225,52275,117.06
2020-06-10 13:11:00,115.35,115.35,115.35,115.35,75,52200,117.06
2020-06-10 13:16:00,117.40,117.40,117.40,117.40,75,52050,117.06
2020-06-10 13:20:00,117.65,118.20,117.65,118.20,150,52050,117.06
2020-06-10 13:23:00,116.80,116.80,116.80,116.80,75,51900,117.06
2020-06-10 13:25:00,116.50,116.50,116.50,116.50,75,51900,117.06
2020-06-10 13:26:00,115.60,115.60,115.55,115.55,150,51900,117.06
2020-06-10 13:28:00,115.25,115.25,115.25,115.25,75,51975,117.05
2020-06-10 13:30:00,116.20,116.20,116.20,116.20,75,51750,117.05
2020-06-10 13:32:00,117.35,117.35,117.35,117.35,75,51750,117.05
2020-06-10 13:33:00,118.20,121.85,118.20,121.85,750,51675,117.09
2020-06-10 13:35:00,120.85,120.85,120.85,120.85,75,51675,117.09
2020-06-10 13:37:00,121.50,121.50,121.50,121.50,75,51525,117.10
2020-06-10 13:39:00,120.70,120.70,120.70,120.70,75,51525,117.10
2020-06-10 13:40:00,120.90,120.90,120.90,120.90,75,51525,117.11
2020-06-10 13:41:00,120.50,120.50,120.50,120.50,150,51525,117.11
2020-06-10 13:43:00,118.20,118.20,117.45,117.45,150,51075,117.12
2020-06-10 13:46:00,117.75,117.75,117.75,117.75,75,51150,117.12
2020-06-10 13:47:00,116.75,116.75,115.55,115.55,225,51150,117.11
2020-06-10 13:48:00,116.25,116.25,116.25,116.25,75,51225,117.11
2020-06-10 13:51:00,116.05,116.05,116.05,116.05,225,51150,117.11
2020-06-10 13:57:00,114.15,114.15,114.15,114.15,150,51150,117.10
2020-06-10 13:58:00,115.95,115.95,115.95,115.95,75,0,117.10
2020-06-10 14:00:00,116.50,116.50,115.75,115.75,375,51075,117.10
2020-06-10 14:02:00,114.55,114.55,113.05,113.05,150,51075,117.09
2020-06-10 14:03:00,112.55,112.55,112.55,112.55,150,51375,117.08
2020-06-10 14:04:00,112.00,112.00,112.00,112.00,75,51375,117.07
2020-06-10 14:05:00,110.00,111.85,110.00,111.85,675,51375,117.01
2020-06-10 14:11:00,112.15,112.15,112.15,112.15,150,51075,117.00
2020-06-10 14:15:00,113.00,113.00,113.00,113.00,75,51000,116.99
2020-06-10 14:17:00,113.00,113.00,111.00,111.00,975,51000,116.91
2020-06-10 14:18:00,111.50,111.50,111.00,111.00,150,51975,116.89
2020-06-10 14:20:00,111.75,111.75,111.75,111.75,75,51975,116.89
2020-06-10 14:21:00,111.70,111.70,110.05,110.40,300,51525,116.86
2020-06-10 14:22:00,110.40,111.15,110.40,111.15,375,51525,116.82
2020-06-10 14:25:00,112.40,112.40,112.40,112.40,450,51375,116.79
2020-06-10 14:26:00,112.00,112.45,112.00,112.45,150,51375,116.78
2020-06-10 14:27:00,110.50,110.50,108.00,108.00,300,51450,116.75
2020-06-10 14:28:00,108.25,109.70,108.25,109.70,600,51450,116.68
2020-06-10 14:29:00,109.50,109.50,109.50,109.50,300,51450,116.65
2020-06-10 14:30:00,108.30,108.30,101.50,102.15,2325,50400,116.26
2020-06-10 14:31:00,102.30,104.65,102.30,104.65,900,50400,116.10
2020-06-10 14:32:00,103.55,103.55,102.85,103.50,750,50400,115.96
2020-06-10 14:33:00,103.00,103.65,103.00,103.65,150,51075,115.94
2020-06-10 14:34:00,103.75,103.75,101.80,101.80,1275,51075,115.71
2020-06-10 14:35:00,100.25,102.30,100.00,102.05,450,51075,115.63
2020-06-10 14:36:00,102.50,103.65,102.50,103.65,150,51750,115.60
2020-06-10 14:38:00,102.00,102.00,101.75,101.80,975,51750,115.42
2020-06-10 14:39:00,101.95,101.95,100.10,101.30,450,52275,115.33
2020-06-10 14:40:00,100.80,100.80,100.80,100.80,225,52275,115.29
2020-06-10 14:41:00,101.75,102.35,100.75,102.35,300,52275,115.23
2020-06-10 14:42:00,102.35,102.35,102.10,102.10,300,50775,115.18
2020-06-10 14:43:00,102.45,103.10,102.45,103.10,225,50775,115.15
2020-06-10 14:44:00,102.30,102.30,101.80,102.25,300,50775,115.09
2020-06-10 14:47:00,102.70,102.70,102.70,102.70,75,50925,115.08
2020-06-10 14:48:00,101.65,101.65,101.00,101.00,300,50700,115.03
2020-06-10 14:49:00,101.25,101.25,101.25,101.25,150,50700,115.00
2020-06-10 14:50:00,102.00,102.00,102.00,102.00,750,50700,114.87
2020-06-10 14:51:00,102.80,102.80,102.80,102.80,150,50175,114.85
2020-06-10 14:52:00,102.75,102.75,102.75,102.75,75,50175,114.84
2020-06-10 14:53:00,103.00,103.00,103.00,103.00,75,50175,114.83
2020-06-10 14:55:00,103.00,103.00,103.00,103.00,375,50175,114.77
2020-06-10 14:57:00,102.00,102.00,102.00,102.00,150,49875,114.75
2020-06-10 14:58:00,101.15,101.15,100.85,100.85,225,49875,114.71
2020-06-10 14:59:00,102.20,102.20,102.20,102.20,75,49875,114.69
2020-06-10 15:00:00,101.20,101.20,98.50,98.75,600,49725,114.58
2020-06-10 15:01:00,99.40,99.40,99.40,99.40,75,49725,114.57
2020-06-10 15:02:00,98.50,98.95,98.50,98.85,450,49725,114.48
2020-06-10 15:03:00,100.00,100.00,100.00,100.00,75,50250,114.46
2020-06-10 15:04:00,99.35,100.00,99.35,100.00,450,50250,114.38
2020-06-10 15:05:00,99.40,100.00,99.40,99.85,975,50250,114.20
2020-06-10 15:06:00,100.50,100.50,100.50,100.50,375,49500,114.14
2020-06-10 15:07:00,100.05,100.05,100.05,100.05,75,49500,114.13
2020-06-10 15:08:00,100.70,100.70,100.70,100.70,75,49500,114.12
2020-06-10 15:09:00,100.70,100.70,100.70,100.70,150,49500,114.09
2020-06-10 15:10:00,99.45,99.50,99.20,99.20,825,49500,113.94
2020-06-10 15:11:00,99.20,99.20,98.50,98.50,1800,49500,113.62
2020-06-10 15:12:00,99.00,99.00,97.30,97.30,1125,49800,113.41
2020-06-10 15:13:00,97.40,97.45,96.90,97.35,525,49800,113.31
2020-06-10 15:14:00,97.30,97.30,96.90,96.90,150,49800,113.28
2020-06-10 15:15:00,97.15,97.40,96.95,96.95,600,50175,113.17
2020-06-10 15:16:00,96.90,97.20,96.50,96.50,750,50175,113.03
2020-06-10 15:17:00,96.60,96.60,96.30,96.30,300,50175,112.97
2020-06-10 15:18:00,96.75,96.75,96.40,96.55,525,50025,112.87
2020-06-10 15:19:00,95.75,95.75,95.75,95.75,75,50025,112.86
2020-06-10 15:20:00,95.55,96.10,95.20,95.20,1200,50025,112.63
2020-06-10 15:21:00,95.20,95.60,94.10,94.20,1275,50025,112.38
2020-06-10 15:22:00,94.35,94.35,93.75,93.95,1875,50025,112.00
2020-06-10 15:23:00,93.85,94.35,93.85,94.35,150,50025,111.97
2020-06-10 15:24:00,94.65,94.65,94.65,94.65,150,51150,111.95
2020-06-10 15:25:00,94.90,95.25,94.15,95.25,1350,51150,111.70
2020-06-10 15:26:00,95.10,95.60,94.85,95.40,1350,51150,111.47
2020-06-10 15:27:00,95.80,96.45,95.40,96.40,900,52950,111.32
2020-06-10 15:28:00,96.50,96.80,95.55,96.80,600,52950,111.23
2020-06-10 15:29:01,97.00,97.35,92.45,92.45,1725,52950,110.97
2020-07-10 09:15:00,80.60,102.95,80.60,101.10,750,53025,98.73
2020-07-10 09:16:00,101.45,101.45,100.00,100.20,1125,53025,99.69
2020-07-10 09:17:00,99.40,100.50,99.40,100.50,750,53475,99.76
2020-07-10 09:18:00,99.75,100.45,99.50,100.45,2475,53475,99.90
2020-07-10 09:19:00,100.45,101.15,100.35,101.00,1125,53475,100.08
2020-07-10 09:20:00,100.30,102.85,100.30,102.85,375,54075,100.16
2020-07-10 09:21:00,102.00,102.05,101.40,101.40,975,54075,100.38
2020-07-10 09:22:00,101.40,101.40,100.20,100.40,450,54075,100.41
2020-07-10 09:23:00,100.00,100.30,100.00,100.00,450,54375,100.39
2020-07-10 09:24:00,101.15,101.15,101.00,101.00,225,54375,100.41
2020-07-10 09:25:00,101.40,101.40,101.35,101.35,450,54375,100.46
2020-07-10 09:26:00,99.45,99.85,99.45,99.50,375,52500,100.42
2020-07-10 09:27:00,100.45,101.00,100.45,100.95,450,52500,100.44
2020-07-10 09:28:00,100.60,101.55,100.30,101.55,1125,52500,100.49
2020-07-10 09:29:00,101.90,101.90,100.45,100.45,450,52350,100.54
2020-07-10 09:30:00,100.50,100.95,100.50,100.55,525,52350,100.54
2020-07-10 09:31:00,100.40,100.40,98.95,98.95,300,52350,100.53
2020-07-10 09:32:00,98.95,98.95,98.40,98.90,300,52050,100.49
2020-07-10 09:33:00,98.40,98.40,98.35,98.35,750,52050,100.37
2020-07-10 09:34:00,97.95,98.80,97.95,98.25,900,52050,100.25
2020-07-10 09:35:00,98.10,98.10,98.10,98.10,75,52050,100.24
2020-07-10 09:36:00,97.15,97.60,96.70,96.70,675,51600,100.10
2020-07-10 09:37:00,96.95,96.95,96.95,96.95,225,51600,100.05
2020-07-10 09:38:00,96.45,96.55,96.45,96.55,2025,52050,99.64
2020-07-10 09:39:00,96.10,96.10,92.40,92.40,2175,52050,99.16
2020-07-10 09:40:00,93.90,94.60,93.85,94.00,300,52050,99.08
2020-07-10 09:41:00,93.50,93.50,92.90,93.30,375,55125,98.97
2020-07-10 09:42:00,94.45,95.85,94.00,94.00,1650,55125,98.67
2020-07-10 09:43:00,93.95,93.95,93.95,93.95,75,55125,98.65
2020-07-10 09:44:00,93.40,93.75,92.70,92.70,375,56325,98.56
2020-07-10 09:45:00,91.75,92.50,88.70,88.70,1275,56325,98.16
2020-07-10 09:46:00,88.60,88.95,88.05,88.05,450,56325,97.98
2020-07-10 09:47:00,88.05,88.15,87.35,88.15,1575,55650,97.35
2020-07-10 09:48:00,87.95,88.00,87.05,87.50,1500,55650,96.82
2020-07-10 09:49:00,88.20,89.85,88.20,89.20,3525,55650,95.89
2020-07-10 09:50:00,89.70,89.80,89.45,89.65,1875,58275,95.53
2020-07-10 09:51:00,88.65,88.70,88.35,88.65,1500,58275,95.22
2020-07-10 09:52:00,88.80,88.85,85.60,87.05,2475,58275,94.70
2020-07-10 09:53:00,87.80,87.80,85.00,86.00,2250,60825,94.20
2020-07-10 09:54:00,86.20,87.80,85.85,87.80,1650,60825,93.87
2020-07-10 09:55:00,86.95,86.95,86.00,86.75,525,60825,93.78
2020-07-10 09:56:00,86.50,86.70,86.45,86.70,375,61725,93.71
2020-07-10 09:57:00,86.35,86.35,85.35,85.35,675,61725,93.58
2020-07-10 09:58:00,85.10,85.40,84.50,84.50,675,61725,93.45
2020-07-10 09:59:00,85.55,85.55,85.55,85.55,300,61725,93.39
2020-07-10 10:00:00,86.15,86.15,85.15,85.75,450,59775,93.31
2020-07-10 10:02:00,88.00,88.25,87.05,88.15,3225,59925,92.92
2020-07-10 10:03:00,88.50,89.00,86.35,86.35,1800,59925,92.74
2020-07-10 10:04:00,85.15,85.25,85.15,85.15,1800,59925,92.47
2020-07-10 10:05:00,85.80,86.45,85.75,86.45,675,62850,92.39
2020-07-10 10:06:00,86.45,86.75,86.05,86.55,1200,62850,92.25
2020-07-10 10:07:00,86.55,86.75,86.25,86.25,1500,62850,92.09
2020-07-10 10:08:00,86.45,86.45,85.00,85.00,2475,63075,91.79
2020-07-10 10:09:00,85.30,85.30,85.30,85.30,150,63075,91.78
2020-07-10 10:10:00,84.90,85.00,84.90,84.95,375,63075,91.73
2020-07-10 10:11:00,85.15,85.25,84.95,85.25,525,62400,91.67
2020-07-10 10:12:00,85.60,86.00,85.60,86.00,450,62400,91.63
2020-07-10 10:13:00,85.70,86.00,85.70,86.00,750,62400,91.55
2020-07-10 10:14:00,85.80,85.80,85.00,85.00,975,61650,91.45
2020-07-10 10:16:00,85.85,85.95,85.85,85.95,150,61650,91.44
2020-07-10 10:17:00,85.30,85.30,85.30,85.30,150,61650,91.42
2020-07-10 10:18:00,85.15,85.50,85.15,85.50,150,62250,91.41
2020-07-10 10:19:00,85.40,85.90,85.40,85.90,300,62250,91.38
2020-07-10 10:20:00,85.95,86.90,85.95,86.80,450,61050,91.34
2020-07-10 10:21:00,87.15,87.15,85.00,85.15,225,61050,91.32
2020-07-10 10:22:00,84.75,85.65,84.55,84.55,1050,61050,91.21
2020-07-10 10:23:00,84.60,85.15,84.60,85.15,225,61350,91.19
2020-07-10 10:25:00,82.60,82.60,81.15,82.15,1200,61350,91.03
2020-07-10 10:26:00,82.00,82.00,82.00,82.00,75,61725,91.02
2020-07-10 10:27:00,80.80,80.80,80.45,80.70,300,61725,90.97
2020-07-10 10:28:00,81.45,81.85,81.30,81.30,225,61725,90.94
2020-07-10 10:31:00,82.20,82.75,82.20,82.60,300,61575,90.90
2020-07-10 10:33:00,82.15,82.15,82.15,82.15,150,61500,90.88
2020-07-10 10:35:00,82.95,82.95,82.95,82.95,150,61425,90.86
2020-07-10 10:36:00,82.35,82.35,82.35,82.35,75,61425,90.85
2020-07-10 10:37:00,83.15,83.15,83.15,83.15,75,61425,90.84
2020-07-10 10:43:00,83.05,83.05,83.05,83.05,150,61650,90.82
2020-07-10 10:45:00,82.20,82.30,82.20,82.30,225,61650,90.79
2020-07-10 10:46:00,81.80,81.80,81.30,81.30,450,61650,90.73
2020-07-10 10:47:00,81.30,81.50,81.05,81.50,1050,62100,90.58
2020-07-10 10:48:00,81.75,81.75,81.75,81.75,75,62100,90.57
2020-07-10 10:50:00,81.65,82.00,81.45,82.00,1275,62775,90.40
2020-07-10 10:51:00,82.00,82.60,81.80,82.60,600,62775,90.33
2020-07-10 10:52:00,82.75,83.15,82.75,83.15,150,62775,90.31
2020-07-10 10:53:00,83.85,84.65,83.65,84.65,375,63450,90.28
2020-07-10 10:54:00,84.75,85.35,84.75,85.00,750,63450,90.22
2020-07-10 10:55:00,84.65,87.40,84.65,86.80,375,63450,90.20
2020-07-10 10:56:00,86.80,86.80,86.80,86.80,75,63450,90.20
2020-07-10 10:57:00,88.15,88.15,87.10,87.10,450,63825,90.18
2020-07-10 10:58:00,86.50,86.60,85.75,85.80,375,63825,90.16
2020-07-10 10:59:00,85.30,86.75,85.30,86.75,1275,63450,90.09
2020-07-10 11:00:00,87.00,87.00,87.00,87.00,600,63450,90.06
2020-07-10 11:01:00,86.95,87.50,86.95,87.40,825,63450,90.03
2020-07-10 11:02:00,87.65,89.50,87.25,88.70,1725,65325,89.99
2020-07-10 11:03:00,88.70,88.70,88.25,88.25,300,65325,89.99
2020-07-10 11:04:00,88.00,88.30,88.00,88.25,300,65325,89.98
2020-07-10 11:06:00,88.15,88.15,87.60,87.80,225,65325,89.97
2020-07-10 11:08:00,86.60,87.25,86.60,87.25,525,65400,89.95
2020-07-10 11:09:00,85.30,85.75,85.10,85.10,375,65400,89.93
2020-07-10 11:10:00,84.80,84.80,84.05,84.75,675,65400,89.88
2020-07-10 11:11:00,84.65,85.30,84.60,84.60,450,65475,89.85
2020-07-10 11:12:00,84.50,84.65,84.50,84.60,675,65475,89.81
2020-07-10 11:13:00,84.60,84.60,84.60,84.60,150,65475,89.80
2020-07-10 11:14:00,85.20,85.85,85.20,85.75,1125,64950,89.74
2020-07-10 11:16:00,87.50,87.50,87.50,87.50,75,64950,89.74
2020-07-10 11:17:00,87.50,89.50,87.50,89.50,1725,64950,89.71
2020-07-10 11:18:00,89.25,89.45,88.75,89.00,900,64575,89.70
2020-07-10 11:19:00,89.30,90.75,89.25,89.25,1875,64575,89.71
2020-07-10 11:20:00,89.65,91.05,89.55,91.05,1425,66000,89.71
2020-07-10 11:21:00,90.00,90.00,90.00,90.00,75,66000,89.71
2020-07-10 11:22:00,89.35,89.35,89.35,89.35,150,66000,89.71
2020-07-10 11:23:00,88.60,88.60,88.05,88.05,450,65925,89.71
2020-07-10 11:24:00,87.10,87.10,87.10,87.10,225,65925,89.70
2020-07-10 11:25:00,87.10,87.10,87.10,87.10,75,65925,89.70
2020-07-10 11:27:00,87.95,87.95,87.25,87.25,150,65250,89.69
2020-07-10 11:28:00,87.85,87.85,87.85,87.85,150,65250,89.69
2020-07-10 11:29:00,88.85,88.85,87.85,87.85,150,65250,89.69
2020-07-10 11:34:00,87.40,87.40,86.85,86.85,150,64725,89.68
2020-07-10 11:35:00,85.95,86.15,85.95,86.15,150,64650,89.68
2020-07-10 11:36:00,86.55,86.55,86.55,86.55,450,64650,89.66
2020-07-10 11:37:00,86.10,86.60,86.10,86.60,750,64650,89.63
2020-07-10 11:40:00,87.00,87.00,87.00,87.00,75,64500,89.63
2020-07-10 11:42:00,86.60,86.60,86.60,86.60,75,64575,89.63
2020-07-10 11:43:00,86.25,86.25,86.25,86.25,75,64575,89.63
2020-07-10 11:44:00,86.95,86.95,86.95,86.95,75,64575,89.62
2020-07-10 11:45:00,86.65,86.65,86.30,86.30,300,64575,89.61
2020-07-10 11:48:00,85.10,85.10,85.10,85.10,150,64800,89.61
2020-07-10 11:49:00,85.20,86.70,85.20,86.50,300,64800,89.59
2020-07-10 11:50:00,85.80,85.85,85.80,85.85,150,64800,89.59
2020-07-10 11:53:00,86.50,86.50,86.50,86.50,150,64950,89.58
2020-07-10 11:54:00,86.50,86.50,86.50,86.50,75,0,89.58
2020-07-10 11:55:00,86.50,86.50,86.50,86.50,75,64950,89.58
2020-07-10 11:57:00,85.80,85.80,85.80,85.80,75,64800,89.57
2020-07-10 11:58:00,85.30,85.35,85.30,85.35,225,64800,89.56
2020-07-10 12:00:00,86.45,86.45,86.45,86.45,75,64575,89.56
2020-07-10 12:01:00,85.70,85.70,85.40,85.50,225,64575,89.55
2020-07-10 12:03:00,85.50,85.50,85.50,85.50,75,64425,89.55
2020-07-10 12:04:00,84.35,84.35,84.35,84.35,300,64425,89.53
2020-07-10 12:05:00,84.65,84.65,82.25,82.70,1125,64425,89.45
2020-07-10 12:08:00,84.70,84.70,84.70,84.70,150,64650,89.44
2020-07-10 12:13:00,85.45,85.45,85.45,85.45,75,64500,89.44
2020-07-10 12:14:00,86.15,86.60,86.15,86.60,150,64500,89.44
2020-07-10 12:16:00,86.05,86.05,86.05,86.05,75,64575,89.43
2020-07-10 12:17:00,86.00,86.55,86.00,86.55,300,64575,89.42
2020-07-10 12:18:00,85.50,85.50,84.20,84.40,1200,64800,89.37
2020-07-10 12:19:00,85.35,85.35,84.80,85.10,225,64800,89.36
2020-07-10 12:20:00,85.00,85.30,84.45,85.20,1650,66075,89.28
2020-07-10 12:21:00,85.35,86.05,85.35,86.05,225,66075,89.27
2020-07-10 12:22:00,86.20,86.20,86.20,86.20,975,66075,89.24
2020-07-10 12:24:00,85.95,85.95,85.95,85.95,225,67200,89.23
2020-07-10 12:25:00,85.95,85.95,85.95,85.95,75,67200,89.23
2020-07-10 12:26:00,85.00,85.75,85.00,85.75,150,67200,89.23
2020-07-10 12:27:00,84.70,84.75,84.70,84.75,150,67200,89.22
2020-07-10 12:28:00,85.25,85.25,85.25,85.25,675,67200,89.19
2020-07-10 12:29:00,85.75,85.75,85.75,85.75,75,67200,89.19
2020-07-10 12:30:00,84.15,84.20,84.05,84.05,1575,67500,89.11
2020-07-10 12:31:00,82.95,82.95,81.20,81.20,450,67500,89.08
2020-07-10 12:32:00,82.60,82.60,82.60,82.60,1500,67500,88.99
2020-07-10 12:33:00,83.20,83.20,83.00,83.00,4500,70275,88.75
2020-07-10 12:34:00,84.25,84.25,84.25,84.25,75,70275,88.75
2020-07-10 12:35:00,85.20,85.20,85.20,85.20,75,70275,88.74
2020-07-10 12:36:00,83.65,83.65,82.55,82.55,1275,74550,88.68
2020-07-10 12:39:00,83.45,83.45,83.45,83.45,1800,74925,88.59
2020-07-10 12:42:00,83.20,83.20,83.20,83.20,75,70500,88.59
2020-07-10 12:43:00,82.55,82.55,82.55,82.55,375,70500,88.57
2020-07-10 12:44:00,81.20,81.40,79.25,81.05,1725,70500,88.44
2020-07-10 12:45:00,81.15,81.95,81.15,81.65,300,69975,88.42
2020-07-10 12:47:00,82.45,82.45,82.45,82.45,225,69975,88.41
2020-07-10 12:48:00,82.45,82.45,82.35,82.35,150,69300,88.40
2020-07-10 12:52:00,83.35,83.60,83.25,83.25,600,69300,88.38
2020-07-10 12:53:00,83.20,83.20,83.20,83.20,150,69300,88.37
2020-07-10 12:55:00,83.25,83.25,83.25,83.25,225,69000,88.36
2020-07-10 12:57:00,82.25,82.25,82.25,82.25,75,69000,88.36
2020-07-10 12:58:00,82.25,82.25,82.25,82.25,75,69000,88.35
2020-07-10 13:06:00,84.75,85.90,84.75,85.75,300,69000,88.35
2020-07-10 13:08:00,86.00,86.00,86.00,86.00,75,69000,88.34
2020-07-10 13:09:00,86.15,86.15,86.15,86.15,75,68850,88.34
2020-07-10 13:11:00,86.00,86.40,85.40,85.40,675,68850,88.33
2020-07-10 13:13:00,84.30,84.30,84.30,84.30,75,68850,88.33
2020-07-10 13:17:00,84.75,84.75,84.75,84.75,225,68775,88.32
2020-07-10 13:18:00,85.60,85.60,85.60,85.60,75,69000,88.32
2020-07-10 13:21:00,84.40,84.40,84.40,84.40,75,69075,88.31
2020-07-10 13:25:00,83.25,83.25,83.25,83.25,75,69075,88.31
2020-07-10 13:26:00,85.20,85.20,85.20,85.20,525,69075,88.30
2020-07-10 13:27:00,84.25,84.25,83.40,83.75,375,69075,88.28
2020-07-10 13:28:00,84.15,84.25,84.15,84.25,150,69075,88.28
2020-07-10 13:31:00,84.15,84.15,83.55,83.55,150,68925,88.27
2020-07-10 13:32:00,84.35,84.35,84.35,84.35,75,68925,88.27
2020-07-10 13:38:00,85.95,85.95,85.95,85.95,150,68850,88.27
2020-07-10 13:39:00,85.55,85.60,85.55,85.60,300,68850,88.26
2020-07-10 13:40:00,86.00,86.20,86.00,86.00,525,68625,88.25
2020-07-10 13:41:00,87.30,87.30,87.30,87.30,150,68625,88.25
2020-07-10 13:43:00,86.40,86.40,86.40,86.40,75,68925,88.25
2020-07-10 13:44:00,86.75,86.75,86.75,86.75,75,68925,88.25
2020-07-10 13:45:00,86.65,86.65,86.65,86.65,75,68925,88.25
2020-07-10 13:47:00,85.55,86.25,85.00,86.25,1200,68925,88.22
2020-07-10 13:48:00,86.00,86.00,86.00,86.00,600,68925,88.21
2020-07-10 13:51:00,84.40,84.40,84.30,84.30,150,68700,88.20
2020-07-10 13:52:00,84.05,84.05,82.95,83.40,750,68700,88.17
2020-07-10 13:53:00,84.35,84.35,84.35,84.35,75,68700,88.17
2020-07-10 13:54:00,84.30,84.30,84.30,84.30,75,68700,88.17
2020-07-10 13:55:00,84.20,84.20,84.20,84.20,75,68700,88.16
2020-07-10 13:58:00,85.05,85.05,85.05,85.05,150,68775,88.16
2020-07-10 13:59:00,86.70,86.70,86.70,86.70,150,68775,88.16
2020-07-10 14:00:00,88.55,88.55,88.00,88.55,300,68850,88.16
2020-07-10 14:01:00,89.00,90.50,88.95,88.95,975,68850,88.17
2020-07-10 14:02:00,88.95,88.95,88.95,88.95,750,68850,88.18
2020-07-10 14:03:00,88.40,88.55,87.10,87.10,525,69225,88.17
2020-07-10 14:05:00,86.60,86.60,86.00,86.00,450,69225,88.17
2020-07-10 14:06:00,86.65,86.65,86.65,86.65,75,69225,88.17
2020-07-10 14:08:00,83.75,83.75,83.75,83.75,75,68850,88.16
2020-07-10 14:09:00,83.25,83.25,81.60,81.60,300,69075,88.15
2020-07-10 14:10:00,82.40,82.40,82.40,82.40,150,69075,88.14
2020-07-10 14:12:00,82.85,83.75,82.85,83.75,225,69525,88.13
2020-07-10 14:13:00,83.45,83.45,83.45,83.45,450,69525,88.12
2020-07-10 14:14:00,83.40,83.40,83.00,83.00,150,69525,88.11
2020-07-10 14:15:00,82.95,82.95,82.95,82.95,150,69525,88.11
2020-07-10 14:16:00,82.45,82.45,80.65,80.65,600,69525,88.07
2020-07-10 14:17:00,80.10,80.10,80.00,80.00,375,69525,88.05
2020-07-10 14:18:00,80.35,80.35,80.35,80.35,75,69525,88.05
2020-07-10 14:19:00,81.35,81.35,81.35,81.35,75,69600,88.04
2020-07-10 14:21:00,81.65,81.65,81.65,81.65,225,69600,88.03
2020-07-10 14:22:00,81.55,81.55,81.55,81.55,75,69600,88.03
2020-07-10 14:23:00,81.10,81.20,81.10,81.20,225,69600,88.02
2020-07-10 14:25:00,81.35,81.35,80.60,80.60,1350,69600,87.94
2020-07-10 14:26:00,81.00,81.05,80.75,80.75,900,69600,87.89
2020-07-10 14:27:00,79.70,79.70,77.80,77.80,525,71475,87.86
2020-07-10 14:28:00,78.90,78.90,78.60,78.60,225,71475,87.84
2020-07-10 14:29:00,78.55,79.00,78.50,79.00,525,71475,87.80
2020-07-10 14:30:00,79.00,79.05,79.00,79.05,375,71550,87.78
2020-07-10 14:31:00,79.15,79.15,78.35,78.35,525,71550,87.74
2020-07-10 14:32:00,78.55,78.55,76.95,77.10,3075,71550,87.51
2020-07-10 14:33:00,76.50,76.50,75.95,76.05,450,71400,87.48
2020-07-10 14:34:00,76.05,76.05,76.05,76.05,75,71400,87.47
2020-07-10 14:37:00,78.15,78.15,78.15,78.15,150,71400,87.46
2020-07-10 14:38:00,78.05,78.95,78.05,78.55,525,71400,87.43
2020-07-10 14:40:00,77.15,77.15,77.15,77.15,75,71400,87.42
2020-07-10 14:41:00,76.95,76.95,76.95,76.95,150,71400,87.41
2020-07-10 14:42:00,76.95,76.95,76.95,76.95,150,71400,87.40
2020-07-10 14:43:00,77.55,77.55,77.55,77.55,75,71400,87.39
2020-07-10 14:45:00,78.95,78.95,78.95,78.95,150,71475,87.38
2020-07-10 14:46:00,79.55,80.00,79.10,80.00,525,71475,87.35
2020-07-10 14:47:00,81.45,81.45,80.90,80.90,825,71475,87.32
2020-07-10 14:48:00,81.50,81.50,81.50,81.50,75,72075,87.31
2020-07-10 14:49:00,82.30,82.30,82.30,82.30,75,72075,87.31
2020-07-10 14:50:00,80.55,80.55,80.55,80.55,75,72075,87.31
2020-07-10 14:52:00,82.05,83.50,82.05,82.55,525,72375,87.29
2020-07-10 14:53:00,83.40,83.40,83.40,83.40,300,72375,87.28
2020-07-10 14:54:00,83.30,83.30,83.30,83.30,75,72375,87.28
2020-07-10 14:55:00,82.20,82.20,81.60,81.60,150,72150,87.27
2020-07-10 14:56:00,81.95,81.95,81.95,81.95,225,72150,87.27
2020-07-10 14:57:00,81.50,81.50,81.50,81.50,75,72150,87.26
2020-07-10 14:58:00,81.70,81.70,81.70,81.70,300,72075,87.25
2020-07-10 15:00:00,82.80,82.80,82.80,82.80,75,72075,87.25
2020-07-10 15:01:00,80.55,80.55,80.55,80.55,75,72150,87.24
2020-07-10 15:03:00,82.05,82.05,82.05,82.05,150,72075,87.24
2020-07-10 15:05:00,81.60,81.60,81.10,81.10,675,72075,87.21
2020-07-10 15:06:00,81.00,81.00,81.00,81.00,600,72075,87.18
2020-07-10 15:09:00,79.95,79.95,79.95,79.95,150,72000,87.18
2020-07-10 15:10:00,80.00,80.00,79.80,79.80,300,72000,87.16
2020-07-10 15:11:00,79.55,79.55,79.55,79.55,75,72000,87.16
2020-07-10 15:12:00,79.75,79.75,79.75,79.75,75,72000,87.15
2020-07-10 15:13:00,80.00,80.25,80.00,80.25,300,72150,87.14
2020-07-10 15:15:00,80.40,80.40,80.40,80.40,75,72150,87.13
2020-07-10 15:18:00,78.20,78.20,78.20,78.20,75,72150,87.13
2020-07-10 15:19:00,78.25,78.25,78.20,78.20,225,72150,87.12
2020-07-10 15:20:00,78.20,78.55,77.75,77.90,1200,72150,87.04
2020-07-10 15:21:00,77.15,77.25,76.70,77.20,675,72525,87.00
2020-07-10 15:23:00,77.35,77.45,77.20,77.45,375,72525,86.97
2020-07-10 15:25:00,77.50,77.70,77.20,77.20,1200,72900,86.89
2020-07-10 15:27:00,77.55,77.55,77.35,77.35,150,72900,86.88
2020-07-10 15:28:00,77.15,77.50,77.15,77.25,450,72975,86.85
2020-07-10 15:29:01,77.25,77.50,76.95,76.95,1125,72975,86.78
2020-08-10 09:15:00,71.20,73.30,48.85,64.65,450,72975,64.72
2020-08-10 09:16:00,64.25,65.20,62.75,64.25,675,72975,64.47
2020-08-10 09:17:00,64.60,64.60,63.70,64.10,600,72525,64.41
2020-08-10 09:18:00,64.60,64.80,63.95,64.80,525,72525,64.38
2020-08-10 09:19:00,65.25,65.30,65.10,65.10,300,72525,64.48
2020-08-10 09:20:00,64.40,64.40,63.90,63.90,300,72225,64.43
2020-08-10 09:21:00,63.60,63.60,63.10,63.30,750,72225,64.20
2020-08-10 09:22:00,63.20,63.20,62.65,62.65,525,72225,64.05
2020-08-10 09:23:00,62.95,62.95,62.70,62.70,150,72975,64.00
2020-08-10 09:24:00,62.55,62.85,62.55,62.85,150,72975,63.96
2020-08-10 09:25:00,62.35,62.35,61.45,61.45,900,72975,63.61
2020-08-10 09:26:00,61.60,61.60,61.20,61.20,750,73500,63.34
2020-08-10 09:27:00,61.10,61.45,60.90,61.30,900,73500,63.06
2020-08-10 09:28:00,61.30,61.30,59.75,59.95,825,73500,62.80
2020-08-10 09:29:00,59.90,60.15,59.75,59.90,1425,74925,62.36
2020-08-10 09:30:00,59.85,59.85,59.75,59.75,300,74925,62.28
2020-08-10 09:31:00,59.90,59.90,59.50,59.60,2250,74925,61.76
2020-08-10 09:32:00,59.45,59.45,59.45,59.45,225,74925,61.72
2020-08-10 09:33:00,59.20,59.20,58.70,59.05,2625,76575,61.21
2020-08-10 09:34:00,59.05,59.05,59.05,59.05,75,76575,61.20
2020-08-10 09:35:00,59.30,59.85,59.30,59.85,300,77775,61.16
2020-08-10 09:37:00,59.20,59.20,59.20,59.20,75,77775,61.15
2020-08-10 09:38:00,59.20,59.45,59.20,59.30,300,78900,61.12
2020-08-10 09:39:00,59.15,59.15,59.00,59.00,300,78900,61.08
2020-08-10 09:40:00,59.00,59.00,59.00,59.00,75,78900,61.07
2020-08-10 09:41:00,58.85,58.85,58.85,58.85,75,78900,61.06
2020-08-10 09:42:00,58.55,58.55,58.30,58.30,300,79050,61.01
2020-08-10 09:43:00,58.35,58.80,58.35,58.75,375,79050,60.95
2020-08-10 09:44:00,57.85,57.85,57.85,57.85,75,79725,60.94
2020-08-10 09:45:00,57.75,57.95,57.45,57.70,375,79725,60.87
2020-08-10 09:46:00,57.70,57.95,57.70,57.95,225,79725,60.83
2020-08-10 09:47:00,57.65,57.65,57.60,57.60,150,78600,60.80
2020-08-10 09:48:00,56.75,57.15,56.40,57.15,600,78600,60.66
2020-08-10 09:50:00,58.25,58.40,58.25,58.35,600,78225,60.59
2020-08-10 09:51:00,58.60,59.00,58.60,58.80,450,78225,60.55
2020-08-10 09:52:00,59.05,59.25,59.05,59.25,225,78225,60.53
2020-08-10 09:53:00,59.20,59.20,58.80,58.80,300,78450,60.50
2020-08-10 09:54:00,59.05,59.20,59.05,59.20,150,78450,60.49
2020-08-10 09:55:00,59.35,59.55,59.35,59.55,675,78450,60.46
2020-08-10 09:56:00,59.95,60.00,59.95,60.00,150,78450,60.46
2020-08-10 09:57:00,59.75,59.90,59.50,59.90,1125,78600,60.41
2020-08-10 09:58:00,59.80,59.80,59.80,59.80,75,78600,60.41
2020-08-10 09:59:00,59.30,59.30,59.30,59.30,375,79575,60.39
2020-08-10 10:00:00,59.70,59.70,59.70,59.70,300,79575,60.38
2020-08-10 10:01:00,59.80,59.80,59.65,59.65,450,79575,60.37
2020-08-10 10:05:00,59.00,59.00,59.00,59.00,150,79425,60.36
2020-08-10 10:07:00,59.40,59.40,59.40,59.40,75,79575,60.36
2020-08-10 10:10:00,60.35,60.35,60.35,60.35,75,79500,60.36
2020-08-10 10:11:00,60.65,60.75,60.65,60.70,300,79500,60.36
2020-08-10 10:12:00,60.45,60.45,60.45,60.45,75,79425,60.36
2020-08-10 10:13:00,60.70,60.70,60.70,60.70,75,79425,60.36
2020-08-10 10:14:00,61.05,61.05,61.05,61.05,75,79500,60.36
2020-08-10 10:16:00,60.80,60.80,60.55,60.55,225,79500,60.37
2020-08-10 10:18:00,60.80,61.40,60.80,61.20,300,79650,60.38
2020-08-10 10:19:00,61.15,61.15,60.55,60.90,450,79650,60.39
2020-08-10 10:20:00,61.00,61.00,61.00,61.00,75,79875,60.39
2020-08-10 10:21:00,60.60,60.60,60.50,60.50,150,79875,60.39
2020-08-10 10:24:00,60.30,60.30,60.30,60.30,75,79950,60.39
2020-08-10 10:26:00,60.00,60.00,60.00,60.00,150,79950,60.39
2020-08-10 10:27:00,59.50,59.75,59.50,59.75,3075,80100,60.29
2020-08-10 10:28:00,59.70,59.70,59.50,59.65,1275,80100,60.26
2020-08-10 10:29:00,59.65,59.65,59.65,59.65,75,80100,60.26
2020-08-10 10:31:00,59.60,59.60,59.60,59.60,75,82575,60.26
2020-08-10 10:34:00,59.85,59.85,59.85,59.85,75,80625,60.26
2020-08-10 10:38:00,58.90,58.90,58.65,58.70,225,79725,60.25
2020-08-10 10:39:00,59.00,59.00,58.80,58.80,225,79725,60.24
2020-08-10 10:40:00,58.60,58.60,58.45,58.45,300,79725,60.22
2020-08-10 10:45:00,59.40,59.40,59.40,59.40,75,79875,60.22
2020-08-10 10:46:00,60.20,60.20,60.20,60.20,75,79875,60.22
2020-08-10 10:47:00,60.15,60.15,60.15,60.15,75,79875,60.22
2020-08-10 10:48:00,60.15,60.15,60.15,60.15,75,79875,60.22
2020-08-10 10:50:00,59.70,59.80,59.70,59.80,150,79800,60.21
2020-08-10 10:51:00,59.80,59.80,59.50,59.75,1275,79800,60.19
2020-08-10 10:52:00,59.70,59.70,59.65,59.65,300,79800,60.19
2020-08-10 10:53:00,59.75,59.75,59.75,59.75,375,78975,60.18
2020-08-10 10:54:00,59.60,59.70,59.50,59.50,1350,78975,60.16
2020-08-10 10:55:00,59.90,59.95,59.65,59.80,1200,78975,60.15
2020-08-10 10:58:00,59.60,59.60,59.00,59.40,300,77250,60.14
2020-08-10 10:59:00,59.25,59.40,59.25,59.30,825,77175,60.12
2020-08-10 11:00:00,59.25,59.25,58.75,58.75,300,77175,60.11
2020-08-10 11:01:00,59.05,59.35,59.05,59.35,375,77175,60.10
2020-08-10 11:02:00,59.70,59.70,59.70,59.70,75,77175,60.10
2020-08-10 11:04:00,59.00,59.00,59.00,59.00,150,76125,60.10
2020-08-10 11:05:00,58.35,58.35,58.35,58.35,75,76200,60.09
2020-08-10 11:07:00,58.00,58.00,57.70,57.95,825,76200,60.05
2020-08-10 11:08:00,58.05,58.05,57.70,58.05,1200,75900,59.98
2020-08-10 11:09:00,57.85,57.85,57.65,57.65,825,75900,59.94
2020-08-10 11:10:00,57.85,57.90,57.40,57.40,450,75900,59.91
2020-08-10 11:11:00,57.65,57.65,57.65,57.65,75,75900,59.91
2020-08-10 11:12:00,57.70,57.70,57.70,57.70,75,74400,59.90
2020-08-10 11:13:00,57.55,57.55,57.55,57.55,225,74400,59.89
2020-08-10 11:14:00,57.75,57.85,57.35,57.35,675,74550,59.85
2020-08-10 11:15:00,57.45,57.55,57.45,57.55,150,74550,59.85
2020-08-10 11:18:00,58.10,58.20,58.10,58.20,375,74550,59.83
2020-08-10 11:19:00,58.05,58.05,58.05,58.05,75,74550,59.83
2020-08-10 11:20:00,58.00,58.00,57.80,57.80,225,74550,59.82
2020-08-10 11:21:00,58.00,58.00,57.85,58.00,1725,73200,59.75
2020-08-10 11:22:00,58.00,58.20,58.00,58.20,600,73200,59.72
2020-08-10 11:23:00,57.75,57.75,57.75,57.75,150,71625,59.72
2020-08-10 11:24:00,57.75,57.90,57.75,57.90,150,71625,59.71
2020-08-10 11:25:00,57.75,57.75,57.75,57.75,150,71625,59.70
2020-08-10 11:26:00,58.10,58.10,58.10,58.10,375,71625,59.69
2020-08-10 11:27:00,57.50,58.20,57.50,58.20,1350,71775,59.64
2020-08-10 11:28:00,58.15,58.20,58.15,58.20,900,71775,59.61
2020-08-10 11:29:00,58.45,58.45,57.90,57.90,825,71175,59.59
2020-08-10 11:30:00,57.00,57.20,57.00,57.00,225,71175,59.58
2020-08-10 11:31:00,57.35,58.00,57.35,58.00,2400,71175,59.49
2020-08-10 11:32:00,58.10,58.10,57.95,58.10,975,71250,59.47
2020-08-10 11:33:00,57.00,57.25,57.00,57.25,300,71250,59.45
2020-08-10 11:35:00,57.80,57.80,57.80,57.80,75,71250,59.45
2020-08-10 11:39:00,59.35,60.05,59.35,60.05,750,71250,59.45
2020-08-10 11:40:00,60.20,60.20,59.75,59.75,600,71250,59.46
2020-08-10 11:44:00,58.90,59.00,58.90,59.00,300,70650,59.46
2020-08-10 11:45:00,59.25,59.25,59.25,59.25,75,70725,59.46
2020-08-10 11:50:00,59.25,59.25,59.25,59.25,225,70650,59.45
2020-08-10 11:52:00,59.40,59.40,59.40,59.40,150,70650,59.45
2020-08-10 11:54:00,59.55,59.90,59.55,59.85,225,70500,59.46
2020-08-10 11:55:00,59.70,59.70,59.70,59.70,75,70500,59.46
2020-08-10 11:56:00,60.10,60.10,60.10,60.10,150,70500,59.46
2020-08-10 11:57:00,59.80,59.80,59.80,59.80,75,70500,59.46
2020-08-10 11:59:00,60.80,60.80,60.80,60.80,150,70500,59.46
2020-08-10 12:00:00,60.75,60.75,60.75,60.75,75,70350,59.46
2020-08-10 12:01:00,60.50,60.50,60.50,60.50,75,70350,59.46
2020-08-10 12:03:00,60.35,60.35,60.35,60.35,75,70350,59.47
2020-08-10 12:04:00,59.50,59.50,59.50,59.50,225,70350,59.47
2020-08-10 12:08:00,58.10,58.15,58.10,58.15,750,70575,59.45
2020-08-10 12:09:00,59.00,59.00,59.00,59.00,225,70650,59.45
2020-08-10 12:10:00,59.25,59.25,59.25,59.25,75,70650,59.45
2020-08-10 12:11:00,58.60,58.60,58.60,58.60,75,70650,59.45
2020-08-10 12:12:00,58.50,58.50,58.50,58.50,375,69825,59.44
2020-08-10 12:13:00,58.50,58.50,58.50,58.50,75,69825,59.44
2020-08-10 12:15:00,58.80,59.00,58.80,59.00,1875,69750,59.42
2020-08-10 12:16:00,59.00,59.30,59.00,59.30,300,69750,59.42
2020-08-10 12:17:00,59.65,59.75,59.65,59.75,450,69750,59.42
2020-08-10 12:18:00,59.35,59.35,59.35,59.35,75,68775,59.42
2020-08-10 12:20:00,59.20,59.20,59.20,59.20,75,68775,59.42
2020-08-10 12:21:00,59.55,59.55,59.55,59.55,750,68700,59.43
2020-08-10 12:24:00,60.35,60.35,59.55,59.55,225,67950,59.43
2020-08-10 12:25:00,60.15,60.15,60.10,60.10,150,67950,59.43
2020-08-10 12:26:00,60.15,60.15,60.15,60.15,75,67950,59.43
2020-08-10 12:28:00,59.50,59.80,59.50,59.80,225,67950,59.43
2020-08-10 12:29:00,59.40,59.40,59.40,59.40,75,67950,59.43
2020-08-10 12:30:00,59.95,59.95,59.95,59.95,75,68025,59.43
2020-08-10 12:37:00,60.35,60.35,60.35,60.35,75,68100,59.43
2020-08-10 12:39:00,61.25,61.25,61.25,61.25,75,68025,59.43
2020-08-10 12:41:00,60.70,60.70,60.70,60.70,150,68025,59.44
2020-08-10 12:44:00,61.25,61.25,61.25,61.25,150,68175,59.44
2020-08-10 12:50:00,60.75,60.75,60.75,60.75,150,68250,59.45
2020-08-10 12:54:00,60.70,60.70,60.65,60.65,150,68325,59.45
2020-08-10 12:56:00,60.25,60.25,60.25,60.25,75,68325,59.45
2020-08-10 12:57:00,60.25,60.25,60.25,60.25,75,68325,59.45
2020-08-10 13:03:00,60.30,60.30,60.30,60.30,75,68250,59.45
2020-08-10 13:09:00,59.10,59.10,59.10,59.10,150,68325,59.45
2020-08-10 13:12:00,58.85,58.85,58.85,58.85,75,68400,59.45
2020-08-10 13:15:00,59.50,59.95,59.50,59.95,525,68400,59.45
2020-08-10 13:18:00,60.00,60.50,60.00,60.50,225,68250,59.45
2020-08-10 13:21:00,60.60,60.60,60.60,60.60,75,68100,59.46
2020-08-10 13:23:00,60.40,60.60,60.40,60.60,525,68100,59.47
2020-08-10 13:25:00,59.90,59.90,59.90,59.90,75,68100,59.47
2020-08-10 13:26:00,59.55,59.85,59.55,59.85,150,68100,59.47
2020-08-10 13:29:00,59.15,59.15,59.15,59.15,150,68025,59.47
2020-08-10 13:31:00,59.35,59.35,59.35,59.35,75,67875,59.46
2020-08-10 13:32:00,59.40,59.40,58.70,58.70,975,67875,59.46
2020-08-10 13:33:00,59.00,59.20,59.00,59.05,750,67350,59.46
2020-08-10 13:34:00,58.70,59.15,58.70,59.15,225,67350,59.46
2020-08-10 13:35:00,59.25,59.25,59.00,59.00,900,67350,59.45
2020-08-10 13:37:00,59.10,59.10,59.10,59.10,75,66825,59.45
2020-08-10 13:38:00,59.10,59.10,59.10,59.10,75,0,59.45
2020-08-10 13:39:00,58.95,58.95,58.95,58.95,75,66750,59.45
2020-08-10 13:41:00,59.30,59.30,59.30,59.30,75,66750,59.45
2020-08-10 13:43:00,58.80,58.80,58.80,58.80,75,66825,59.45
2020-08-10 13:45:00,59.50,59.50,59.50,59.50,375,66825,59.45
2020-08-10 13:47:00,58.20,58.20,57.50,57.50,225,66825,59.44
2020-08-10 13:48:00,58.45,58.45,58.40,58.40,150,66525,59.44
2020-08-10 13:49:00,58.70,58.70,58.70,58.70,75,66525,59.44
2020-08-10 13:51:00,59.10,59.10,59.10,59.10,75,66675,59.44
2020-08-10 13:53:00,60.50,60.55,60.45,60.55,375,66675,59.44
2020-08-10 13:54:00,60.30,60.80,60.30,60.75,1125,66150,59.46
2020-08-10 13:55:00,61.25,62.90,61.25,62.80,525,66150,59.48
2020-08-10 13:56:00,64.45,67.65,64.45,67.35,975,66150,59.58
2020-08-10 13:57:00,67.20,67.20,63.70,63.70,300,66675,59.60
2020-08-10 13:58:00,64.90,64.90,64.90,64.90,75,66675,59.61
2020-08-10 13:59:00,64.70,64.70,64.70,64.70,75,66675,59.61
2020-08-10 14:01:00,67.20,67.20,66.00,66.00,300,66750,59.64
2020-08-10 14:02:00,65.90,65.90,65.90,65.90,75,66750,59.65
2020-08-10 14:03:00,64.50,64.50,64.50,64.50,375,66750,59.68
2020-08-10 14:04:00,64.15,64.15,64.15,64.15,75,66600,59.68
2020-08-10 14:05:00,64.05,64.05,64.05,64.05,75,66600,59.68
2020-08-10 14:06:00,64.15,64.15,64.15,64.15,75,66600,59.69
2020-08-10 14:07:00,65.55,65.55,65.55,65.55,150,66750,59.70
2020-08-10 14:08:00,64.70,64.70,64.70,64.70,75,66750,59.71
2020-08-10 14:12:00,62.75,62.75,61.55,61.55,1050,66525,59.74
2020-08-10 14:13:00,62.00,62.00,62.00,62.00,75,66525,59.74
2020-08-10 14:15:00,62.00,62.35,62.00,62.35,225,66600,59.74
2020-08-10 14:17:00,63.40,63.80,63.40,63.80,150,66600,59.75
2020-08-10 14:18:00,64.25,64.25,64.25,64.25,75,66450,59.76
2020-08-10 14:20:00,64.40,66.40,64.40,66.40,150,66450,59.77
2020-08-10 14:21:00,65.75,65.75,65.75,65.75,75,66450,59.77
2020-08-10 14:22:00,65.20,65.20,65.20,65.20,75,66525,59.78
2020-08-10 14:25:00,66.85,67.15,66.30,66.30,300,66450,59.81
2020-08-10 14:26:00,65.55,66.25,65.55,66.25,375,66450,59.84
2020-08-10 14:27:00,66.65,66.65,66.65,66.65,75,66675,59.84
2020-08-10 14:28:00,67.10,67.90,67.10,67.90,225,66675,59.87
2020-08-10 14:29:00,67.55,68.30,66.75,67.00,600,66675,59.93
2020-08-10 14:30:00,67.10,68.30,67.05,67.05,375,66900,59.96
2020-08-10 14:31:00,67.65,70.25,67.65,69.35,1500,66900,60.14
2020-08-10 14:32:00,68.55,68.75,68.50,68.75,225,66900,60.17
2020-08-10 14:33:00,69.75,69.75,69.70,69.70,150,67350,60.19
2020-08-10 14:34:00,70.55,72.20,70.55,71.95,900,67350,60.32
2020-08-10 14:35:00,72.65,74.20,72.65,73.80,675,67350,60.43
2020-08-10 14:36:00,72.90,72.90,70.60,70.70,1725,68250,60.66
2020-08-10 14:37:00,67.95,67.95,67.15,67.15,450,68250,60.70
2020-08-10 14:38:00,66.25,66.25,65.00,65.70,300,68250,60.71
2020-08-10 14:39:00,65.45,65.45,65.45,65.45,75,68250,60.72
2020-08-10 14:40:00,66.55,66.90,66.25,66.80,1050,69450,60.79
2020-08-10 14:41:00,67.25,67.25,65.40,65.80,975,69450,60.85
2020-08-10 14:42:00,65.60,65.60,65.60,65.60,150,69450,60.86
2020-08-10 14:43:00,66.95,67.05,66.95,67.05,150,69825,60.87
2020-08-10 14:44:00,67.65,67.65,67.20,67.20,150,69825,60.88
2020-08-10 14:45:00,67.60,68.45,67.60,68.35,675,69750,60.94
2020-08-10 14:46:00,69.40,70.10,69.40,70.00,300,69750,60.97
2020-08-10 14:47:00,70.05,70.05,67.60,67.60,225,69750,60.99
2020-08-10 14:48:00,69.25,69.25,68.00,68.00,150,69600,61.00
2020-08-10 14:54:00,66.90,66.90,66.20,66.20,150,69300,61.01
2020-08-10 14:55:00,65.60,65.60,63.40,64.55,675,69300,61.04
2020-08-10 14:56:00,63.70,64.50,63.70,64.50,975,69300,61.07
2020-08-10 14:57:00,64.80,65.75,64.75,65.75,600,70050,61.10
2020-08-10 14:59:00,66.15,66.15,65.40,65.45,300,70050,61.11
2020-08-10 15:00:00,64.65,64.65,63.75,64.60,975,70500,61.15
2020-08-10 15:01:00,64.30,65.25,64.30,65.25,225,70500,61.15
2020-08-10 15:02:00,64.60,65.25,64.60,65.25,150,70500,61.16
2020-08-10 15:03:00,65.05,65.05,64.85,64.85,150,70500,61.17
2020-08-10 15:04:00,65.30,65.30,64.50,64.65,750,70650,61.20
2020-08-10 15:05:00,64.60,65.00,64.60,65.00,300,70650,61.21
2020-08-10 15:06:00,65.20,65.20,64.85,64.85,225,70875,61.22
2020-08-10 15:07:00,64.80,64.80,64.80,64.80,75,70875,61.22
2020-08-10 15:09:00,64.50,65.45,64.50,65.45,600,70650,61.24
2020-08-10 15:10:00,64.90,64.90,64.65,64.65,225,70650,61.25
2020-08-10 15:11:00,65.55,65.55,65.55,65.55,75,70650,61.26
2020-08-10 15:12:00,66.20,66.20,66.20,66.20,75,70650,61.26
2020-08-10 15:13:00,66.20,66.20,66.10,66.15,450,70500,61.28
2020-08-10 15:14:00,65.75,65.75,65.55,65.55,600,70500,61.31
2020-08-10 15:15:00,64.95,64.95,64.05,64.10,900,70275,61.34
2020-08-10 15:16:00,63.95,63.95,63.95,63.95,75,70275,61.34
2020-08-10 15:17:00,64.60,64.60,64.60,64.60,150,70275,61.35
2020-08-10 15:19:00,64.80,64.80,64.80,64.80,75,70200,61.35
2020-08-10 15:21:00,64.45,64.45,64.45,64.45,75,70200,61.35
2020-08-10 15:22:00,64.55,64.55,64.55,64.55,375,70200,61.37
2020-08-10 15:23:00,64.60,64.60,64.60,64.60,75,70200,61.37
2020-08-10 15:24:00,64.60,64.60,64.60,64.60,300,70275,61.38
2020-08-10 15:25:00,64.75,64.90,64.75,64.90,1200,70275,61.42
2020-08-10 15:26:00,64.60,64.95,64.60,64.95,525,70275,61.44
2020-08-10 15:27:00,64.85,65.00,64.85,65.00,750,69450,61.46
2020-08-10 15:28:00,64.90,65.25,64.90,65.25,525,69450,61.48
2020-08-10 15:29:01,65.50,65.60,65.00,65.20,450,69450,61.50
2020-09-10 09:15:00,60.05,61.35,60.00,60.70,2250,68775,60.55
2020-09-10 09:16:00,60.20,61.85,59.85,61.80,1125,68775,60.58
2020-09-10 09:17:00,61.20,61.20,60.80,60.95,375,70650,60.63
2020-09-10 09:18:00,61.55,61.55,61.55,61.55,75,70650,60.64
2020-09-10 09:19:00,61.95,62.10,61.85,61.85,300,70650,60.74
2020-09-10 09:20:00,61.00,61.00,60.05,60.70,450,70575,60.72
2020-09-10 09:21:00,61.15,61.15,61.15,61.15,450,70575,60.76
2020-09-10 09:22:00,61.25,61.25,61.25,61.25,75,70575,60.76
2020-09-10 09:24:00,60.95,60.95,60.75,60.75,150,70500,60.77
2020-09-10 09:25:00,60.10,60.15,59.60,59.80,375,70500,60.71
2020-09-10 09:26:00,60.20,60.50,60.20,60.50,225,70650,60.70
2020-09-10 09:27:00,60.65,60.65,59.80,59.80,600,70650,60.66
2020-09-10 09:28:00,60.20,60.20,60.20,60.20,75,70650,60.65
2020-09-10 09:29:00,60.85,60.85,60.85,60.85,75,70500,60.65
2020-09-10 09:30:00,62.00,62.00,62.00,62.00,75,70500,60.67
2020-09-10 09:32:00,63.00,63.00,63.00,63.00,75,70350,60.69
2020-09-10 09:33:00,64.05,64.05,63.00,63.00,225,70350,60.79
2020-09-10 09:34:00,63.15,63.30,63.00,63.30,300,70350,60.88
2020-09-10 09:35:00,64.00,64.10,64.00,64.10,150,70200,60.95
2020-09-10 09:36:00,63.85,63.85,63.85,63.85,75,70200,60.98
2020-09-10 09:37:00,63.95,66.95,63.95,66.40,825,70200,61.50
2020-09-10 09:38:00,66.05,66.05,66.05,66.05,75,70425,61.54
2020-09-10 09:39:00,68.10,68.30,67.30,67.35,975,70425,62.18
2020-09-10 09:40:00,67.95,68.60,67.00,67.00,600,70425,62.52
2020-09-10 09:41:00,65.95,65.95,65.95,65.95,75,70425,62.55
2020-09-10 09:42:00,66.45,68.30,66.45,67.90,600,70275,62.83
2020-09-10 09:43:00,68.50,68.50,68.40,68.45,225,70275,62.95
2020-09-10 09:44:00,68.50,69.40,68.50,69.00,225,70275,63.07
2020-09-10 09:45:00,69.75,69.80,68.40,68.55,975,70275,63.56
2020-09-10 09:46:00,68.60,68.60,67.20,67.65,600,70275,63.75
2020-09-10 09:47:00,67.40,67.65,66.85,66.85,1350,70125,64.09
2020-09-10 09:48:00,66.85,66.85,65.95,66.00,600,70125,64.19
2020-09-10 09:49:00,66.05,67.05,65.90,66.65,750,70125,64.29
2020-09-10 09:50:00,67.55,67.75,67.45,67.65,525,71475,64.40
2020-09-10 09:51:00,67.55,67.55,66.80,66.80,375,71475,64.47
2020-09-10 09:52:00,67.10,67.55,67.10,67.15,750,71475,64.59
2020-09-10 09:53:00,66.45,67.05,66.20,67.05,825,72375,64.68
2020-09-10 09:54:00,67.10,67.10,65.55,65.55,1125,72375,64.78
2020-09-10 09:55:00,65.50,65.50,63.65,63.90,1650,72375,64.76
2020-09-10 09:56:00,63.50,63.90,60.50,63.90,1350,74850,64.59
2020-09-10 09:57:00,64.30,64.70,63.80,63.85,375,74850,64.59
2020-09-10 09:58:00,64.40,64.95,63.85,63.85,975,74850,64.58
2020-09-10 09:59:00,64.35,64.80,64.35,64.35,900,75300,64.57
2020-09-10 10:00:00,64.40,65.55,64.40,64.95,450,75300,64.58
2020-09-10 10:01:00,65.70,65.70,64.55,64.55,675,75300,64.59
2020-09-10 10:02:00,64.40,65.15,64.40,64.40,375,75300,64.59
2020-09-10 10:03:00,65.00,66.45,63.75,65.60,600,75300,64.61
2020-09-10 10:04:00,66.15,66.15,65.05,66.00,450,75300,64.62
2020-09-10 10:05:00,64.30,64.30,64.30,64.30,150,75450,64.62
2020-09-10 10:06:00,64.10,64.10,62.95,63.00,300,75450,64.61
2020-09-10 10:07:00,60.85,61.65,60.85,61.65,750,75450,64.51
2020-09-10 10:08:00,61.85,62.00,61.85,62.00,225,75525,64.49
2020-09-10 10:09:00,61.40,61.80,61.40,61.80,300,75525,64.46
2020-09-10 10:10:00,60.60,61.10,60.55,61.10,450,75525,64.41
2020-09-10 10:11:00,61.35,61.35,61.35,61.35,75,74925,64.40
2020-09-10 10:12:00,62.30,64.10,62.30,64.10,300,74925,64.39
2020-09-10 10:18:00,61.00,62.25,61.00,62.25,300,74925,64.36
2020-09-10 10:19:00,62.25,62.25,61.20,61.20,150,74925,64.35
2020-09-10 10:20:00,60.80,61.30,60.80,61.30,225,75000,64.32
2020-09-10 10:21:00,61.50,61.50,61.50,61.50,225,75000,64.30
2020-09-10 10:22:00,61.10,61.10,61.10,61.10,75,75000,64.29
2020-09-10 10:23:00,60.75,60.90,60.55,60.90,300,75000,64.26
2020-09-10 10:25:00,60.80,60.80,60.80,60.80,150,74700,64.24
2020-09-10 10:26:00,61.90,61.90,61.90,61.90,75,74700,64.23
2020-09-10 10:28:00,59.65,59.65,57.95,58.05,450,74850,64.15
2020-09-10 10:29:00,58.05,58.05,58.05,58.05,150,74850,64.12
2020-09-10 10:30:00,58.45,58.45,58.10,58.10,300,74925,64.07
2020-09-10 10:31:00,58.15,60.45,58.15,60.45,900,74925,63.94
2020-09-10 10:32:00,60.20,60.20,59.15,59.15,450,75750,63.88
2020-09-10 10:33:00,59.65,59.65,59.65,59.65,75,75750,63.87
2020-09-10 10:35:00,60.35,61.50,60.35,61.50,300,75900,63.84
2020-09-10 10:36:00,61.25,61.25,61.25,61.25,75,75900,63.84
2020-09-10 10:37:00,62.95,63.15,62.90,63.15,300,75900,63.83
2020-09-10 10:38:00,62.50,62.70,62.40,62.40,225,75825,63.82
2020-09-10 10:39:00,62.30,62.30,60.75,60.75,150,75825,63.81
2020-09-10 10:40:00,57.80,57.85,57.80,57.85,150,75825,63.78
2020-09-10 10:42:00,59.10,59.25,59.10,59.25,225,75750,63.75
2020-09-10 10:43:00,57.35,57.35,55.50,56.50,1200,75750,63.49
2020-09-10 10:44:00,55.90,57.00,55.90,57.00,225,75975,63.45
2020-09-10 10:45:00,56.85,56.85,56.85,56.85,75,75975,63.43
2020-09-10 10:46:00,58.10,58.10,57.35,57.35,300,75975,63.39
2020-09-10 10:47:00,57.30,57.70,57.30,57.70,375,75600,63.33
2020-09-10 10:49:00,56.60,56.60,55.75,55.75,150,75600,63.30
2020-09-10 10:51:00,55.80,55.80,55.25,55.25,300,75450,63.23
2020-09-10 10:52:00,55.90,55.90,55.90,55.90,150,75450,63.20
2020-09-10 10:54:00,55.10,55.50,55.05,55.50,900,75000,63.02
2020-09-10 10:55:00,56.15,56.65,56.15,56.65,300,75000,62.97
2020-09-10 10:56:00,56.85,58.20,56.85,58.20,1125,75225,62.82
2020-09-10 10:57:00,57.80,57.85,57.80,57.85,150,75225,62.80
2020-09-10 10:58:00,57.90,58.00,57.90,58.00,150,75225,62.78
2020-09-10 10:59:00,57.75,57.90,57.75,57.90,375,75150,62.73
2020-09-10 11:00:00,57.60,57.60,57.60,57.60,75,75150,62.72
2020-09-10 11:01:00,58.95,58.95,58.55,58.55,525,75150,62.67
2020-09-10 11:02:00,58.40,58.40,56.45,56.45,450,75525,62.61
2020-09-10 11:03:00,56.00,56.00,54.40,55.40,1200,75525,62.40
2020-09-10 11:04:00,55.15,55.65,55.00,55.00,375,75525,62.34
2020-09-10 11:05:00,54.45,54.45,53.60,54.00,675,74850,62.21
2020-09-10 11:06:00,54.10,54.10,53.20,53.50,1125,74850,61.99
2020-09-10 11:08:00,53.75,54.15,53.15,54.05,750,75150,61.86
2020-09-10 11:09:00,53.80,53.80,52.70,53.10,675,75150,61.73
2020-09-10 11:10:00,53.75,53.80,53.75,53.80,150,75150,61.70
2020-09-10 11:11:00,54.60,54.65,54.60,54.65,300,75150,61.66
2020-09-10 11:12:00,55.65,55.65,55.65,55.65,75,75000,61.65
2020-09-10 11:13:00,55.50,55.60,55.50,55.60,300,75000,61.61
2020-09-10 11:14:00,55.25,55.25,55.25,55.25,75,74775,61.60
2020-09-10 11:15:00,54.10,54.10,54.10,54.10,450,74775,61.53
2020-09-10 11:16:00,56.15,56.15,56.15,56.15,75,74775,61.52
2020-09-10 11:17:00,56.00,56.00,56.00,56.00,75,74775,61.51
2020-09-10 11:18:00,56.20,56.20,55.70,56.00,1725,74775,61.31
2020-09-10 11:19:00,55.35,55.35,54.50,54.50,450,74775,61.26
2020-09-10 11:20:00,54.45,54.45,54.45,54.45,150,74775,61.24
2020-09-10 11:21:00,54.55,54.55,54.55,54.55,75,76350,61.23
2020-09-10 11:22:00,55.00,55.00,55.00,55.00,75,76350,61.22
2020-09-10 11:23:00,54.75,54.75,54.75,54.75,75,75750,61.21
2020-09-10 11:24:00,55.50,55.95,55.50,55.85,600,75750,61.14
2020-09-10 11:25:00,55.75,56.25,55.75,56.25,150,75750,61.13
2020-09-10 11:26:00,56.25,56.60,56.25,56.60,225,75750,61.11
2020-09-10 11:29:00,55.55,55.55,55.35,55.35,225,75525,61.08
2020-09-10 11:30:00,55.30,55.30,55.05,55.05,225,75525,61.06
2020-09-10 11:31:00,55.45,55.45,55.45,55.45,150,75525,61.04
2020-09-10 11:32:00,55.50,55.50,55.50,55.50,75,75000,61.03
2020-09-10 11:33:00,55.45,55.45,55.45,55.45,75,75000,61.02
2020-09-10 11:34:00,55.65,55.65,55.65,55.65,75,75000,61.02
2020-09-10 11:36:00,54.00,54.85,53.75,54.70,600,75000,60.94
2020-09-10 11:37:00,55.55,55.55,55.50,55.50,825,75000,60.85
2020-09-10 11:38:00,55.55,55.55,55.05,55.05,525,74625,60.80
2020-09-10 11:39:00,54.65,54.65,54.65,54.65,75,74625,60.79
2020-09-10 11:40:00,54.15,55.30,53.70,55.25,375,74625,60.75
2020-09-10 11:41:00,56.05,56.05,56.05,56.05,75,74475,60.74
2020-09-10 11:42:00,56.35,56.35,55.50,55.85,225,74475,60.72
2020-09-10 11:44:00,55.25,55.25,55.25,55.25,75,74475,60.72
2020-09-10 11:45:00,54.60,54.60,53.95,53.95,375,74475,60.67
2020-09-10 11:46:00,54.45,54.45,54.00,54.00,225,74475,60.65
2020-09-10 11:48:00,54.30,54.30,54.30,54.30,150,74850,60.63
2020-09-10 11:50:00,54.90,55.30,54.90,55.15,225,73875,60.61
2020-09-10 11:51:00,55.30,55.50,55.30,55.50,225,73875,60.59
2020-09-10 11:53:00,55.95,55.95,55.30,55.55,225,74025,60.57
2020-09-10 11:56:00,56.00,56.00,55.50,55.85,1575,73950,60.43
2020-09-10 11:57:00,55.80,55.80,55.70,55.70,150,73950,60.42
2020-09-10 11:58:00,56.30,56.45,56.30,56.45,300,73950,60.40
2020-09-10 11:59:00,56.70,56.75,56.70,56.75,150,73950,60.39
2020-09-10 12:00:00,56.55,56.55,55.90,55.90,375,74175,60.36
2020-09-10 12:03:00,55.05,55.45,55.05,55.45,300,74250,60.33
2020-09-10 12:04:00,55.25,55.25,55.25,55.25,75,74250,60.33
2020-09-10 12:05:00,55.05,55.05,54.50,54.55,375,74775,60.29
2020-09-10 12:06:00,54.55,54.55,53.65,53.65,450,74775,60.25
2020-09-10 12:07:00,54.40,54.50,54.40,54.50,150,74775,60.23
2020-09-10 12:08:00,54.40,54.40,54.40,54.40,75,74775,60.22
2020-09-10 12:14:00,57.05,57.40,57.05,57.20,225,75225,60.21
2020-09-10 12:15:00,58.20,58.20,58.20,58.20,75,75225,60.21
2020-09-10 12:16:00,58.65,58.75,57.10,57.10,825,75225,60.19
2020-09-10 12:17:00,56.35,56.35,56.35,56.35,75,75225,60.18
2020-09-10 12:19:00,57.45,57.45,57.45,57.45,75,74775,60.18
2020-09-10 12:20:00,58.20,58.45,58.20,58.45,300,74775,60.17
2020-09-10 12:21:00,58.90,59.35,58.90,59.35,150,74775,60.17
2020-09-10 12:22:00,59.05,59.05,59.05,59.05,75,74775,60.17
2020-09-10 12:25:00,57.95,57.95,57.95,57.95,75,74550,60.16
2020-09-10 12:26:00,57.40,57.40,57.40,57.40,75,74550,60.16
2020-09-10 12:27:00,57.55,57.95,57.55,57.95,300,74475,60.15
2020-09-10 12:28:00,58.85,58.90,58.85,58.90,150,74475,60.14
2020-09-10 12:29:00,58.85,58.85,58.85,58.85,75,74475,60.14
2020-09-10 12:30:00,57.00,57.00,56.05,56.05,225,74625,60.13
2020-09-10 12:32:00,56.05,56.60,56.05,56.55,375,74625,60.11
2020-09-10 12:33:00,55.70,55.70,54.50,55.15,600,74775,60.06
2020-09-10 12:34:00,55.40,55.40,55.40,55.40,75,74775,60.06
2020-09-10 12:36:00,54.70,54.70,54.70,54.70,75,75075,60.05
2020-09-10 12:37:00,54.95,54.95,54.95,54.95,75,75075,60.04
2020-09-10 12:38:00,54.40,54.40,54.40,54.40,75,75075,60.04
2020-09-10 12:39:00,55.05,55.05,54.70,54.70,150,75075,60.03
2020-09-10 12:41:00,54.55,54.90,54.55,54.85,450,75375,59.99
2020-09-10 12:42:00,55.30,55.30,55.30,55.30,75,75375,59.98
2020-09-10 12:44:00,55.75,55.75,55.35,55.35,150,75375,59.97
2020-09-10 12:45:00,54.05,54.15,53.80,54.15,450,75300,59.93
2020-09-10 12:46:00,54.90,55.15,54.90,55.15,225,75300,59.92
2020-09-10 12:48:00,54.45,54.45,54.45,54.45,75,75450,59.91
2020-09-10 12:50:00,54.45,54.45,54.20,54.20,150,75450,59.90
2020-09-10 12:51:00,54.45,54.55,54.25,54.25,225,75600,59.88
2020-09-10 12:53:00,53.85,54.05,53.85,54.05,150,75600,59.86
2020-09-10 12:54:00,53.60,53.60,53.60,53.60,300,75825,59.84
2020-09-10 12:56:00,54.70,54.70,54.70,54.70,75,75825,59.83
2020-09-10 12:59:00,54.25,54.25,54.25,54.25,150,76125,59.82
2020-09-10 13:00:00,54.65,54.65,54.65,54.65,150,75975,59.81
2020-09-10 13:01:00,54.15,54.15,54.15,54.15,75,75975,59.80
2020-09-10 13:03:00,53.75,53.75,53.75,53.75,75,75975,59.79
2020-09-10 13:04:00,53.70,53.70,53.70,53.70,75,75975,59.79
2020-09-10 13:05:00,53.75,53.75,53.75,53.75,75,75975,59.78
2020-09-10 13:11:00,55.25,55.25,55.05,55.05,6000,76200,59.39
2020-09-10 13:12:00,55.40,55.40,54.95,54.95,150,81150,59.38
2020-09-10 13:14:00,56.30,56.30,56.30,56.30,75,81150,59.38
2020-09-10 13:15:00,55.30,55.30,55.30,55.30,75,81300,59.38
2020-09-10 13:16:00,53.25,53.25,53.25,53.25,150,81300,59.36
2020-09-10 13:18:00,53.70,53.70,53.70,53.70,75,79800,59.36
2020-09-10 13:27:00,54.35,54.35,54.35,54.35,75,0,59.35
2020-09-10 13:29:00,54.45,54.75,54.45,54.75,225,79275,59.34
2020-09-10 13:33:00,53.80,53.80,53.80,53.80,450,79275,59.31
2020-09-10 13:40:00,59.15,59.15,59.15,59.15,225,79725,59.30
2020-09-10 13:41:00,57.95,58.10,57.95,58.10,150,79725,59.30
2020-09-10 13:42:00,57.15,57.15,57.15,57.15,225,79725,59.29
2020-09-10 13:47:00,57.15,57.15,55.25,55.25,225,79125,59.29
2020-09-10 13:52:00,54.50,54.50,54.50,54.50,75,79125,59.28
2020-09-10 13:57:00,55.00,55.00,55.00,55.00,75,79050,59.28
2020-09-10 14:01:00,55.40,55.40,55.40,55.40,75,78975,59.27
2020-09-10 14:02:00,56.40,56.40,56.00,56.00,825,78975,59.24
2020-09-10 14:05:00,55.25,55.25,55.25,55.25,75,78675,59.24
2020-09-10 14:12:00,52.50,52.50,51.10,51.15,750,79125,59.17
2020-09-10 14:20:00,49.80,50.00,49.80,50.00,525,78975,59.11
2020-09-10 14:21:00,50.45,50.75,50.40,50.75,300,79050,59.07
2020-09-10 14:22:00,51.00,51.65,51.00,51.65,225,79050,59.05
2020-09-10 14:24:00,50.65,50.65,50.05,50.55,750,78975,58.97
2020-09-10 14:25:00,50.50,50.50,49.85,50.20,450,78975,58.92
2020-09-10 14:26:00,49.65,49.65,49.35,49.35,150,78975,58.90
2020-09-10 14:27:00,50.00,50.00,49.00,49.00,300,78450,58.86
2020-09-10 14:28:00,49.00,49.70,49.00,49.45,1875,78450,58.65
2020-09-10 14:29:00,49.45,49.50,49.45,49.45,525,78450,58.59
2020-09-10 14:30:00,50.15,50.15,50.15,50.15,450,78750,58.54
2020-09-10 14:33:00,50.15,50.15,50.15,50.15,75,77925,58.53
2020-09-10 14:35:00,51.00,51.00,51.00,51.00,75,77925,58.53
2020-09-10 14:36:00,50.80,51.05,50.80,51.05,825,77700,58.45
2020-09-10 14:41:00,48.00,48.15,47.85,47.85,225,78450,58.43
2020-09-10 14:42:00,49.35,49.35,49.35,49.35,150,77325,58.41
2020-09-10 14:45:00,50.15,50.15,50.15,50.15,150,77325,58.39
2020-09-10 14:48:00,49.85,50.05,49.85,50.05,375,76950,58.36
2020-09-10 14:49:00,50.75,50.75,49.85,50.00,525,76950,58.31
2020-09-10 14:51:00,49.95,49.95,49.95,49.95,75,0,58.30
2020-09-10 14:52:00,50.55,50.55,50.55,50.55,75,77025,58.29
2020-09-10 14:53:00,50.35,50.35,50.35,50.35,75,77025,58.28
2020-09-10 14:55:00,49.35,49.35,48.85,48.85,150,76950,58.27
2020-09-10 15:00:00,50.20,50.20,50.20,50.20,150,76350,58.25
2020-09-10 15:01:00,50.20,50.20,50.20,50.20,75,76350,58.25
2020-09-10 15:02:00,49.70,50.00,49.70,50.00,150,76350,58.23
2020-09-10 15:07:00,50.25,50.25,50.25,50.25,75,76125,58.23
2020-09-10 15:09:00,50.30,50.30,50.00,50.00,225,76050,58.20
2020-09-10 15:10:00,50.00,50.00,49.85,49.85,150,76050,58.19
2020-09-10 15:13:00,49.95,49.95,49.80,49.80,375,76275,58.15
2020-09-10 15:16:00,50.40,50.40,50.40,50.40,300,76425,58.13
2020-09-10 15:17:00,50.70,51.05,50.70,51.05,4275,76425,57.79
2020-09-10 15:18:00,51.05,51.05,51.05,51.05,75,76425,57.78
2020-09-10 15:21:00,49.00,49.00,49.00,49.00,75,74550,57.77
2020-09-10 15:23:00,49.20,49.20,49.20,49.20,75,74550,57.77
2020-09-10 15:24:00,49.50,49.50,49.50,49.50,375,74550,57.73
2020-09-10 15:25:00,49.50,49.50,49.50,49.50,75,74550,57.73
2020-09-10 15:26:00,49.15,49.45,49.15,49.45,525,74550,57.68
2020-09-10 15:27:00,49.05,49.35,49.00,49.05,1800,74550,57.51
2020-09-10 15:28:00,48.30,48.30,48.30,48.30,75,73875,57.50
2020-09-10 15:29:01,48.00,48.00,44.95,44.95,300,73875,57.47
2020-12-10 09:17:00,41.20,41.20,40.75,40.90,225,72675,40.95
2020-12-10 09:18:00,41.05,41.05,40.75,40.75,150,72675,40.93
2020-12-10 09:19:00,41.45,42.30,41.45,42.30,375,72675,41.41
2020-12-10 09:20:00,42.95,42.95,42.95,42.95,75,72675,41.55
2020-12-10 09:21:00,42.90,42.90,42.50,42.50,300,72675,41.88
2020-12-10 09:22:00,42.50,42.50,41.95,42.30,1125,72675,42.11
2020-12-10 09:23:00,43.00,43.05,43.00,43.05,1200,72375,42.42
2020-12-10 09:25:00,43.50,44.10,43.50,44.10,150,72375,42.48
2020-12-10 09:27:00,44.85,44.85,44.80,44.80,150,73500,42.57
2020-12-10 09:28:00,44.75,44.75,44.70,44.70,150,73500,42.65
2020-12-10 09:29:00,44.80,44.80,44.45,44.55,1050,73500,43.05
2020-12-10 09:30:00,44.60,44.80,44.60,44.80,900,73500,43.29
2020-12-10 09:31:00,45.00,45.30,44.85,44.85,1050,73500,43.56
2020-12-10 09:32:00,44.80,44.80,44.65,44.70,525,73050,43.64
2020-12-10 09:33:00,44.35,44.50,44.35,44.50,375,73050,43.68
2020-12-10 09:34:00,44.75,45.45,44.70,44.70,1425,73050,43.88
2020-12-10 09:35:00,45.00,45.70,45.00,45.60,1200,71925,44.03
2020-12-10 09:36:00,45.35,45.45,45.00,45.20,450,71925,44.08
2020-12-10 09:37:00,44.95,45.30,44.80,45.30,975,71925,44.15
2020-12-10 09:38:00,44.90,44.90,44.30,44.45,750,71925,44.18
2020-12-10 09:39:00,43.90,44.55,43.90,44.55,300,71325,44.18
2020-12-10 09:40:00,44.55,44.60,44.55,44.60,375,71325,44.19
2020-12-10 09:41:00,44.75,44.80,44.75,44.80,150,71325,44.20
2020-12-10 09:43:00,43.75,43.75,43.75,43.75,75,70725,44.19
2020-12-10 09:44:00,43.50,43.70,43.50,43.50,450,69000,44.17
2020-12-10 09:45:00,42.95,43.10,42.95,43.00,525,69000,44.13
2020-12-10 09:46:00,43.10,43.55,43.10,43.55,225,69000,44.12
2020-12-10 09:47:00,43.75,43.75,43.70,43.70,150,68925,44.12
2020-12-10 09:48:00,43.70,43.70,43.70,43.70,225,68925,44.11
2020-12-10 09:49:00,43.65,43.65,43.65,43.65,150,68925,44.10
2020-12-10 09:50:00,43.60,43.60,43.60,43.60,75,68925,44.10
2020-12-10 09:53:00,44.30,44.30,44.30,44.30,150,68625,44.10
2020-12-10 09:55:00,44.10,44.10,44.10,44.10,75,68625,44.10
2020-12-10 09:57:00,44.10,44.10,44.05,44.05,150,68775,44.10
2020-12-10 09:58:00,44.10,44.10,43.90,43.90,675,68775,44.10
2020-12-10 09:59:00,44.05,44.10,44.00,44.10,1800,69600,44.09
2020-12-10 10:00:00,44.85,44.85,44.55,44.55,225,69600,44.10
2020-12-10 10:01:00,44.90,44.90,44.90,44.90,150,69600,44.10
2020-12-10 10:02:00,45.60,46.00,45.60,45.95,525,70875,44.15
2020-12-10 10:03:00,45.65,45.65,45.65,45.65,75,70875,44.16
2020-12-10 10:05:00,44.80,44.80,44.80,44.80,150,70875,44.16
2020-12-10 10:07:00,45.40,45.40,45.05,45.05,375,70875,44.18
2020-12-10 10:08:00,45.25,45.25,45.25,45.25,75,70875,44.19
2020-12-10 10:09:00,44.35,45.30,44.35,45.30,450,70950,44.20
2020-12-10 10:10:00,45.55,46.95,45.55,46.95,450,70950,44.24
2020-12-10 10:11:00,46.90,48.30,46.90,48.00,1050,70875,44.41
2020-12-10 10:12:00,47.70,47.95,47.70,47.95,150,70875,44.44
2020-12-10 10:13:00,48.40,48.40,47.05,47.05,675,70875,44.53
2020-12-10 10:14:00,46.50,46.50,46.30,46.45,825,71175,44.60
2020-12-10 10:15:00,46.60,47.50,46.25,47.50,600,71175,44.66
2020-12-10 10:16:00,47.15,47.15,47.15,47.15,75,71175,44.67
2020-12-10 10:17:00,47.95,47.95,47.65,47.95,450,71100,44.72
2020-12-10 10:18:00,47.65,47.65,47.60,47.60,150,71100,44.74
2020-12-10 10:20:00,46.40,46.40,46.40,46.40,75,71100,44.75
2020-12-10 10:21:00,46.15,46.60,46.15,46.60,150,71100,44.76
2020-12-10 10:22:00,46.15,46.40,46.15,46.40,150,71100,44.77
2020-12-10 10:23:00,46.45,46.80,46.45,46.80,225,71100,44.78
2020-12-10 10:24:00,46.40,46.40,46.40,46.40,75,71175,44.79
2020-12-10 10:26:00,46.80,46.80,46.80,46.80,75,71175,44.79
2020-12-10 10:27:00,48.25,48.35,48.10,48.10,300,71100,44.83
2020-12-10 10:28:00,48.35,48.60,48.35,48.50,375,71100,44.89
2020-12-10 10:29:00,48.35,48.35,47.90,47.90,1275,70575,45.05
2020-12-10 10:30:00,48.70,49.10,48.40,48.40,1125,70575,45.19
2020-12-10 10:31:00,47.90,47.90,47.60,47.60,150,70575,45.20
2020-12-10 10:32:00,47.40,47.50,47.40,47.50,225,70125,45.22
2020-12-10 10:33:00,47.55,47.55,46.85,46.95,225,70125,45.23
2020-12-10 10:35:00,46.80,46.80,45.70,45.90,225,69900,45.24
2020-12-10 10:38:00,46.60,46.60,46.05,46.05,225,69900,45.25
2020-12-10 10:40:00,47.00,47.00,47.00,47.00,75,69900,45.25
2020-12-10 10:41:00,46.70,47.15,46.55,47.15,675,69750,45.29
2020-12-10 10:42:00,47.50,47.50,47.50,47.50,75,69750,45.29
2020-12-10 10:43:00,48.00,48.00,48.00,48.00,75,69750,45.30
2020-12-10 10:44:00,48.15,48.15,48.00,48.00,375,69600,45.33
2020-12-10 10:46:00,47.80,47.80,47.80,47.80,75,69600,45.34
2020-12-10 10:47:00,48.00,48.35,48.00,48.25,300,69675,45.37
2020-12-10 10:50:00,49.20,49.20,48.85,48.85,150,69675,45.38
2020-12-10 10:51:00,48.55,48.55,48.55,48.55,150,69675,45.40
2020-12-10 10:54:00,48.40,48.55,48.40,48.50,675,69675,45.46
2020-12-10 10:55:00,48.25,48.25,48.25,48.25,75,69675,45.47
2020-12-10 10:56:00,47.30,47.90,47.30,47.90,300,69750,45.49
2020-12-10 10:57:00,47.45,47.45,47.45,47.45,75,69750,45.49
2020-12-10 10:58:00,47.05,47.20,46.85,47.20,225,69750,45.50
2020-12-10 10:59:00,47.10,47.10,47.10,47.10,75,69750,45.51
2020-12-10 11:03:00,47.50,47.75,47.50,47.75,225,69525,45.52
2020-12-10 11:04:00,47.70,47.70,47.65,47.65,150,69525,45.53
2020-12-10 11:07:00,50.00,52.00,50.00,50.60,3975,69375,46.10
2020-12-10 11:08:00,49.90,49.90,49.40,49.40,150,68625,46.11
2020-12-10 11:09:00,49.95,50.55,49.95,50.55,225,68625,46.14
2020-12-10 11:10:00,51.60,51.85,51.60,51.75,900,68625,46.27
2020-12-10 11:11:00,52.15,52.30,50.95,51.00,900,68625,46.39
2020-12-10 11:12:00,51.15,51.50,51.10,51.10,375,68625,46.43
2020-12-10 11:13:00,50.05,50.20,49.65,49.65,600,68625,46.48
2020-12-10 11:14:00,49.75,49.75,49.70,49.75,300,66375,46.51
2020-12-10 11:15:00,50.20,50.50,50.20,50.50,375,66375,46.54
2020-12-10 11:17:00,50.45,51.10,50.45,51.10,600,66375,46.60
2020-12-10 11:18:00,50.85,50.90,50.80,50.90,900,66375,46.69
2020-12-10 11:19:00,50.45,50.45,49.60,49.60,450,66375,46.73
2020-12-10 11:20:00,49.35,49.60,49.35,49.35,750,65475,46.78
2020-12-10 11:21:00,49.95,50.05,49.95,50.05,150,65475,46.79
2020-12-10 11:22:00,49.80,50.30,49.80,50.30,4050,65475,47.04
2020-12-10 11:23:00,50.70,50.90,50.70,50.90,150,64575,47.05
2020-12-10 11:24:00,50.95,51.50,50.95,51.50,2325,64575,47.26
2020-12-10 11:25:00,51.50,52.20,51.50,52.10,1575,64575,47.40
2020-12-10 11:26:00,52.40,52.55,51.80,51.80,900,64575,47.48
2020-12-10 11:27:00,52.10,52.10,52.10,52.10,150,64575,47.50
2020-12-10 11:28:00,51.35,51.35,50.40,50.70,225,64575,47.51
2020-12-10 11:29:00,50.70,50.70,50.30,50.30,300,64800,47.53
2020-12-10 11:30:00,49.50,49.55,49.10,49.40,675,64800,47.55
2020-12-10 11:31:00,49.60,49.70,49.50,49.70,450,64800,47.57
2020-12-10 11:32:00,49.50,49.50,49.35,49.35,300,64425,47.58
2020-12-10 11:33:00,49.75,50.00,49.70,50.00,225,64425,47.58
2020-12-10 11:34:00,50.15,50.15,50.15,50.15,150,64425,47.59
2020-12-10 11:35:00,50.90,51.05,50.90,51.00,375,64425,47.61
2020-12-10 11:36:00,51.00,51.00,50.15,50.15,375,62475,47.63
2020-12-10 11:37:00,50.00,50.00,48.85,48.85,1200,62475,47.67
2020-12-10 11:38:00,48.90,49.45,48.90,49.45,150,63375,47.67
2020-12-10 11:39:00,49.25,49.85,49.25,49.80,300,63375,47.68
2020-12-10 11:40:00,48.95,48.95,48.95,48.95,75,63375,47.68
2020-12-10 11:42:00,49.90,49.90,49.90,49.90,75,63450,47.68
2020-12-10 11:43:00,49.75,49.75,49.75,49.75,150,63450,47.69
2020-12-10 11:44:00,49.40,49.40,49.40,49.40,75,62925,47.69
2020-12-10 11:45:00,50.10,50.10,50.10,50.10,75,62925,47.69
2020-12-10 11:46:00,49.50,49.70,49.50,49.70,225,62925,47.70
2020-12-10 11:47:00,48.95,48.95,48.95,48.95,75,63225,47.70
2020-12-10 11:48:00,48.95,49.15,48.95,49.15,300,63225,47.71
2020-12-10 11:49:00,47.65,47.65,47.25,47.25,225,63225,47.71
2020-12-10 11:50:00,47.90,47.90,47.90,47.90,150,63225,47.71
2020-12-10 11:52:00,48.75,49.10,48.75,49.10,525,63075,47.72
2020-12-10 11:53:00,48.70,48.70,48.70,48.70,75,63075,47.72
2020-12-10 11:55:00,49.75,49.75,49.75,49.75,150,62475,47.73
2020-12-10 11:56:00,49.50,49.50,49.50,49.50,375,62475,47.74
2020-12-10 11:58:00,49.90,49.90,49.90,49.90,150,62325,47.74
2020-12-10 12:01:00,50.10,50.10,50.10,50.10,75,61875,47.75
2020-12-10 12:02:00,50.60,50.60,50.60,50.60,150,61875,47.75
2020-12-10 12:03:00,51.00,51.00,51.00,51.00,75,61725,47.76
2020-12-10 12:04:00,51.10,52.10,51.10,52.10,450,61725,47.79
2020-12-10 12:05:00,53.00,53.35,53.00,53.00,600,61725,47.84
2020-12-10 12:06:00,51.70,51.70,51.45,51.45,150,61350,47.85
2020-12-10 12:10:00,51.40,51.40,51.40,51.40,75,61200,47.85
2020-12-10 12:12:00,51.00,51.00,50.75,50.75,375,61275,47.87
2020-12-10 12:13:00,51.00,52.60,51.00,52.60,300,61275,47.89
2020-12-10 12:14:00,53.40,53.40,52.60,52.60,150,61275,47.90
2020-12-10 12:15:00,53.35,53.55,53.35,53.55,225,61500,47.92
2020-12-10 12:16:00,53.70,53.85,53.65,53.85,300,61500,47.95
2020-12-10 12:17:00,54.30,54.30,53.15,53.20,525,62025,47.99
2020-12-10 12:18:00,53.00,53.00,51.85,51.85,975,62025,48.06
2020-12-10 12:19:00,51.65,51.65,51.65,51.65,75,62025,48.07
2020-12-10 12:20:00,51.80,51.80,51.80,51.80,150,61800,48.07
2020-12-10 12:21:00,51.40,51.40,51.20,51.20,150,61800,48.08
2020-12-10 12:22:00,51.80,51.95,51.80,51.95,150,61800,48.09
2020-12-10 12:23:00,51.70,51.70,51.70,51.70,75,61800,48.09
2020-12-10 12:24:00,51.25,51.25,50.65,50.90,225,61650,48.10
2020-12-10 12:25:00,51.55,51.55,51.55,51.55,75,61650,48.11
2020-12-10 12:26:00,51.90,51.90,51.85,51.85,225,61650,48.12
2020-12-10 12:27:00,52.25,52.25,52.25,52.25,75,61650,48.12
2020-12-10 12:28:00,52.50,52.50,51.55,51.55,375,61650,48.15
2020-12-10 12:31:00,49.80,49.80,49.80,49.80,75,61500,48.15
2020-12-10 12:32:00,49.30,49.30,49.30,49.30,75,61500,48.15
2020-12-10 12:36:00,50.50,50.50,50.50,50.50,75,61200,48.15
2020-12-10 12:37:00,51.15,51.90,51.10,51.90,750,61200,48.19
2020-12-10 12:38:00,50.35,51.05,50.35,51.05,150,61200,48.19
2020-12-10 12:39:00,51.15,51.15,46.50,47.30,1800,61500,48.20
2020-12-10 12:40:00,46.90,48.35,46.90,48.10,675,61500,48.20
2020-12-10 12:41:00,48.20,48.95,48.20,48.95,225,61500,48.20
2020-12-10 12:42:00,48.65,49.45,48.65,49.20,525,62025,48.21
2020-12-10 12:43:00,48.95,48.95,48.15,48.15,525,62025,48.21
2020-12-10 12:44:00,47.40,47.40,47.40,47.40,150,62025,48.21
2020-12-10 12:45:00,49.30,49.60,49.30,49.60,1050,61500,48.23
2020-12-10 12:46:00,50.10,50.75,50.10,50.75,225,61500,48.24
2020-12-10 12:49:00,49.20,49.20,48.80,48.80,300,62250,48.24
2020-12-10 12:50:00,49.15,49.65,49.15,49.65,150,62250,48.24
2020-12-10 12:51:00,50.30,50.30,50.30,50.30,150,62100,48.24
2020-12-10 12:52:00,50.40,50.40,50.40,50.40,75,62100,48.25
2020-12-10 12:54:00,50.50,50.50,50.50,50.50,75,60375,48.25
2020-12-10 12:56:00,49.10,49.10,49.10,49.10,75,60375,48.25
2020-12-10 12:57:00,49.25,49.65,49.25,49.65,150,60450,48.25
2020-12-10 12:58:00,49.95,50.40,49.95,50.25,600,60450,48.27
2020-12-10 12:59:00,50.50,50.50,50.50,50.50,75,60450,48.27
2020-12-10 13:01:00,52.15,52.15,52.00,52.00,225,60075,48.28
2020-12-10 13:02:00,51.20,51.20,51.20,51.20,75,60075,48.29
2020-12-10 13:03:00,51.60,51.60,51.60,51.60,75,60150,48.29
2020-12-10 13:04:00,51.90,51.90,51.90,51.90,75,60150,48.29
2020-12-10 13:05:00,51.85,51.85,51.85,51.85,75,60150,48.30
2020-12-10 13:07:00,53.45,53.45,53.10,53.10,225,60150,48.31
2020-12-10 13:08:00,52.00,52.00,52.00,52.00,75,60150,48.31
2020-12-10 13:11:00,51.75,51.75,51.75,51.75,75,59700,48.32
2020-12-10 13:12:00,51.35,51.35,51.35,51.35,75,59775,48.32
2020-12-10 13:13:00,51.35,51.35,51.35,51.35,75,59775,48.32
2020-12-10 13:14:00,51.50,51.75,51.50,51.75,150,59775,48.33
2020-12-10 13:15:00,52.85,52.85,52.85,52.85,75,59850,48.34
2020-12-10 13:16:00,53.05,53.35,52.55,53.30,600,59850,48.37
2020-12-10 13:17:00,53.80,54.70,53.80,54.40,600,59850,48.42
2020-12-10 13:18:00,54.45,54.45,54.30,54.45,375,59550,48.45
2020-12-10 13:19:00,55.20,55.20,55.15,55.15,150,59550,48.46
2020-12-10 13:20:00,56.30,56.30,56.30,56.30,675,59550,48.53
2020-12-10 13:22:00,54.85,55.00,54.85,55.00,225,60300,48.55
2020-12-10 13:23:00,55.70,56.00,55.70,56.00,450,60300,48.59
2020-12-10 13:24:00,56.55,56.70,56.55,56.70,225,60075,48.61
2020-12-10 13:25:00,56.65,57.30,56.65,57.30,900,60075,48.70
2020-12-10 13:26:00,58.00,59.45,57.75,59.45,600,60075,48.78
2020-12-10 13:27:00,60.00,61.05,59.00,59.00,450,61200,48.84
2020-12-10 13:28:00,59.10,59.10,58.50,58.95,1050,61200,48.97
2020-12-10 13:29:00,59.15,59.15,59.15,59.15,225,61200,49.00
2020-12-10 13:30:00,60.00,60.75,60.00,60.75,300,60750,49.04
2020-12-10 13:31:00,60.10,60.30,60.10,60.25,375,60750,49.09
2020-12-10 13:32:00,60.15,60.15,58.95,58.95,450,60750,49.15
2020-12-10 13:33:00,57.65,57.70,56.50,56.80,900,59775,49.23
2020-12-10 13:34:00,56.80,56.80,56.80,56.80,225,59775,49.25
2020-12-10 13:38:00,57.20,57.40,57.20,57.40,150,60525,49.26
2020-12-10 13:40:00,58.00,58.00,58.00,58.00,75,60450,49.27
2020-12-10 13:41:00,56.35,56.35,56.35,56.35,75,60450,49.28
2020-12-10 13:42:00,54.15,54.15,54.15,54.15,75,60450,49.28
2020-12-10 13:43:00,51.25,52.20,51.25,52.20,225,60450,49.29
2020-12-10 13:44:00,53.15,53.15,53.15,53.15,75,60450,49.29
2020-12-10 13:46:00,54.80,54.80,54.80,54.80,75,59025,49.30
2020-12-10 13:47:00,55.50,55.50,55.50,55.50,150,59025,49.31
2020-12-10 13:48:00,55.70,55.70,55.70,55.70,75,59025,49.31
2020-12-10 13:50:00,55.45,55.45,55.45,55.45,75,59025,49.32
2020-12-10 13:52:00,53.75,53.75,53.20,53.20,450,59100,49.34
2020-12-10 13:54:00,50.10,50.20,49.80,50.20,450,59100,49.34
2020-12-10 13:55:00,50.15,51.80,50.15,51.80,225,59100,49.35
2020-12-10 13:56:00,51.65,51.65,51.65,51.65,75,59100,49.35
2020-12-10 13:57:00,51.25,51.25,51.25,51.25,75,59100,49.35
2020-12-10 13:58:00,52.10,52.10,51.65,51.75,450,59250,49.37
2020-12-10 13:59:00,52.00,52.30,51.95,52.30,525,59250,49.38
2020-12-10 14:00:00,51.45,51.45,50.45,50.70,825,59850,49.40
2020-12-10 14:01:00,50.60,50.70,50.10,50.10,450,59850,49.40
2020-12-10 14:02:00,50.60,50.60,50.40,50.40,225,59850,49.40
2020-12-10 14:03:00,50.35,50.35,49.00,49.00,225,60450,49.40
2020-12-10 14:04:00,49.05,49.05,49.05,49.05,75,60450,49.40
2020-12-10 14:05:00,49.15,49.15,48.85,48.85,450,60450,49.40
2020-12-10 14:06:00,48.55,48.55,47.25,47.25,1200,60600,49.38
2020-12-10 14:07:00,46.90,46.90,45.95,45.95,975,60600,49.35
2020-12-10 14:08:00,46.55,46.55,46.55,46.55,75,60600,49.34
2020-12-10 14:09:00,46.30,46.40,46.30,46.40,150,59625,49.34
2020-12-10 14:11:00,45.95,46.15,45.65,45.65,525,59625,49.32
2020-12-10 14:12:00,45.95,45.95,45.95,45.95,75,59625,49.32
2020-12-10 14:13:00,46.10,46.25,46.00,46.25,300,59475,49.31
2020-12-10 14:14:00,46.80,46.85,46.80,46.85,150,59475,49.30
2020-12-10 14:15:00,48.20,48.55,48.20,48.55,225,59475,49.30
2020-12-10 14:16:00,48.50,48.95,47.70,47.70,750,59475,49.29
2020-12-10 14:17:00,47.75,48.10,47.60,48.10,375,59475,49.29
2020-12-10 14:18:00,48.20,49.15,47.95,47.95,450,59850,49.28
2020-12-10 14:19:00,47.55,47.55,47.55,47.55,75,59850,49.28
2020-12-10 14:20:00,47.65,48.05,47.65,48.05,150,59850,49.28
2020-12-10 14:21:00,49.85,50.05,49.85,50.05,675,59100,49.29
2020-12-10 14:22:00,49.15,49.20,49.15,49.20,375,59100,49.28
2020-12-10 14:23:00,50.00,50.35,50.00,50.25,450,59100,49.29
2020-12-10 14:24:00,49.80,49.80,49.80,49.80,75,59550,49.29
2020-12-10 14:25:00,49.95,49.95,49.40,49.40,150,59550,49.29
2020-12-10 14:26:00,49.50,49.50,47.75,48.25,375,59550,49.29
2020-12-10 14:27:00,49.60,49.60,49.60,49.60,75,59775,49.29
2020-12-10 14:28:00,50.30,50.45,50.30,50.45,150,59775,49.29
2020-12-10 14:29:00,50.70,51.40,50.70,50.95,450,59775,49.30
2020-12-10 14:30:00,50.75,50.75,49.10,49.10,450,59850,49.30
2020-12-10 14:31:00,49.20,49.20,48.20,48.35,450,59850,49.30
2020-12-10 14:33:00,47.00,47.00,46.25,46.25,150,59850,49.29
2020-12-10 14:35:00,47.55,48.30,47.55,48.20,900,60000,49.28
2020-12-10 14:36:00,48.00,48.00,47.95,47.95,150,59475,49.28
2020-12-10 14:37:00,48.10,48.10,48.10,48.10,75,59475,49.28
2020-12-10 14:38:00,48.10,48.65,48.10,48.65,150,59475,49.28
2020-12-10 14:39:00,49.25,49.25,48.45,48.45,825,60000,49.27
2020-12-10 14:40:00,47.90,47.90,46.90,46.90,600,60000,49.26
2020-12-10 14:41:00,47.15,47.15,45.80,45.95,750,60000,49.24
2020-12-10 14:42:00,45.70,45.85,45.60,45.85,450,60825,49.23
2020-12-10 14:43:00,45.70,46.05,45.40,45.70,3675,60825,49.11
2020-12-10 14:44:00,46.15,46.20,45.85,45.85,450,60825,49.09
2020-12-10 14:45:00,45.60,45.60,45.60,45.60,150,60825,49.09
2020-12-10 14:46:00,45.50,45.50,44.35,44.50,825,60750,49.06
2020-12-10 14:47:00,44.20,44.70,44.05,44.70,600,60750,49.03
2020-12-10 14:48:00,44.75,44.75,44.75,44.75,150,60750,49.03
2020-12-10 14:49:00,46.15,46.95,46.15,46.95,375,59475,49.02
2020-12-10 14:50:00,46.75,46.75,46.45,46.45,525,59475,49.01
2020-12-10 14:51:00,45.75,45.75,45.50,45.50,150,58875,49.00
2020-12-10 14:52:00,45.85,45.90,45.75,45.75,300,58875,48.99
2020-12-10 14:53:00,45.35,45.35,45.35,45.35,75,58875,48.99
2020-12-10 14:54:00,45.30,45.30,45.00,45.30,225,59250,48.98
2020-12-10 14:56:00,44.90,45.10,44.90,45.10,450,59250,48.97
2020-12-10 14:59:00,44.00,44.00,42.95,42.95,825,59550,48.93
2020-12-10 15:00:00,42.60,42.85,42.60,42.80,525,59250,48.90
2020-12-10 15:01:00,42.35,42.35,42.00,42.00,675,59250,48.86
2020-12-10 15:03:00,43.05,43.05,43.05,43.05,75,59250,48.86
2020-12-10 15:04:00,44.45,44.45,44.00,44.00,450,59625,48.84
2020-12-10 15:07:00,42.95,42.95,42.15,42.15,975,59700,48.79
2020-12-10 15:10:00,42.80,42.80,42.80,42.80,150,60000,48.78
2020-12-10 15:11:00,43.35,43.85,43.35,43.85,225,60000,48.77
2020-12-10 15:12:00,44.50,44.75,44.50,44.75,225,60000,48.76
2020-12-10 15:13:00,43.70,43.70,43.70,43.70,75,60075,48.76
2020-12-10 15:14:00,44.40,44.40,44.40,44.40,75,60075,48.75
2020-12-10 15:16:00,44.00,44.00,43.65,43.65,300,60150,48.74
2020-12-10 15:17:00,43.30,43.60,43.30,43.60,300,60150,48.73
2020-12-10 15:18:00,43.30,43.70,43.30,43.70,525,60150,48.70
2020-12-10 15:19:00,44.10,44.40,44.10,44.40,375,60150,48.69
2020-12-10 15:20:00,44.35,44.35,44.35,44.35,150,60150,48.68
2020-12-10 15:22:00,44.55,44.55,44.55,44.55,150,60075,48.68
2020-12-10 15:23:00,44.40,44.40,44.40,44.40,300,60075,48.67
2020-12-10 15:24:00,44.35,44.35,44.35,44.35,450,60600,48.65
2020-12-10 15:25:00,44.65,44.65,44.65,44.65,75,60600,48.65
2020-12-10 15:26:00,44.60,44.65,44.60,44.65,150,60600,48.64
2020-12-10 15:27:00,44.80,45.10,44.80,45.10,375,60525,48.63
2020-12-10 15:28:00,44.80,44.90,44.80,44.90,450,60525,48.62
2020-12-10 15:29:01,45.15,45.15,45.15,45.15,150,60525,48.61
2020-10-13 09:15:00,51.60,51.60,51.60,51.60,75,60000,51.60
2020-10-13 09:16:00,50.00,50.00,47.75,47.80,375,60000,49.14
2020-10-13 09:17:00,47.00,47.25,46.90,47.05,675,60300,47.92
2020-10-13 09:18:00,47.05,47.80,47.05,47.80,150,60300,47.86
2020-10-13 09:19:00,48.15,48.15,46.85,46.85,600,60300,47.90
2020-10-13 09:20:00,45.70,47.15,45.70,47.15,1875,60600,47.45
2020-10-13 09:23:00,46.40,47.05,46.40,47.05,450,60450,47.35
2020-10-13 09:24:00,46.50,47.25,46.50,47.25,1425,60450,47.13
2020-10-13 09:25:00,47.15,47.15,45.50,45.80,975,60450,46.95
2020-10-13 09:26:00,45.75,45.75,45.55,45.55,150,61875,46.92
2020-10-13 09:27:00,45.70,45.70,45.70,45.70,75,61875,46.91
2020-10-13 09:28:00,45.65,46.05,45.65,46.05,225,61875,46.87
2020-10-13 09:29:00,45.95,45.95,45.95,45.95,150,61050,46.85
2020-10-13 09:30:00,46.05,46.50,46.05,46.50,150,61050,46.84
2020-10-13 09:31:00,46.00,46.00,45.40,45.40,150,61050,46.82
2020-10-13 09:34:00,45.15,45.15,45.15,45.15,75,61050,46.80
2020-10-13 09:35:00,44.25,44.25,43.75,44.05,375,61050,46.67
2020-10-13 09:36:00,43.75,43.80,43.50,43.80,525,61050,46.48
2020-10-13 09:37:00,43.65,43.90,43.60,43.90,300,61050,46.39
2020-10-13 09:38:00,44.05,44.05,44.05,44.05,150,61050,46.35
2020-10-13 09:39:00,43.50,43.50,42.85,43.10,675,60900,46.12
2020-10-13 09:40:00,43.40,43.40,43.40,43.40,75,60900,46.10
2020-10-13 09:41:00,44.40,44.40,43.65,43.65,225,61275,46.05
2020-10-13 09:42:00,43.60,43.60,43.60,43.60,75,0,46.03
2020-10-13 09:43:00,43.40,43.40,43.40,43.40,450,61275,45.92
2020-10-13 09:44:00,43.20,43.20,41.70,41.70,525,61425,45.77
2020-10-13 09:45:00,41.65,41.65,41.65,41.65,75,61425,45.74
2020-10-13 09:46:00,42.60,42.60,42.60,42.60,75,61425,45.72
2020-10-13 09:47:00,42.85,42.85,42.85,42.85,75,61425,45.70
2020-10-13 09:48:00,42.85,42.85,42.85,42.85,150,61425,45.66
2020-10-13 09:50:00,42.50,42.50,42.50,42.50,75,61500,45.64
2020-10-13 09:51:00,42.90,43.20,42.90,42.95,225,61500,45.59
2020-10-13 09:52:00,42.35,42.35,42.35,42.35,75,61500,45.57
2020-10-13 09:53:00,42.70,42.95,42.70,42.95,150,61200,45.53
2020-10-13 09:55:00,42.25,42.25,42.25,42.25,75,61200,45.51
2020-10-13 09:56:00,42.65,42.75,42.65,42.75,225,61200,45.46
2020-10-13 09:57:00,42.95,42.95,42.95,42.95,75,61200,45.45
2020-10-13 09:58:00,43.10,43.10,42.85,42.85,300,61200,45.39
2020-10-13 09:59:00,42.60,42.60,42.05,42.05,150,61200,45.35
2020-10-13 10:00:00,42.40,43.00,42.40,42.70,450,61200,45.26
2020-10-13 10:01:00,43.05,43.05,42.50,42.50,1275,61200,45.03
2020-10-13 10:02:00,42.50,42.50,42.50,42.50,75,61200,45.02
2020-10-13 10:03:00,41.80,42.25,41.80,42.25,150,61050,44.99
2020-10-13 10:04:00,41.85,42.00,41.85,42.00,375,61050,44.91
2020-10-13 10:05:00,42.00,42.00,42.00,42.00,375,61425,44.84
2020-10-13 10:07:00,42.00,42.00,42.00,42.00,75,61425,44.83
2020-10-13 10:08:00,41.95,42.10,41.95,42.10,150,61425,44.80
2020-10-13 10:09:00,42.05,42.05,42.05,42.05,150,61275,44.78
2020-10-13 10:11:00,42.50,42.50,42.50,42.50,75,61275,44.77
2020-10-13 10:12:00,42.10,42.35,42.05,42.05,375,61275,44.71
2020-10-13 10:13:00,41.70,41.70,41.70,41.70,75,61275,44.69
2020-10-13 10:15:00,41.55,41.55,40.35,40.35,375,61350,44.61
2020-10-13 10:18:00,40.40,40.40,40.40,40.40,75,60525,44.59
2020-10-13 10:19:00,41.15,41.15,41.15,41.15,75,60525,44.58
2020-10-13 10:21:00,41.25,41.25,41.25,41.25,150,60450,44.55
2020-10-13 10:22:00,40.80,40.80,40.20,40.25,1125,60450,44.30
2020-10-13 10:23:00,40.00,40.00,40.00,40.00,750,60900,44.13
2020-10-13 10:25:00,40.05,40.05,40.05,40.05,225,60900,44.08
2020-10-13 10:26:00,40.15,40.15,39.85,39.90,9225,64950,42.73
2020-10-13 10:27:00,39.90,39.90,39.90,39.90,300,64950,42.70
2020-10-13 10:28:00,39.70,39.90,39.65,39.90,2025,64950,42.51
2020-10-13 10:29:00,39.30,39.45,39.30,39.45,1200,69675,42.39
2020-10-13 10:30:00,39.50,39.50,39.20,39.50,6525,69675,41.87
2020-10-13 10:31:00,39.50,39.55,39.45,39.55,1800,69675,41.77
2020-10-13 10:32:00,39.25,39.25,39.25,39.25,75,75525,41.76
2020-10-13 10:34:00,39.70,39.70,39.70,39.70,75,0,41.76
2020-10-13 10:37:00,39.80,40.00,39.80,40.00,525,74550,41.73
2020-10-13 10:39:00,39.60,39.60,38.75,38.75,525,74550,41.70
2020-10-13 10:40:00,38.20,38.20,38.05,38.05,150,74550,41.69
2020-10-13 10:41:00,37.85,37.90,37.80,37.90,225,74550,41.66
2020-10-13 10:44:00,38.20,38.25,38.10,38.25,300,74325,41.64
2020-10-13 10:45:00,37.30,37.30,37.30,37.30,75,74325,41.63
2020-10-13 10:46:00,37.40,37.40,37.15,37.15,375,74325,41.59
2020-10-13 10:47:00,37.30,37.30,37.30,37.30,75,74325,41.59
2020-10-13 10:50:00,37.60,37.60,37.60,37.60,900,74325,41.50
2020-10-13 10:51:00,38.10,38.10,37.80,37.80,225,74325,41.49
2020-10-13 10:53:00,37.70,37.85,37.70,37.85,600,74175,41.43
2020-10-13 10:54:00,38.15,38.15,38.15,38.15,225,74175,41.42
2020-10-13 11:04:00,37.85,38.15,37.85,38.15,375,74100,41.39
2020-10-13 11:08:00,38.70,38.70,38.70,38.70,75,74175,41.38
2020-10-13 11:11:00,38.00,38.00,38.00,38.00,150,74175,41.37
2020-10-13 11:22:00,38.55,38.55,38.55,38.55,75,72975,41.37
2020-10-13 11:23:00,38.50,38.50,38.50,38.50,75,72975,41.36
2020-10-13 11:25:00,38.10,38.70,37.95,38.70,675,72900,41.32
2020-10-13 11:26:00,38.75,38.75,38.75,38.75,75,72825,41.31
2020-10-13 11:27:00,38.75,39.35,38.75,39.30,450,72825,41.29
2020-10-13 11:28:00,39.45,39.60,39.45,39.60,150,72825,41.28
2020-10-13 11:29:00,40.65,40.65,40.65,40.65,225,72825,41.28
2020-10-13 11:30:00,39.30,39.30,39.30,39.30,75,72825,41.28
2020-10-13 11:43:00,40.00,40.00,40.00,40.00,75,71475,41.28
2020-10-13 11:46:00,39.95,39.95,39.95,39.95,75,71475,41.27
2020-10-13 11:47:00,39.50,39.50,38.80,38.80,150,71400,41.27
2020-10-13 11:48:00,38.80,38.80,38.80,38.80,75,71400,41.26
2020-10-13 11:51:00,39.25,39.45,39.20,39.30,675,71400,41.24
2020-10-13 11:57:00,39.05,39.05,39.05,39.05,75,71325,41.23
2020-10-13 12:00:00,39.75,39.75,39.75,39.75,450,71100,41.22
2020-10-13 12:01:00,40.45,40.70,40.10,40.70,300,71100,41.21
2020-10-13 12:04:00,40.55,40.60,40.55,40.60,375,71550,41.21
2020-10-13 12:05:00,40.70,40.70,40.55,40.55,525,71550,41.20
2020-10-13 12:07:00,40.15,40.15,40.15,40.15,225,71550,41.20
2020-10-13 12:09:00,41.30,41.30,41.30,41.30,150,71325,41.20
2020-10-13 12:10:00,40.10,40.10,39.65,40.00,3150,71325,41.13
2020-10-13 12:11:00,39.90,40.15,39.75,39.85,2100,71250,41.08
2020-10-13 12:12:00,39.65,39.75,39.55,39.55,1275,71250,41.05
2020-10-13 12:13:00,39.45,39.80,39.35,39.80,1350,71250,41.01
2020-10-13 12:14:00,39.75,39.75,39.05,39.05,900,71250,40.99
2020-10-13 12:15:00,39.35,40.75,39.35,40.75,975,71700,40.97
2020-10-13 12:16:00,41.30,41.60,41.30,41.45,300,71700,40.97
2020-10-13 12:18:00,40.40,40.40,40.25,40.25,150,67050,40.97
2020-10-13 12:19:00,40.15,40.60,40.15,40.60,150,67050,40.97
2020-10-13 12:20:00,40.75,40.75,39.85,39.85,375,67050,40.96
2020-10-13 12:29:00,38.55,38.55,38.55,38.55,75,66000,40.96
2020-10-13 12:30:00,39.00,39.00,39.00,39.00,75,66075,40.96
2020-10-13 12:32:00,38.90,38.90,38.90,38.90,150,66075,40.95
2020-10-13 12:35:00,39.85,39.85,39.85,39.85,75,66075,40.95
2020-10-13 12:36:00,40.75,40.75,40.75,40.75,75,66150,40.95
2020-10-13 12:38:00,39.85,39.85,39.85,39.85,75,66150,40.95
2020-10-13 12:41:00,40.45,40.45,40.45,40.45,75,66000,40.95
2020-10-13 12:42:00,40.50,40.50,40.50,40.50,750,66000,40.94
2020-10-13 12:45:00,40.50,40.50,40.50,40.50,150,66225,40.94
2020-10-13 12:46:00,41.40,41.40,41.40,41.40,600,66225,40.95
2020-10-13 12:47:00,41.20,41.20,41.20,41.20,150,66225,40.95
2020-10-13 12:48:00,41.95,41.95,41.80,41.80,300,66225,40.95
2020-10-13 12:49:00,41.30,41.55,41.30,41.55,300,66225,40.95
2020-10-13 12:50:00,41.80,42.50,41.80,42.50,375,66225,40.96
2020-10-13 12:51:00,41.65,41.65,41.65,41.65,75,66150,40.96
2020-10-13 12:56:00,41.85,41.85,41.85,41.85,75,65700,40.96
2020-10-13 12:58:00,42.00,42.00,42.00,42.00,75,65550,40.97
2020-10-13 13:01:00,42.55,42.55,42.55,42.55,75,65550,40.97
2020-10-13 13:02:00,42.60,42.60,42.60,42.60,75,65550,40.97
2020-10-13 13:03:00,42.70,43.15,42.70,42.75,1725,65475,41.02
2020-10-13 13:04:00,42.40,42.40,42.40,42.40,75,65475,41.02
2020-10-13 13:06:00,43.35,43.35,43.35,43.35,75,65175,41.02
2020-10-13 13:07:00,42.55,42.55,42.55,42.55,75,65175,41.02
2020-10-13 13:10:00,40.85,40.85,40.85,40.85,75,65175,41.02
2020-10-13 13:11:00,39.75,39.75,39.40,39.45,225,65175,41.02
2020-10-13 13:13:00,40.55,40.55,40.55,40.55,150,65175,41.02
2020-10-13 13:14:00,39.95,39.95,39.95,39.95,75,65175,41.02
2020-10-13 13:15:00,40.75,40.75,40.75,40.75,75,65175,41.02
2020-10-13 13:18:00,39.55,39.55,39.55,39.55,75,65100,41.01
2020-10-13 13:21:00,39.15,39.15,39.00,39.10,1650,65025,40.97
2020-10-13 13:22:00,39.30,39.30,39.30,39.30,225,65025,40.96
2020-10-13 13:23:00,39.00,39.00,39.00,39.00,75,65025,40.96
2020-10-13 13:24:00,39.05,39.05,39.05,39.05,75,66525,40.96
2020-10-13 13:37:00,39.05,39.05,39.05,39.05,75,65025,40.96
2020-10-13 13:38:00,38.35,38.45,38.35,38.45,150,65025,40.95
2020-10-13 13:39:00,38.45,38.45,38.45,38.45,300,65175,40.94
2020-10-13 13:43:00,39.35,39.55,39.35,39.55,675,65400,40.92
2020-10-13 13:46:00,40.45,40.75,40.40,40.75,225,65925,40.92
2020-10-13 13:47:00,40.60,41.50,40.60,41.50,225,65925,40.92
2020-10-13 13:48:00,41.00,41.50,40.90,40.90,450,66300,40.93
2020-10-13 13:49:00,40.95,40.95,40.95,40.95,75,66300,40.93
2020-10-13 13:50:00,41.00,41.30,41.00,41.15,525,66300,40.93
2020-10-13 13:51:00,40.55,40.55,40.55,40.55,75,65700,40.93
2020-10-13 13:53:00,40.85,40.85,40.85,40.85,75,65700,40.93
2020-10-13 13:54:00,40.40,40.40,40.40,40.40,75,65700,40.93
2020-10-13 13:56:00,39.80,39.80,39.80,39.80,75,65700,40.92
2020-10-13 13:59:00,40.05,40.05,40.00,40.00,300,65400,40.92
2020-10-13 14:00:00,39.30,39.30,39.30,39.30,150,65250,40.92
2020-10-13 14:02:00,37.25,37.40,37.25,37.40,900,65250,40.87
2020-10-13 14:03:00,37.60,37.60,37.45,37.45,225,65925,40.86
2020-10-13 14:04:00,37.85,37.95,37.65,37.95,225,65925,40.85
2020-10-13 14:06:00,37.85,37.85,37.85,37.85,150,65850,40.85
2020-10-13 14:09:00,38.45,38.95,38.45,38.95,300,65850,40.84
2020-10-13 14:14:00,38.00,38.00,38.00,38.00,300,65100,40.83
2020-10-13 14:15:00,36.50,36.50,36.25,36.45,300,65175,40.81
2020-10-13 14:16:00,36.60,36.60,36.60,36.60,225,65175,40.80
2020-10-13 14:19:00,35.95,36.15,35.95,36.15,150,65400,40.79
2020-10-13 14:20:00,36.00,36.60,35.90,36.60,600,65400,40.75
2020-10-13 14:21:00,36.80,36.80,36.80,36.80,75,65400,40.75
2020-10-13 14:25:00,38.15,38.30,37.80,37.80,1275,65550,40.70
2020-10-13 14:26:00,37.15,37.20,37.15,37.20,300,65550,40.69
2020-10-13 14:28:00,36.70,36.85,36.70,36.85,150,65475,40.68
2020-10-13 14:30:00,38.35,38.35,38.35,38.35,75,65475,40.68
2020-10-13 14:32:00,38.00,38.00,38.00,38.00,75,65475,40.68
2020-10-13 14:33:00,37.65,37.65,37.65,37.65,75,65475,40.67
2020-10-13 14:36:00,37.80,37.80,37.80,37.80,225,65475,40.67
2020-10-13 14:38:00,37.85,38.10,37.85,38.00,825,65475,40.64
2020-10-13 14:39:00,38.15,38.25,37.90,38.00,1575,66075,40.59
2020-10-13 14:40:00,38.10,38.20,38.10,38.10,225,66075,40.58
2020-10-13 14:41:00,38.15,38.15,37.70,37.95,525,66075,40.56
2020-10-13 14:42:00,38.00,38.20,37.95,38.20,1275,66675,40.52
2020-10-13 14:43:00,38.25,38.25,38.00,38.00,825,66675,40.50
2020-10-13 14:44:00,37.70,37.75,37.25,37.60,2100,66675,40.43
2020-10-13 14:45:00,37.55,38.00,37.55,37.95,300,68100,40.42
2020-10-13 14:46:00,37.55,37.55,37.55,37.55,75,68100,40.42
2020-10-13 14:48:00,36.80,36.80,36.80,36.80,150,68100,40.41
2020-10-13 14:49:00,36.85,37.10,36.85,37.05,375,68100,40.40
2020-10-13 14:51:00,35.95,36.00,35.80,35.90,600,65700,40.37
2020-10-13 14:52:00,36.35,36.40,36.35,36.40,375,65700,40.35
2020-10-13 14:59:00,36.40,36.40,36.40,36.40,225,66450,40.34
2020-10-13 15:01:00,35.90,36.00,35.90,36.00,450,66450,40.32
2020-10-13 15:02:00,35.75,35.75,35.75,35.75,150,66450,40.31
2020-10-13 15:03:00,35.50,36.50,35.45,36.50,375,66600,40.29
2020-10-13 15:04:00,36.35,36.60,36.35,36.50,375,66600,40.27
2020-10-13 15:05:00,36.55,36.55,36.55,36.55,150,66600,40.27
2020-10-13 15:07:00,36.65,36.65,36.65,36.65,75,67125,40.26
2020-10-13 15:08:00,37.00,37.00,36.65,36.65,225,67125,40.26
2020-10-13 15:09:00,36.95,36.95,36.90,36.90,300,67125,40.24
2020-10-13 15:10:00,37.05,37.05,37.05,37.05,75,67125,40.24
2020-10-13 15:11:00,37.05,37.05,36.65,36.65,225,67125,40.23
2020-10-13 15:14:00,36.50,36.50,36.50,36.50,225,66525,40.22
2020-10-13 15:15:00,36.55,36.55,36.55,36.55,75,66300,40.22
2020-10-13 15:16:00,36.70,36.70,36.70,36.70,75,66300,40.22
2020-10-13 15:17:00,36.55,36.55,36.55,36.55,150,66300,40.21
2020-10-13 15:18:00,36.40,36.40,36.15,36.15,825,66375,40.18
2020-10-13 15:19:00,36.10,36.10,36.00,36.00,1125,66375,40.12
2020-10-13 15:20:00,36.10,36.10,36.10,36.10,450,66375,40.11
2020-10-13 15:21:00,36.20,36.25,36.20,36.25,450,66225,40.09
2020-10-13 15:22:00,36.15,36.15,36.15,36.15,150,66225,40.08
2020-10-13 15:23:00,36.30,36.30,36.30,36.30,75,66225,40.08
2020-10-13 15:24:00,36.10,36.10,35.95,35.95,375,65850,40.06
2020-10-13 15:25:00,35.70,35.85,35.70,35.85,225,65850,40.05
2020-10-13 15:26:00,36.15,36.15,36.15,36.15,75,65850,40.05
2020-10-13 15:27:00,36.25,36.25,36.15,36.25,750,66225,40.02
2020-10-13 15:28:00,36.30,36.60,36.30,36.60,300,66225,40.01
2020-10-13 15:29:01,36.40,36.40,35.10,35.10,450,66225,39.99
2020-10-14 09:15:00,35.00,35.00,35.00,35.00,75,65625,35.00
2020-10-14 09:16:00,37.50,37.50,37.50,37.50,225,65625,36.87
2020-10-14 09:17:00,38.30,38.30,38.20,38.20,675,65700,37.85
2020-10-14 09:18:00,38.75,38.75,38.15,38.15,225,65700,37.95
2020-10-14 09:19:00,38.15,38.15,37.70,37.95,375,65700,37.93
2020-10-14 09:20:00,37.85,38.75,37.55,38.75,525,65775,38.01
2020-10-14 09:21:00,39.50,39.75,39.45,39.70,525,65775,38.34
2020-10-14 09:22:00,39.60,40.10,39.35,40.10,750,65775,38.63
2020-10-14 09:23:00,39.95,40.20,39.95,40.20,150,66525,38.70
2020-10-14 09:24:00,39.65,40.15,39.65,40.15,750,66525,38.90
2020-10-14 09:25:00,40.20,40.35,39.75,39.75,225,66525,38.96
2020-10-14 09:26:00,39.45,39.45,39.35,39.35,150,66525,38.97
2020-10-14 09:28:00,38.90,38.90,38.90,38.90,75,67425,38.97
2020-10-14 09:30:00,39.40,40.50,39.40,40.50,3525,67350,39.18
2020-10-14 09:31:00,40.35,40.50,40.10,40.50,8250,67350,39.76
2020-10-14 09:32:00,40.30,41.95,40.05,41.70,7575,68250,39.99
2020-10-14 09:33:00,41.35,41.55,41.10,41.55,6150,68250,40.28
2020-10-14 09:34:00,41.70,41.75,41.05,41.05,1500,68250,40.34
2020-10-14 09:35:00,41.25,41.25,40.10,40.20,975,62475,40.35
2020-10-14 09:36:00,40.00,40.35,39.65,39.85,3150,62475,40.32
2020-10-14 09:37:00,39.85,40.10,39.80,40.10,525,62475,40.31
2020-10-14 09:38:00,40.35,40.55,40.35,40.55,150,62475,40.31
2020-10-14 09:39:00,40.60,41.10,40.60,41.00,450,62625,40.32
2020-10-14 09:40:00,40.95,41.60,40.95,41.40,975,62625,40.34
2020-10-14 09:41:00,41.70,41.70,41.70,41.70,75,62625,40.35
2020-10-14 09:42:00,41.80,42.75,41.80,42.50,450,62175,40.37
2020-10-14 09:43:00,43.55,43.55,42.90,43.55,900,62175,40.44
2020-10-14 09:44:00,43.85,44.95,43.85,44.55,675,62175,40.51
2020-10-14 09:45:00,44.70,45.35,44.70,45.35,525,62175,40.56
2020-10-14 09:46:00,44.55,44.55,44.50,44.50,375,62175,40.60
2020-10-14 09:48:00,44.80,45.45,44.80,45.15,525,61950,40.65
2020-10-14 09:49:00,46.00,46.00,45.60,45.65,450,61950,40.71
2020-10-14 09:50:00,44.90,44.95,44.90,44.95,150,61950,40.73
2020-10-14 09:51:00,45.65,46.75,45.65,46.75,525,58575,40.79
2020-10-14 09:52:00,46.75,47.10,46.75,47.10,300,58575,40.83
2020-10-14 09:53:00,47.10,47.10,47.00,47.00,225,58650,40.87
2020-10-14 09:54:00,46.40,46.55,46.40,46.50,225,58650,40.90
2020-10-14 09:55:00,45.90,46.40,45.00,45.00,2100,58650,41.13
2020-10-14 09:56:00,45.65,45.70,45.10,45.10,975,58275,41.22
2020-10-14 09:57:00,44.80,44.80,44.80,44.80,150,58275,41.23
2020-10-14 09:59:00,43.50,43.60,43.50,43.60,300,58200,41.24
2020-10-14 10:00:00,43.40,44.00,43.40,44.00,150,58200,41.25
2020-10-14 10:01:00,43.85,44.25,43.85,44.25,150,58200,41.26
2020-10-14 10:03:00,45.85,45.85,44.00,44.00,375,58050,41.29
2020-10-14 10:04:00,43.85,43.85,43.20,43.20,150,58050,41.29
2020-10-14 10:05:00,43.45,43.45,43.45,43.45,75,58050,41.30
2020-10-14 10:06:00,43.75,43.95,43.75,43.95,375,58050,41.32
2020-10-14 10:07:00,44.30,44.45,44.30,44.45,300,58050,41.33
2020-10-14 10:08:00,44.30,44.30,44.20,44.20,225,58500,41.35
2020-10-14 10:09:00,44.60,44.60,44.60,44.60,75,58500,41.35
2020-10-14 10:10:00,45.15,45.20,45.15,45.20,150,58500,41.36
2020-10-14 10:12:00,44.20,44.20,43.90,44.05,300,58650,41.38
2020-10-14 10:13:00,43.85,44.00,43.85,44.00,150,58650,41.39
2020-10-14 10:14:00,43.70,43.95,43.70,43.95,150,58800,41.40
2020-10-14 10:15:00,44.35,44.35,44.30,44.30,375,58800,41.42
2020-10-14 10:16:00,44.60,44.60,44.60,44.60,75,58800,41.42
2020-10-14 10:17:00,44.75,44.80,44.75,44.75,225,58725,41.44
2020-10-14 10:18:00,44.50,44.50,44.50,44.50,225,58725,41.45
2020-10-14 10:19:00,44.15,44.15,44.15,44.15,75,58725,41.46
2020-10-14 10:20:00,43.65,43.65,43.40,43.40,225,58650,41.46
2020-10-14 10:21:00,43.55,43.65,43.35,43.35,375,58650,41.48
2020-10-14 10:22:00,43.20,43.20,43.20,43.20,150,58650,41.48
2020-10-14 10:23:00,43.30,43.40,43.25,43.40,375,59025,41.50
2020-10-14 10:24:00,43.85,44.10,43.85,44.10,150,59025,41.50
2020-10-14 10:25:00,44.15,44.15,44.15,44.15,75,59025,41.51
2020-10-14 10:28:00,44.15,44.15,44.15,44.15,75,59100,41.51
2020-10-14 10:33:00,44.55,44.55,44.45,44.50,300,59250,41.53
2020-10-14 10:34:00,44.45,44.45,44.35,44.40,300,59250,41.55
2020-10-14 10:35:00,44.50,44.50,43.85,43.85,150,59250,41.55
2020-10-14 10:36:00,43.80,43.80,43.70,43.70,150,59175,41.56
2020-10-14 10:37:00,44.30,44.30,44.00,44.00,150,59175,41.57
2020-10-14 10:38:00,44.05,44.05,43.55,43.90,525,58725,41.59
2020-10-14 10:40:00,43.95,43.95,43.95,43.95,75,58725,41.59
2020-10-14 10:41:00,43.45,43.45,43.45,43.45,150,58725,41.60
2020-10-14 10:42:00,43.00,43.00,42.55,42.55,300,58800,41.60
2020-10-14 10:44:00,43.05,43.05,43.05,43.05,75,58800,41.60
2020-10-14 10:45:00,43.20,43.60,43.20,43.60,900,58875,41.64
2020-10-14 10:46:00,43.40,43.40,43.20,43.20,150,58875,41.64
2020-10-14 10:47:00,42.55,42.55,42.55,42.55,150,58875,41.64
2020-10-14 10:48:00,42.75,42.75,42.75,42.75,75,59025,41.65
2020-10-14 10:50:00,42.25,42.25,42.05,42.05,300,59025,41.65
2020-10-14 10:52:00,43.60,43.65,43.60,43.65,300,59025,41.66
2020-10-14 10:53:00,43.65,43.85,43.65,43.85,150,59025,41.66
2020-10-14 10:54:00,43.50,43.50,43.50,43.50,75,58350,41.67
2020-10-14 10:57:00,43.45,43.85,43.45,43.85,225,58350,41.67
2020-10-14 10:58:00,43.30,43.30,43.30,43.30,75,58350,41.68
2020-10-14 11:02:00,43.25,43.25,43.05,43.05,225,58500,41.68
2020-10-14 11:06:00,43.05,43.10,43.05,43.10,150,58350,41.69
2020-10-14 11:07:00,44.15,44.15,44.15,44.15,75,58350,41.69
2020-10-14 11:08:00,43.80,43.80,43.80,43.80,75,58425,41.69
2020-10-14 11:09:00,44.05,44.05,44.05,44.05,75,58425,41.70
2020-10-14 11:11:00,43.80,43.80,43.80,43.80,75,58425,41.70
2020-10-14 11:13:00,44.10,44.10,43.70,43.70,225,58425,41.71
2020-10-14 11:15:00,43.95,43.95,43.95,43.95,75,58425,41.71
2020-10-14 11:17:00,44.00,46.05,44.00,45.45,1350,58275,41.79
2020-10-14 11:18:00,45.70,46.75,45.70,45.90,2025,58275,41.93
2020-10-14 11:19:00,45.90,46.30,45.90,46.30,375,58275,41.96
2020-10-14 11:21:00,46.35,47.05,46.35,46.80,225,59025,41.97
2020-10-14 11:22:00,46.95,46.95,46.30,46.30,1050,59025,42.05
2020-10-14 11:24:00,45.50,45.50,45.25,45.25,150,59775,42.06
2020-10-14 11:25:00,44.65,44.80,44.45,44.45,300,59775,42.07
2020-10-14 11:27:00,44.00,44.05,44.00,44.05,150,60075,42.07
2020-10-14 11:33:00,44.90,44.90,44.40,44.40,375,60075,42.09
2020-10-14 11:36:00,43.60,43.70,43.60,43.70,225,60150,42.09
2020-10-14 11:37:00,44.15,44.15,44.10,44.10,150,60150,42.10
2020-10-14 11:38:00,44.25,44.25,44.25,44.25,75,60150,42.10
2020-10-14 11:40:00,44.50,44.50,44.25,44.25,150,60150,42.11
2020-10-14 11:44:00,44.90,44.90,44.90,44.90,75,60150,42.11
2020-10-14 11:45:00,44.35,44.35,44.20,44.20,375,60075,42.12
2020-10-14 11:46:00,43.55,43.55,43.55,43.55,75,60075,42.12
2020-10-14 11:47:00,43.90,43.90,43.90,43.90,75,60075,42.13
2020-10-14 11:48:00,43.95,43.95,43.95,43.95,75,60450,42.13
2020-10-14 11:53:00,43.30,43.30,43.20,43.20,150,60525,42.13
2020-10-14 11:54:00,43.00,43.00,43.00,43.00,150,60450,42.13
2020-10-14 11:55:00,42.55,42.55,42.55,42.55,150,60450,42.13
2020-10-14 11:59:00,42.00,42.00,42.00,42.00,75,60525,42.13
2020-10-14 12:00:00,41.85,41.85,41.85,41.85,600,60525,42.13
2020-10-14 12:01:00,41.65,41.65,40.55,40.95,900,60525,42.12
2020-10-14 12:03:00,41.65,41.65,41.25,41.25,450,60600,42.11
2020-10-14 12:05:00,41.85,41.85,41.85,41.85,225,60600,42.11
2020-10-14 12:10:00,41.95,41.95,41.95,41.95,75,60000,42.11
2020-10-14 12:11:00,42.15,42.15,42.15,42.15,75,60000,42.11
2020-10-14 12:12:00,42.15,42.15,41.95,41.95,150,60000,42.11
2020-10-14 12:20:00,41.30,41.30,41.30,41.30,150,60075,42.11
2020-10-14 12:21:00,41.40,41.45,41.35,41.45,225,60000,42.11
2020-10-14 12:22:00,41.45,41.45,41.45,41.45,75,60000,42.11
2020-10-14 12:23:00,41.35,41.35,41.35,41.35,75,60000,42.11
2020-10-14 12:24:00,41.15,41.15,37.55,37.55,1875,60225,42.04
2020-10-14 12:25:00,36.80,37.95,36.35,37.95,675,60225,41.99
2020-10-14 12:26:00,38.35,38.90,38.30,38.90,675,60225,41.96
2020-10-14 12:27:00,38.75,38.85,38.45,38.50,1125,60225,41.91
2020-10-14 12:28:00,38.70,38.90,38.65,38.90,675,60225,41.88
2020-10-14 12:29:00,38.70,38.75,38.70,38.75,375,60225,41.86
2020-10-14 12:30:00,38.85,38.85,38.85,38.85,150,60900,41.86
2020-10-14 12:31:00,39.00,39.55,38.90,39.55,525,60900,41.84
2020-10-14 12:32:00,39.80,39.80,39.80,39.80,75,60900,41.84
2020-10-14 12:33:00,40.30,40.30,40.30,40.30,75,60975,41.84
2020-10-14 12:34:00,40.50,40.50,40.15,40.30,375,60975,41.83
2020-10-14 12:35:00,40.35,40.35,40.35,40.35,75,60975,41.83
2020-10-14 12:37:00,40.75,40.80,40.30,40.80,300,61275,41.82
2020-10-14 12:38:00,40.55,40.55,40.55,40.55,150,61275,41.82
2020-10-14 12:39:00,40.80,40.80,40.75,40.75,375,60450,41.81
2020-10-14 12:41:00,40.00,40.00,40.00,40.00,75,60450,41.81
2020-10-14 12:42:00,40.40,40.40,40.40,40.40,75,60000,41.81
2020-10-14 12:43:00,40.65,40.65,40.65,40.65,75,60000,41.81
2020-10-14 12:44:00,40.35,40.35,40.20,40.20,150,60000,41.81
2020-10-14 12:47:00,40.60,40.60,40.55,40.55,150,59925,41.80
2020-10-14 12:48:00,39.80,39.80,39.80,39.80,75,59925,41.80
2020-10-14 12:50:00,39.60,39.65,39.35,39.65,225,59925,41.80
2020-10-14 12:51:00,40.05,40.05,40.05,40.05,75,0,41.79
2020-10-14 12:55:00,39.75,40.05,39.75,40.05,150,59850,41.79
2020-10-14 12:56:00,40.05,40.05,40.00,40.00,150,59850,41.79
2020-10-14 12:57:00,39.80,39.95,39.80,39.95,300,59625,41.78
2020-10-14 12:59:00,40.15,40.15,40.15,40.15,75,59625,41.78
2020-10-14 13:00:00,40.50,40.50,40.35,40.35,225,59700,41.77
2020-10-14 13:01:00,40.20,40.20,40.20,40.20,75,59700,41.77
2020-10-14 13:02:00,40.65,42.45,40.50,42.45,600,59700,41.77
2020-10-14 13:03:00,43.05,43.20,42.60,42.60,375,60150,41.77
2020-10-14 13:04:00,42.40,42.40,42.40,42.40,150,60150,41.77
2020-10-14 13:05:00,42.85,42.85,42.85,42.85,600,60150,41.78
2020-10-14 13:06:00,42.75,42.80,42.75,42.80,225,60675,41.78
2020-10-14 13:07:00,42.95,43.00,42.85,43.00,1800,60675,41.81
2020-10-14 13:08:00,42.80,43.30,42.80,43.30,150,60675,41.81
2020-10-14 13:09:00,43.10,43.10,43.10,43.10,75,61650,41.81
2020-10-14 13:15:00,42.30,42.30,42.30,42.30,75,61650,41.81
2020-10-14 13:16:00,42.20,42.85,42.20,42.85,225,61650,41.82
2020-10-14 13:17:00,43.30,43.30,43.30,43.30,75,61650,41.82
2020-10-14 13:19:00,43.75,43.80,43.70,43.70,375,61725,41.83
2020-10-14 13:20:00,43.50,43.65,43.35,43.35,300,61725,41.83
2020-10-14 13:21:00,43.20,43.20,43.20,43.20,75,61800,41.83
2020-10-14 13:23:00,44.30,44.30,44.30,44.30,225,61800,41.84
2020-10-14 13:24:00,43.95,43.95,43.95,43.95,75,61650,41.84
2020-10-14 13:26:00,44.00,44.00,44.00,44.00,75,61650,41.84
2020-10-14 13:29:00,44.05,44.05,44.05,44.05,75,61800,41.85
2020-10-14 13:30:00,43.10,43.10,43.10,43.10,75,61875,41.85
2020-10-14 13:31:00,42.15,42.15,41.55,41.55,225,61875,41.85
2020-10-14 13:32:00,41.65,41.65,41.65,41.65,300,61875,41.85
2020-10-14 13:34:00,41.55,41.55,41.55,41.55,75,62175,41.85
2020-10-14 13:35:00,40.90,41.20,40.90,41.10,300,62175,41.84
2020-10-14 13:36:00,41.25,41.25,41.25,41.25,75,62175,41.84
2020-10-14 13:39:00,41.00,41.00,41.00,41.00,75,61800,41.84
2020-10-14 13:40:00,40.50,40.60,40.50,40.60,150,61800,41.84
2020-10-14 13:41:00,40.40,40.40,40.15,40.15,375,61800,41.83
2020-10-14 13:42:00,40.20,40.20,40.20,40.20,75,61875,41.83
2020-10-14 13:43:00,40.25,40.25,40.25,40.25,75,61875,41.83
2020-10-14 13:45:00,40.50,40.50,40.50,40.50,75,61800,41.83
2020-10-14 13:46:00,40.95,41.25,40.95,41.25,225,61800,41.83
2020-10-14 13:47:00,41.15,41.15,40.75,40.75,900,61800,41.82
2020-10-14 13:48:00,41.05,41.05,41.05,41.05,75,61725,41.81
2020-10-14 13:49:00,40.75,40.75,40.75,40.75,150,61725,41.81
2020-10-14 13:55:00,40.95,40.95,40.70,40.70,150,60975,41.81
2020-10-14 13:56:00,40.90,40.90,40.90,40.90,75,60975,41.81
2020-10-14 13:59:00,39.65,39.65,38.35,38.35,600,60975,41.79
2020-10-14 14:00:00,38.10,38.10,37.65,37.90,825,60975,41.75
2020-10-14 14:03:00,39.00,39.00,38.45,38.45,300,61125,41.74
2020-10-14 14:04:00,38.35,38.95,38.35,38.95,600,61125,41.72
2020-10-14 14:05:00,39.20,39.20,39.20,39.20,75,61125,41.72
2020-10-14 14:06:00,39.25,39.25,39.25,39.25,75,61125,41.71
2020-10-14 14:09:00,39.80,39.80,39.80,39.80,75,60675,41.71
2020-10-14 14:10:00,39.30,39.30,39.30,39.30,225,60675,41.71
2020-10-14 14:11:00,39.50,39.70,39.50,39.70,375,60675,41.70
2020-10-14 14:12:00,39.55,39.55,39.55,39.55,75,60600,41.70
2020-10-14 14:14:00,38.10,38.10,38.00,38.00,150,60600,41.69
2020-10-14 14:16:00,38.05,38.05,38.05,38.05,75,60525,41.69
2020-10-14 14:17:00,37.65,37.65,37.65,37.65,75,60525,41.68
2020-10-14 14:18:00,37.80,38.05,37.65,37.65,600,60600,41.66
2020-10-14 14:19:00,36.70,37.30,35.90,36.15,975,60600,41.60
2020-10-14 14:20:00,35.25,36.00,35.25,36.00,450,60600,41.57
2020-10-14 14:21:00,34.45,35.20,34.40,35.15,1125,60975,41.49
2020-10-14 14:22:00,34.90,35.30,31.55,32.50,2400,60975,41.27
2020-10-14 14:23:00,32.50,34.40,32.30,34.20,4050,60975,40.95
2020-10-14 14:24:00,33.95,33.95,33.70,33.80,1500,64575,40.85
2020-10-14 14:25:00,34.15,34.70,34.15,34.45,450,64575,40.82
2020-10-14 14:26:00,34.90,34.90,34.35,34.35,1125,64575,40.75
2020-10-14 14:27:00,34.00,34.50,34.00,34.50,750,63225,40.70
2020-10-14 14:28:00,33.75,34.20,33.75,34.20,225,63225,40.69
2020-10-14 14:29:00,34.50,34.50,34.00,34.00,225,63225,40.68
2020-10-14 14:30:00,33.95,33.95,32.60,32.95,1350,62325,40.58
2020-10-14 14:31:00,32.80,32.85,32.70,32.70,375,62325,40.55
2020-10-14 14:32:00,33.45,33.90,33.35,33.90,825,62325,40.49
2020-10-14 14:33:00,33.90,33.90,33.75,33.75,150,61800,40.49
2020-10-14 14:34:00,33.65,34.05,33.65,34.00,450,61800,40.46
2020-10-14 14:35:00,34.25,34.75,33.95,33.95,600,61800,40.42
2020-10-14 14:36:00,33.80,34.00,33.60,33.60,1350,60150,40.34
2020-10-14 14:37:00,33.50,33.80,33.40,33.55,825,60150,40.29
2020-10-14 14:38:00,33.55,34.00,33.50,34.00,2250,60150,40.16
2020-10-14 14:39:00,33.95,34.00,33.35,33.55,6225,64050,39.81
2020-10-14 14:40:00,33.40,33.40,32.90,32.95,600,64050,39.78
2020-10-14 14:41:00,33.10,33.10,32.40,32.90,3075,64050,39.60
2020-10-14 14:42:00,32.90,33.10,32.65,33.10,1200,69300,39.53
2020-10-14 14:43:00,32.75,32.75,31.80,31.80,1650,69300,39.43
2020-10-14 14:44:00,31.55,31.65,31.10,31.10,975,69300,39.37
2020-10-14 14:45:00,31.10,31.75,31.10,31.75,225,68100,39.36
2020-10-14 14:46:00,31.70,31.70,31.35,31.35,150,68100,39.35
2020-10-14 14:47:00,31.40,31.40,31.40,31.40,300,68100,39.33
2020-10-14 14:48:00,31.40,31.40,30.85,30.85,225,64950,39.32
2020-10-14 14:49:00,30.00,30.40,29.65,30.30,1500,64950,39.21
2020-10-14 14:50:00,30.10,30.60,30.10,30.10,3375,64950,38.98
2020-10-14 14:51:00,30.25,30.55,30.25,30.55,1050,62850,38.91
2020-10-14 14:52:00,30.20,30.20,29.85,30.00,450,62850,38.88
2020-10-14 14:53:00,30.05,30.35,29.95,29.95,375,62850,38.86
2020-10-14 14:54:00,30.00,30.10,30.00,30.10,150,62625,38.85
2020-10-14 14:55:00,30.25,30.25,28.05,28.85,3150,62625,38.62
2020-10-14 14:56:00,28.60,28.60,27.50,27.55,1125,62625,38.53
2020-10-14 14:57:00,27.40,28.00,27.10,27.25,6450,62625,38.05
2020-10-14 14:58:00,27.25,27.55,27.20,27.55,2775,62625,37.85
2020-10-14 14:59:00,27.30,27.30,26.80,27.20,6825,62625,37.37
2020-10-14 15:00:00,27.00,27.60,26.60,27.40,2625,60975,37.20
2020-10-14 15:01:00,27.45,27.50,26.65,27.30,1875,60975,37.08
2020-10-14 15:02:00,27.45,27.55,26.90,26.90,1425,60975,36.99
2020-10-14 15:03:00,27.20,27.45,26.90,26.90,750,60525,36.94
2020-10-14 15:04:00,27.60,27.65,27.05,27.65,1275,60525,36.87
2020-10-14 15:05:00,27.45,27.80,27.25,27.25,750,60525,36.83
2020-10-14 15:06:00,27.30,27.40,27.15,27.15,375,60300,36.80
2020-10-14 15:07:00,27.30,27.60,27.15,27.15,825,60300,36.76
2020-10-14 15:08:00,27.25,27.25,27.15,27.20,750,60300,36.71
2020-10-14 15:09:00,27.30,27.30,26.95,26.95,675,60000,36.67
2020-10-14 15:10:00,26.85,26.85,26.70,26.70,450,60000,36.65
2020-10-14 15:11:00,27.00,27.10,27.00,27.00,300,60000,36.63
2020-10-14 15:12:00,26.90,27.00,26.90,27.00,300,55875,36.61
2020-10-14 15:13:00,26.75,26.95,26.60,26.60,525,55875,36.58
2020-10-14 15:14:00,26.80,26.90,26.50,26.50,3225,55875,36.39
2020-10-14 15:15:00,26.60,26.60,26.30,26.35,825,56550,36.35
2020-10-14 15:16:00,26.35,26.45,26.25,26.35,1275,56550,36.27
2020-10-14 15:17:00,26.15,26.50,26.15,26.50,2475,56550,36.13
2020-10-14 15:18:00,26.20,26.45,26.00,26.00,1950,56100,36.03
2020-10-14 15:19:00,26.00,26.20,25.90,26.20,375,56100,36.00
2020-10-14 15:20:00,26.10,26.10,25.85,25.95,525,56100,35.97
2020-10-14 15:21:00,25.70,25.80,25.70,25.70,450,55500,35.95
2020-10-14 15:22:00,25.70,25.70,25.10,25.25,750,55500,35.90
2020-10-14 15:23:00,25.45,25.55,25.45,25.55,1350,55500,35.83
2020-10-14 15:24:00,26.50,26.70,26.50,26.65,375,56025,35.81
2020-10-14 15:25:00,27.05,27.90,27.05,27.80,1500,56025,35.74
2020-10-14 15:26:00,27.85,28.00,27.85,27.90,600,56025,35.71
2020-10-14 15:27:00,28.20,28.20,28.05,28.10,1125,56250,35.67
2020-10-14 15:28:00,28.00,28.55,28.00,28.15,1350,56250,35.61
2020-10-14 15:29:01,28.15,28.15,27.75,27.75,150,56250,35.61
2020-10-15 09:15:00,24.90,24.90,24.90,24.90,75,55725,24.90
2020-10-15 09:17:00,30.80,30.80,27.75,27.75,1350,56850,30.00
2020-10-15 09:18:00,28.90,28.90,28.45,28.45,900,56850,29.50
2020-10-15 09:19:00,28.55,28.80,28.40,28.80,375,56850,29.38
2020-10-15 09:20:00,28.55,29.45,28.55,29.45,600,56250,29.26
2020-10-15 09:22:00,28.40,28.70,28.40,28.70,225,56250,29.22
2020-10-15 09:23:00,28.80,28.80,28.80,28.80,150,56250,29.21
2020-10-15 09:26:00,29.25,29.40,29.25,29.40,150,56250,29.21
2020-10-15 09:27:00,29.90,30.60,29.90,30.05,975,56175,29.44
2020-10-15 09:28:00,29.65,30.75,29.65,30.75,2400,56175,29.75
2020-10-15 09:29:00,30.15,30.15,30.15,30.15,150,57450,29.76
2020-10-15 09:30:00,30.75,30.75,30.35,30.35,750,57450,29.84
2020-10-15 09:31:00,30.85,30.85,30.75,30.75,150,57450,29.86
2020-10-15 09:32:00,30.95,31.05,30.95,30.95,300,57375,29.90
2020-10-15 09:33:00,30.70,30.95,30.65,30.65,300,57375,29.92
2020-10-15 09:34:00,31.80,32.05,31.75,31.80,675,57375,30.06
2020-10-15 09:35:00,32.10,32.20,31.10,31.10,1800,57750,30.37
2020-10-15 09:36:00,30.70,30.70,30.20,30.45,675,57750,30.37
2020-10-15 09:37:00,30.00,30.25,28.95,28.95,1125,57750,30.30
2020-10-15 09:38:00,29.10,29.50,28.80,28.80,375,57900,30.27
2020-10-15 09:39:00,29.10,29.80,29.05,29.05,1500,57900,30.19
2020-10-15 09:40:00,29.05,29.05,27.65,28.20,2850,57900,29.93
2020-10-15 09:41:00,28.30,28.65,28.30,28.30,5625,57450,29.54
2020-10-15 09:42:00,27.90,28.30,27.90,27.95,11175,57450,29.06
2020-10-15 09:43:00,28.30,28.70,28.30,28.50,6150,57450,28.97
2020-10-15 09:44:00,28.65,29.25,28.65,29.25,1350,72150,28.96
2020-10-15 09:45:00,29.25,29.25,28.50,28.50,1350,72150,28.95
2020-10-15 09:46:00,28.45,28.45,27.75,27.75,525,72150,28.94
2020-10-15 09:47:00,27.45,27.80,26.60,26.65,3300,66300,28.82
2020-10-15 09:48:00,26.95,26.95,26.20,26.70,1575,66300,28.74
2020-10-15 09:49:00,26.65,26.65,25.70,25.75,2175,66300,28.64
2020-10-15 09:50:00,25.70,26.35,25.70,26.15,1275,67950,28.57
2020-10-15 09:51:00,25.70,25.80,25.55,25.75,600,67950,28.54
2020-10-15 09:52:00,25.65,25.85,24.95,24.95,3675,67950,28.34
2020-10-15 09:53:00,25.15,25.20,25.05,25.20,300,70650,28.32
2020-10-15 09:54:00,25.50,26.30,25.50,26.10,675,70650,28.30
2020-10-15 09:55:00,26.25,26.55,26.15,26.15,675,70650,28.27
2020-10-15 09:56:00,26.35,26.95,26.30,26.55,1425,70725,28.23
2020-10-15 09:57:00,26.05,26.40,26.05,26.30,450,70725,28.22
2020-10-15 09:58:00,26.45,26.45,26.10,26.10,450,70725,28.20
2020-10-15 09:59:00,26.00,26.00,26.00,26.00,75,70725,28.20
2020-10-15 10:00:00,26.05,26.20,26.00,26.10,525,69750,28.18
2020-10-15 10:02:00,26.60,26.60,26.50,26.50,150,70125,28.18
2020-10-15 10:03:00,26.05,26.30,26.05,26.20,1050,70125,28.14
2020-10-15 10:04:00,26.45,26.65,26.30,26.65,300,70125,28.14
2020-10-15 10:05:00,27.00,27.00,27.00,27.00,75,70125,28.14
2020-10-15 10:06:00,26.40,26.40,26.40,26.40,300,70425,28.13
2020-10-15 10:07:00,26.35,26.35,25.95,25.95,1350,70425,28.09
2020-10-15 10:08:00,26.05,26.25,26.05,26.05,525,69600,28.07
2020-10-15 10:09:00,25.85,25.85,25.45,25.55,2475,69600,27.98
2020-10-15 10:10:00,25.60,25.85,25.50,25.50,1950,69600,27.91
2020-10-15 10:11:00,25.40,25.40,25.40,25.40,525,69600,27.90
2020-10-15 10:12:00,25.75,25.75,25.75,25.75,75,69450,27.89
2020-10-15 10:13:00,25.35,25.35,25.35,25.35,75,69450,27.89
2020-10-15 10:14:00,25.80,25.80,25.80,25.80,300,69450,27.88
2020-10-15 10:15:00,25.60,25.95,25.60,25.75,300,69750,27.87
2020-10-15 10:16:00,25.90,25.90,25.90,25.90,75,69750,27.87
2020-10-15 10:18:00,26.30,26.60,26.30,26.60,225,69525,27.87
2020-10-15 10:19:00,26.80,26.80,26.50,26.50,300,69525,27.86
2020-10-15 10:20:00,26.50,26.50,26.50,26.50,75,69525,27.86
2020-10-15 10:21:00,26.40,26.40,26.10,26.15,375,69525,27.85
2020-10-15 10:22:00,26.55,26.55,26.50,26.50,375,69525,27.84
2020-10-15 10:23:00,27.20,27.20,27.05,27.15,300,69675,27.84
2020-10-15 10:24:00,27.65,28.30,27.60,27.95,1500,69675,27.85
2020-10-15 10:25:00,27.65,28.25,27.55,27.55,525,69675,27.85
2020-10-15 10:26:00,27.85,27.85,27.85,27.85,75,69675,27.85
2020-10-15 10:27:00,28.25,28.25,27.90,27.90,225,71100,27.85
2020-10-15 10:28:00,27.45,27.45,27.45,27.45,150,71100,27.85
2020-10-15 10:29:00,27.85,28.05,27.85,28.05,975,70200,27.85
2020-10-15 10:30:00,28.65,29.30,28.65,28.85,975,70200,27.86
2020-10-15 10:31:00,28.10,28.10,27.85,27.85,225,70200,27.86
2020-10-15 10:32:00,27.85,27.85,26.85,26.85,450,70800,27.86
2020-10-15 10:33:00,26.90,26.90,26.45,26.45,150,70800,27.86
2020-10-15 10:34:00,26.05,26.50,26.05,26.50,375,70800,27.85
2020-10-15 10:35:00,26.10,26.20,25.95,25.95,1725,71325,27.81
2020-10-15 10:36:00,26.25,26.55,26.25,26.40,1800,71325,27.78
2020-10-15 10:37:00,26.40,26.90,26.40,26.90,900,71325,27.77
2020-10-15 10:38:00,27.05,27.05,26.40,26.75,1575,71025,27.75
2020-10-15 10:39:00,26.95,27.15,26.65,26.80,1275,71025,27.74
2020-10-15 10:40:00,27.00,27.35,27.00,27.00,525,71025,27.73
2020-10-15 10:41:00,27.45,27.45,27.35,27.35,150,71025,27.73
2020-10-15 10:42:00,27.45,28.55,27.45,28.55,900,71625,27.74
2020-10-15 10:43:00,28.05,28.35,28.05,28.10,600,71625,27.74
2020-10-15 10:44:00,28.65,28.65,28.65,28.65,75,69750,27.74
2020-10-15 10:45:00,28.40,28.40,28.25,28.30,300,69750,27.74
2020-10-15 10:46:00,28.60,28.80,28.60,28.80,150,69750,27.74
2020-10-15 10:47:00,28.60,28.60,28.60,28.60,75,69450,27.74
2020-10-15 10:48:00,29.15,29.15,29.15,29.15,75,69450,27.75
2020-10-15 10:49:00,29.00,29.20,28.75,29.20,225,69450,27.75
2020-10-15 10:50:00,28.65,28.65,28.30,28.30,150,69450,27.75
2020-10-15 10:52:00,27.85,27.85,27.85,27.85,75,69750,27.75
2020-10-15 10:54:00,27.75,27.75,27.75,27.75,75,67350,27.75
2020-10-15 10:55:00,27.50,27.50,27.05,27.10,225,67350,27.75
2020-10-15 10:56:00,27.40,27.40,27.40,27.40,150,67125,27.75
2020-10-15 10:58:00,27.65,27.65,27.50,27.65,675,67125,27.75
2020-10-15 10:59:00,27.55,27.55,27.20,27.30,300,67275,27.74
2020-10-15 11:00:00,27.75,27.75,27.75,27.75,75,67275,27.74
2020-10-15 11:01:00,27.70,27.70,27.70,27.70,75,67275,27.74
2020-10-15 11:02:00,28.10,28.10,28.10,28.10,75,67275,27.75
2020-10-15 11:04:00,28.05,28.20,28.00,28.20,225,67275,27.75
2020-10-15 11:05:00,28.10,28.10,28.00,28.00,300,67275,27.75
2020-10-15 11:08:00,28.15,28.15,28.10,28.10,225,67275,27.75
2020-10-15 11:11:00,28.40,28.40,28.40,28.40,75,67275,27.75
2020-10-15 11:13:00,27.90,27.90,27.90,27.90,75,67275,27.75
2020-10-15 11:16:00,28.15,28.15,28.05,28.05,150,67275,27.75
2020-10-15 11:18:00,27.55,27.55,27.55,27.55,75,67350,27.75
2020-10-15 11:20:00,27.60,27.60,27.60,27.60,75,67350,27.75
2020-10-15 11:21:00,27.95,28.45,27.95,28.45,150,67275,27.75
2020-10-15 11:22:00,28.65,28.95,28.65,28.95,450,67275,27.75
2020-10-15 11:23:00,28.95,29.00,28.95,29.00,150,67350,27.76
2020-10-15 11:24:00,28.90,28.90,28.90,28.90,75,0,27.76
2020-10-15 11:25:00,29.75,30.75,29.75,30.10,1500,67350,27.80
2020-10-15 11:26:00,29.55,29.55,29.35,29.40,300,67350,27.81
2020-10-15 11:27:00,29.95,29.95,29.80,29.80,150,67200,27.81
2020-10-15 11:28:00,29.85,29.85,29.85,29.85,75,67200,27.81
2020-10-15 11:30:00,30.45,30.55,30.20,30.20,300,67350,27.82
2020-10-15 11:31:00,30.80,30.80,30.80,30.80,75,67350,27.82
2020-10-15 11:32:00,30.70,32.90,30.65,32.90,900,67650,27.85
2020-10-15 11:33:00,32.90,33.85,32.90,33.00,900,67650,27.91
2020-10-15 11:34:00,32.90,33.90,32.90,33.90,825,67650,27.95
2020-10-15 11:35:00,34.35,34.90,34.35,34.40,1350,68025,28.04
2020-10-15 11:36:00,33.85,34.30,33.85,34.30,375,68025,28.06
2020-10-15 11:37:00,35.20,35.70,34.75,35.70,375,68025,28.09
2020-10-15 11:38:00,35.35,35.70,35.15,35.15,450,68400,28.12
2020-10-15 11:40:00,35.80,35.80,35.80,35.80,75,68400,28.13
2020-10-15 11:41:00,34.70,34.70,34.55,34.55,150,68400,28.14
2020-10-15 11:42:00,34.25,34.25,33.95,33.95,225,66525,28.15
2020-10-15 11:44:00,35.60,35.60,35.60,35.60,75,66525,28.16
2020-10-15 11:45:00,36.50,37.70,36.50,36.70,1275,66450,28.27
2020-10-15 11:46:00,36.85,36.85,36.10,36.25,375,66450,28.30
2020-10-15 11:47:00,35.90,35.90,35.70,35.70,375,67050,28.33
2020-10-15 11:49:00,35.20,35.25,35.15,35.15,225,67050,28.34
2020-10-15 11:50:00,34.70,34.90,34.65,34.90,300,66750,28.36
2020-10-15 11:51:00,35.30,35.30,35.30,35.30,75,66750,28.37
2020-10-15 11:52:00,34.55,34.55,34.55,34.55,150,66750,28.38
2020-10-15 11:53:00,34.45,34.45,33.60,33.60,300,66750,28.39
2020-10-15 11:54:00,34.40,34.40,34.40,34.40,75,66300,28.40
2020-10-15 11:55:00,34.40,34.45,34.25,34.25,225,66300,28.41
2020-10-15 11:56:00,33.65,33.65,33.65,33.65,75,66225,28.41
2020-10-15 11:57:00,32.60,32.60,32.00,32.00,525,66225,28.43
2020-10-15 11:58:00,32.05,32.90,32.00,32.90,225,66225,28.44
2020-10-15 11:59:00,33.10,33.55,33.10,33.55,375,66225,28.46
2020-10-15 12:01:00,32.25,32.25,32.25,32.25,150,65850,28.46
2020-10-15 12:02:00,32.80,32.80,32.80,32.80,75,65850,28.47
2020-10-15 12:04:00,33.35,33.65,33.35,33.65,150,65775,28.47
2020-10-15 12:05:00,34.00,34.60,33.95,33.95,225,65775,28.49
2020-10-15 12:08:00,33.50,33.50,33.50,33.50,75,65850,28.49
2020-10-15 12:09:00,33.65,33.65,32.95,32.95,225,65925,28.50
2020-10-15 12:10:00,33.50,33.50,33.50,33.50,75,65925,28.50
2020-10-15 12:11:00,33.30,33.30,33.30,33.30,75,65925,28.51
2020-10-15 12:12:00,33.15,33.15,33.15,33.15,75,65925,28.51
2020-10-15 12:13:00,33.85,33.85,33.85,33.85,150,65925,28.52
2020-10-15 12:15:00,35.20,35.20,34.90,34.90,150,65775,28.53
2020-10-15 12:17:00,34.95,34.95,34.95,34.95,75,65775,28.53
2020-10-15 12:20:00,35.65,35.65,34.85,34.85,300,65925,28.55
2020-10-15 12:23:00,33.65,33.80,33.65,33.80,375,65925,28.57
2020-10-15 12:24:00,34.40,34.40,34.30,34.30,150,65775,28.58
2020-10-15 12:25:00,33.85,33.85,33.65,33.65,150,65775,28.58
2020-10-15 12:28:00,33.25,33.25,32.20,32.50,1275,65850,28.63
2020-10-15 12:30:00,33.40,33.65,33.40,33.65,525,65475,28.65
2020-10-15 12:31:00,33.95,34.30,33.95,34.30,300,65475,28.67
2020-10-15 12:32:00,34.45,34.45,34.45,34.45,75,65475,28.67
2020-10-15 12:33:00,34.55,34.55,34.55,34.55,75,66000,28.68
2020-10-15 12:34:00,34.20,34.20,33.65,33.65,225,66000,28.69
2020-10-15 12:35:00,34.15,34.15,34.15,34.15,75,66000,28.69
2020-10-15 12:37:00,33.90,33.90,33.90,33.90,75,66000,28.69
2020-10-15 12:39:00,34.60,34.60,34.55,34.55,225,65925,28.71
2020-10-15 12:40:00,34.55,35.30,34.55,35.15,975,65925,28.76
2020-10-15 12:41:00,35.60,35.95,35.60,35.80,1125,67275,28.83
2020-10-15 12:42:00,35.70,35.70,35.20,35.30,225,67275,28.85
2020-10-15 12:43:00,34.95,34.95,34.90,34.90,225,67275,28.86
2020-10-15 12:44:00,35.05,35.05,34.30,34.30,225,67275,28.87
2020-10-15 12:45:00,34.35,34.55,34.35,34.55,375,67350,28.89
2020-10-15 12:46:00,34.75,34.75,34.55,34.55,150,67350,28.90
2020-10-15 12:48:00,34.25,34.25,33.85,33.85,375,67275,28.91
2020-10-15 12:49:00,33.45,33.45,33.45,33.45,75,67275,28.92
2020-10-15 12:50:00,32.65,32.65,32.50,32.50,675,67275,28.94
2020-10-15 12:51:00,33.35,34.15,33.35,34.15,300,66750,28.95
2020-10-15 12:53:00,34.85,35.40,34.85,35.40,300,66750,28.97
2020-10-15 12:54:00,35.00,35.15,35.00,35.15,225,66900,28.98
2020-10-15 12:55:00,35.15,35.15,35.15,35.15,75,66900,28.98
2020-10-15 12:58:00,34.25,34.35,34.25,34.35,225,66825,28.99
2020-10-15 12:59:00,34.35,34.35,34.30,34.30,150,66825,29.00
2020-10-15 13:00:00,34.45,34.60,34.40,34.60,1350,67125,29.06
2020-10-15 13:01:00,35.20,35.20,34.90,35.00,1200,67125,29.12
2020-10-15 13:02:00,35.05,35.05,35.05,35.05,75,67125,29.13
2020-10-15 13:03:00,35.95,37.55,35.95,37.40,600,68550,29.17
2020-10-15 13:04:00,38.65,39.10,37.40,37.40,525,68550,29.21
2020-10-15 13:05:00,38.45,39.50,38.10,38.10,1800,68550,29.34
2020-10-15 13:06:00,38.70,38.70,38.65,38.65,150,69450,29.36
2020-10-15 13:07:00,38.55,39.70,38.55,39.10,825,69450,29.42
2020-10-15 13:08:00,39.60,39.90,39.60,39.90,150,69450,29.44
2020-10-15 13:09:00,39.90,40.60,39.90,40.50,1125,68850,29.53
2020-10-15 13:10:00,41.00,42.00,41.00,41.65,750,68850,29.61
2020-10-15 13:11:00,41.55,41.55,39.95,39.95,675,68850,29.67
2020-10-15 13:12:00,39.45,39.45,39.45,39.45,75,68775,29.67
2020-10-15 13:13:00,40.45,40.90,40.45,40.85,300,68775,29.70
2020-10-15 13:14:00,41.30,41.30,41.30,41.30,75,68775,29.71
2020-10-15 13:15:00,41.05,41.85,41.05,41.50,1275,69225,29.82
2020-10-15 13:16:00,41.20,41.20,39.80,39.80,1050,69225,29.91
2020-10-15 13:17:00,39.15,39.30,38.25,38.35,1275,69225,30.00
2020-10-15 13:18:00,38.40,38.40,38.30,38.30,150,69150,30.01
2020-10-15 13:19:00,38.90,39.35,38.90,39.35,225,69150,30.02
2020-10-15 13:20:00,39.40,40.05,39.40,40.05,225,69150,30.04
2020-10-15 13:21:00,40.25,40.60,40.25,40.60,225,68700,30.06
2020-10-15 13:23:00,40.20,40.20,39.35,39.35,375,68700,30.09
2020-10-15 13:24:00,39.25,39.25,39.25,39.25,75,68625,30.09
2020-10-15 13:26:00,42.00,42.05,41.95,42.05,600,68625,30.15
2020-10-15 13:27:00,41.50,41.50,41.50,41.50,75,68775,30.15
2020-10-15 13:28:00,41.35,41.35,41.35,41.35,75,68775,30.16
2020-10-15 13:29:00,41.20,41.20,41.20,41.20,75,68775,30.17
2020-10-15 13:31:00,43.20,43.20,42.05,42.05,525,68475,30.22
2020-10-15 13:34:00,43.50,44.15,43.50,44.15,300,68400,30.25
2020-10-15 13:36:00,44.35,45.00,44.35,45.00,525,68700,30.30
2020-10-15 13:37:00,45.70,46.05,45.70,45.95,525,68700,30.36
2020-10-15 13:38:00,46.25,46.25,44.75,44.75,225,68700,30.39
2020-10-15 13:39:00,44.20,45.45,44.20,45.45,375,68775,30.43
2020-10-15 13:40:00,44.35,44.35,44.35,44.35,75,68775,30.44
2020-10-15 13:42:00,43.70,43.70,43.70,43.70,75,68625,30.45
2020-10-15 13:44:00,43.00,43.70,43.00,43.70,150,68625,30.46
2020-10-15 13:45:00,44.45,46.85,44.45,46.75,900,68550,30.56
2020-10-15 13:46:00,48.40,49.00,47.15,47.15,900,68550,30.68
2020-10-15 13:47:00,47.75,48.10,47.65,47.65,675,68550,30.76
2020-10-15 13:48:00,47.60,48.85,47.60,48.85,525,68550,30.83
2020-10-15 13:49:00,48.40,48.45,47.85,47.85,375,68550,30.88
2020-10-15 13:50:00,48.65,51.25,48.65,51.25,450,68550,30.94
2020-10-15 13:51:00,49.50,53.15,49.50,51.75,1125,68400,31.10
2020-10-15 13:52:00,53.30,53.30,51.75,51.90,1500,68400,31.32
2020-10-15 13:53:00,50.45,51.75,50.00,51.75,600,68400,31.41
2020-10-15 13:54:00,50.95,50.95,49.25,49.25,375,69000,31.46
2020-10-15 13:55:00,48.65,51.10,48.65,51.10,300,69000,31.50
2020-10-15 13:56:00,51.55,51.55,50.05,50.05,375,69000,31.55
2020-10-15 13:57:00,48.65,48.65,48.15,48.30,375,68475,31.59
2020-10-15 13:58:00,48.80,48.80,48.65,48.65,450,68475,31.64
2020-10-15 13:59:00,49.20,49.20,49.20,49.20,75,68475,31.65
2020-10-15 14:00:00,50.05,51.05,50.05,51.05,375,66825,31.70
2020-10-15 14:01:00,51.20,53.15,50.30,53.15,3075,66825,32.12
2020-10-15 14:02:00,53.15,53.25,51.75,51.75,1050,66825,32.27
2020-10-15 14:03:00,51.70,52.60,51.70,52.60,225,66675,32.30
2020-10-15 14:04:00,52.75,53.05,51.70,53.05,825,66675,32.41
2020-10-15 14:05:00,53.25,53.90,53.10,53.10,525,66675,32.48
2020-10-15 14:06:00,53.05,55.00,53.05,55.00,750,66750,32.59
2020-10-15 14:07:00,57.40,57.40,57.15,57.15,375,66750,32.65
2020-10-15 14:08:00,56.45,56.45,54.80,55.90,1125,66750,32.82
2020-10-15 14:09:00,55.80,57.80,55.80,57.40,2100,66825,33.16
2020-10-15 14:10:00,58.15,60.55,58.05,58.05,7050,66825,34.32
2020-10-15 14:11:00,58.75,61.90,58.75,61.70,2850,66825,34.77
2020-10-15 14:12:00,62.05,62.80,61.20,62.70,3225,72900,35.30
2020-10-15 14:13:00,62.20,65.60,61.85,65.60,2025,72900,35.63
2020-10-15 14:14:00,65.95,69.70,65.75,68.55,4875,72900,36.54
2020-10-15 14:15:00,67.95,67.95,59.60,60.95,3075,71550,37.00
2020-10-15 14:16:00,61.65,62.40,60.20,60.65,1500,71550,37.21
2020-10-15 14:17:00,60.45,60.60,57.45,57.45,1500,71550,37.39
2020-10-15 14:18:00,57.80,63.25,57.80,63.25,825,71475,37.49
2020-10-15 14:19:00,63.20,63.20,61.50,61.50,675,71475,37.58
2020-10-15 14:20:00,60.55,60.55,56.75,56.75,825,71475,37.68
2020-10-15 14:21:00,57.40,58.55,57.40,58.55,825,72675,37.77
2020-10-15 14:22:00,58.70,58.70,58.70,58.70,75,72675,37.78
2020-10-15 14:23:00,57.95,58.00,57.95,58.00,450,72675,37.83
2020-10-15 14:24:00,57.40,60.55,57.40,60.35,5250,71775,38.42
2020-10-15 14:25:00,58.95,59.05,57.90,57.90,750,71775,38.50
2020-10-15 14:26:00,56.85,56.85,54.65,54.80,525,71775,38.54
2020-10-15 14:27:00,54.90,55.45,54.90,55.40,525,68025,38.59
2020-10-15 14:28:00,57.15,58.80,57.15,57.95,300,68025,38.62
2020-10-15 14:29:00,58.00,58.00,56.90,56.90,225,68025,38.64
2020-10-15 14:30:00,57.40,59.30,57.40,59.30,150,69300,38.66
2020-10-15 14:31:00,59.75,59.75,58.75,58.75,300,69300,38.69
2020-10-15 14:32:00,59.50,60.35,59.30,60.35,300,69300,38.72
2020-10-15 14:33:00,62.20,63.00,62.20,62.80,450,69075,38.78
2020-10-15 14:34:00,63.25,64.90,62.80,64.40,1200,69075,38.93
2020-10-15 14:35:00,66.75,68.15,66.75,68.15,675,69075,39.03
2020-10-15 14:36:00,67.35,67.35,65.55,65.55,300,70050,39.07
2020-10-15 14:37:00,65.60,67.00,65.60,66.75,375,70050,39.13
2020-10-15 14:38:00,65.35,66.00,65.35,65.75,375,70050,39.18
2020-10-15 14:39:00,65.70,65.70,60.15,60.15,825,69675,39.28
2020-10-15 14:40:00,59.80,64.20,59.35,63.90,825,69675,39.37
2020-10-15 14:41:00,63.50,63.50,63.00,63.20,300,69675,39.41
2020-10-15 14:42:00,64.10,65.30,64.10,65.15,225,70350,39.44
2020-10-15 14:43:00,65.15,65.35,64.60,65.35,1650,70350,39.65
2020-10-15 14:44:00,65.15,65.60,65.15,65.40,300,70350,39.69
2020-10-15 14:45:00,65.60,65.60,61.50,61.50,600,70275,39.76
2020-10-15 14:46:00,60.90,62.30,60.75,62.30,525,70275,39.82
2020-10-15 14:47:00,64.00,65.45,64.00,65.45,300,70275,39.85
2020-10-15 14:48:00,64.55,64.55,64.20,64.20,150,69600,39.87
2020-10-15 14:49:00,63.75,64.90,63.70,64.90,225,69600,39.90
2020-10-15 14:50:00,65.00,65.00,62.55,62.55,225,69600,39.93
2020-10-15 14:51:00,64.10,64.55,64.05,64.55,375,69675,39.97
2020-10-15 14:52:00,64.75,64.75,63.85,63.90,600,69675,40.04
2020-10-15 14:53:00,63.40,64.30,63.40,64.20,375,69675,40.09
2020-10-15 14:54:00,65.20,66.30,64.85,66.30,1725,69600,40.30
2020-10-15 14:55:00,64.75,64.95,64.35,64.95,300,69600,40.34
2020-10-15 14:56:00,65.15,66.75,65.15,66.20,1800,69600,40.56
2020-10-15 14:57:00,65.20,65.20,65.05,65.05,150,68775,40.58
2020-10-15 14:58:00,64.70,64.70,61.60,61.60,525,68775,40.64
2020-10-15 14:59:00,61.45,63.05,61.45,63.05,900,68775,40.73
2020-10-15 15:00:00,62.95,64.45,62.15,64.05,1350,68325,40.88
2020-10-15 15:01:00,64.10,65.25,63.85,65.05,975,68325,40.99
2020-10-15 15:02:00,64.85,65.65,64.85,65.15,750,68325,41.08
2020-10-15 15:03:00,65.40,67.85,65.40,67.65,750,69225,41.17
2020-10-15 15:04:00,67.25,69.00,67.25,68.70,675,69225,41.25
2020-10-15 15:05:00,69.10,70.50,69.10,70.45,1275,69225,41.42
2020-10-15 15:06:00,71.00,71.10,70.40,70.80,2625,69675,41.78
2020-10-15 15:07:00,70.65,71.00,70.45,70.80,825,69675,41.89
2020-10-15 15:08:00,72.00,72.60,71.75,72.00,750,69675,41.99
2020-10-15 15:09:00,71.70,73.00,71.70,73.00,600,71175,42.08
2020-10-15 15:10:00,72.80,75.45,72.80,75.45,825,71175,42.20
2020-10-15 15:11:00,75.95,76.30,75.05,75.05,6225,71175,43.12
2020-10-15 15:12:00,75.45,75.50,71.15,73.40,3375,74400,43.56
2020-10-15 15:13:00,73.55,76.95,73.55,76.95,3225,74400,44.01
2020-10-15 15:14:00,77.00,78.35,76.90,78.15,3450,74400,44.51
2020-10-15 15:15:00,77.05,77.35,76.10,76.10,2025,78225,44.78
2020-10-15 15:16:00,76.85,77.80,76.75,76.90,1050,78225,44.93
2020-10-15 15:17:00,77.80,77.80,76.30,76.30,300,78225,44.97
2020-10-15 15:18:00,76.00,76.00,74.15,74.15,2025,79875,45.22
2020-10-15 15:19:00,73.25,73.50,72.70,72.70,1275,79875,45.37
2020-10-15 15:20:00,72.35,72.35,71.30,72.15,3450,79875,45.74
2020-10-15 15:21:00,72.80,73.80,72.80,73.55,375,79875,45.78
2020-10-15 15:22:00,74.45,75.60,74.45,75.60,450,82650,45.83
2020-10-15 15:23:00,75.55,76.75,75.25,76.75,375,82650,45.88
2020-10-15 15:24:00,76.50,77.10,76.50,77.10,450,83100,45.94
2020-10-15 15:25:00,77.10,77.10,76.30,76.80,1650,83100,46.14
2020-10-15 15:26:00,77.30,78.05,77.20,78.05,1050,83100,46.27
2020-10-15 15:27:00,78.30,78.75,78.15,78.60,2325,83250,46.57
2020-10-15 15:28:00,78.30,78.30,78.10,78.10,450,83250,46.63
2020-10-15 15:29:01,77.55,78.05,76.90,76.95,1275,83250,46.78
2020-10-16 09:15:00,70.10,70.10,53.85,53.85,750,82275,59.16
2020-10-16 09:16:00,55.45,56.90,53.75,56.10,975,82275,57.19
2020-10-16 09:17:00,56.00,58.65,56.00,58.65,300,82350,57.24
2020-10-16 09:18:00,56.90,58.75,56.90,58.35,825,82350,57.35
2020-10-16 09:19:00,57.75,57.75,57.75,57.75,75,82350,57.36
2020-10-16 09:20:00,55.30,55.30,53.00,53.00,1125,82875,56.53
2020-10-16 09:21:00,53.05,54.40,53.05,54.25,4650,82875,55.15
2020-10-16 09:22:00,54.35,55.10,54.35,55.05,3300,82875,55.05
2020-10-16 09:23:00,54.35,55.10,53.75,54.50,1125,89700,54.97
2020-10-16 09:24:00,55.65,56.70,55.65,56.70,675,89700,55.04
2020-10-16 09:25:00,57.70,58.45,57.60,58.10,300,89700,55.10
2020-10-16 09:26:00,59.75,60.35,58.60,58.60,300,89925,55.20
2020-10-16 09:28:00,59.30,59.30,58.20,58.20,600,89925,55.33
2020-10-16 09:29:00,58.05,58.75,58.00,58.75,600,90150,55.44
2020-10-16 09:30:00,56.30,56.70,54.00,54.00,375,90150,55.46
2020-10-16 09:31:00,53.30,55.00,53.30,54.55,675,90150,55.41
2020-10-16 09:32:00,53.95,54.25,52.90,52.90,900,89850,55.33
2020-10-16 09:33:00,51.85,52.85,51.85,52.85,2775,89850,54.89
2020-10-16 09:34:00,52.90,53.60,52.90,53.60,300,89850,54.86
2020-10-16 09:35:00,54.05,55.50,53.95,55.50,1125,89775,54.87
2020-10-16 09:36:00,53.25,54.15,53.25,54.15,225,89775,54.86
2020-10-16 09:37:00,54.40,54.90,54.40,54.90,225,89775,54.86
2020-10-16 09:38:00,55.20,55.20,54.25,54.25,225,84900,54.86
2020-10-16 09:40:00,56.75,57.55,56.40,56.40,1200,84900,54.97
2020-10-16 09:41:00,55.55,55.55,55.55,55.55,150,84900,54.97
2020-10-16 09:42:00,55.40,56.95,55.30,56.95,375,84450,54.99
2020-10-16 09:43:00,57.75,58.20,57.70,58.20,675,84450,55.07
2020-10-16 09:44:00,59.00,59.10,58.00,58.00,375,84675,55.12
2020-10-16 09:45:00,58.90,59.25,58.90,59.25,450,84675,55.19
2020-10-16 09:46:00,60.75,61.70,60.75,61.15,525,84675,55.31
2020-10-16 09:47:00,60.90,61.55,60.10,61.30,2550,86100,55.83
2020-10-16 09:48:00,62.40,64.10,62.40,63.50,900,86100,56.05
2020-10-16 09:49:00,64.35,64.70,63.15,64.70,750,86100,56.25
2020-10-16 09:50:00,64.95,67.00,64.95,66.95,900,86475,56.53
2020-10-16 09:51:00,66.65,67.00,64.40,67.00,4800,86475,57.75
2020-10-16 09:52:00,67.10,70.00,67.10,69.50,975,86475,58.04
2020-10-16 09:53:00,70.30,73.20,68.60,73.20,1500,88425,58.53
2020-10-16 09:54:00,73.20,74.35,72.00,74.35,1350,88425,59.01
2020-10-16 09:55:00,73.40,73.40,69.80,70.50,1275,88425,59.40
2020-10-16 09:56:00,70.85,74.40,70.85,73.80,2025,89250,60.07
2020-10-16 09:57:00,74.60,76.50,73.80,73.80,3675,89250,61.30
2020-10-16 09:58:00,72.70,74.55,72.70,73.45,1500,89250,61.68
2020-10-16 09:59:00,73.85,77.60,73.85,77.20,975,89700,61.96
2020-10-16 10:00:00,76.35,80.00,76.35,78.35,3450,89700,63.01
2020-10-16 10:01:00,78.85,78.85,75.95,76.30,1275,89700,63.34
2020-10-16 10:02:00,76.25,77.95,76.25,77.75,975,91500,63.59
2020-10-16 10:03:00,77.65,77.70,72.00,72.00,2400,91500,64.08
2020-10-16 10:04:00,71.55,71.55,68.20,68.75,5625,91500,64.50
2020-10-16 10:05:00,68.70,69.30,68.40,68.80,1125,88575,64.58
2020-10-16 10:06:00,69.15,69.15,63.30,63.30,3225,88575,64.65
2020-10-16 10:07:00,62.40,64.45,61.55,64.45,2250,88575,64.59
2020-10-16 10:08:00,64.00,65.05,63.60,63.70,600,89250,64.59
2020-10-16 10:09:00,63.05,64.00,61.75,62.30,900,89250,64.56
2020-10-16 10:10:00,62.75,63.70,62.75,63.70,825,89250,64.55
2020-10-16 10:11:00,64.80,65.80,64.00,65.50,1350,90375,64.56
2020-10-16 10:12:00,64.25,64.25,63.70,63.75,600,90375,64.55
2020-10-16 10:13:00,63.55,63.90,63.55,63.70,375,90375,64.55
2020-10-16 10:14:00,63.50,63.50,62.85,62.85,225,83325,64.55
2020-10-16 10:15:00,62.00,62.00,59.10,59.10,900,83325,64.49
2020-10-16 10:16:00,59.15,59.90,58.80,59.90,750,83325,64.44
2020-10-16 10:17:00,60.10,60.10,60.10,60.10,75,83325,64.43
2020-10-16 10:18:00,61.15,61.15,61.15,61.15,75,83700,64.43
2020-10-16 10:19:00,62.15,63.15,62.15,62.90,450,83700,64.42
2020-10-16 10:20:00,62.00,62.00,60.10,60.10,1275,84375,64.38
2020-10-16 10:21:00,60.20,61.80,60.20,61.80,1875,84375,64.29
2020-10-16 10:22:00,63.20,64.70,63.20,64.20,900,84375,64.29
2020-10-16 10:23:00,64.15,64.15,63.50,63.55,450,83475,64.28
2020-10-16 10:24:00,63.70,65.05,63.70,64.15,525,83475,64.28
2020-10-16 10:25:00,64.50,64.75,64.50,64.50,225,83475,64.29
2020-10-16 10:26:00,62.25,62.25,61.35,61.70,450,83850,64.27
2020-10-16 10:27:00,60.65,61.15,60.65,61.15,150,83850,64.27
2020-10-16 10:28:00,62.10,63.25,62.05,62.85,525,83850,64.25
2020-10-16 10:29:00,63.55,63.55,60.85,60.85,300,82950,64.25
2020-10-16 10:30:00,60.95,60.95,60.20,60.25,1575,82950,64.18
2020-10-16 10:31:00,60.90,60.90,60.65,60.65,150,82950,64.18
2020-10-16 10:32:00,62.45,62.80,62.25,62.55,375,83625,64.17
2020-10-16 10:33:00,62.55,63.15,62.00,62.25,675,83625,64.16
2020-10-16 10:34:00,62.20,63.70,62.15,63.70,525,83625,64.15
2020-10-16 10:35:00,61.40,61.40,61.40,61.40,75,83625,64.15
2020-10-16 10:36:00,63.35,63.35,62.10,62.10,375,83625,64.14
2020-10-16 10:37:00,61.45,61.50,61.45,61.50,675,83625,64.12
2020-10-16 10:39:00,61.95,61.95,61.95,61.95,75,82725,64.12
2020-10-16 10:40:00,63.05,63.30,63.05,63.30,150,82725,64.12
2020-10-16 10:41:00,61.75,62.00,61.75,61.90,225,82050,64.11
2020-10-16 10:43:00,60.50,60.50,59.80,60.50,750,82050,64.08
2020-10-16 10:45:00,59.80,60.60,59.80,60.60,375,82050,64.06
2020-10-16 10:46:00,61.00,62.25,61.00,61.90,525,82050,64.05
2020-10-16 10:47:00,60.75,60.75,60.60,60.60,150,82050,64.05
2020-10-16 10:48:00,56.75,56.85,55.50,56.40,1125,82050,63.95
2020-10-16 10:49:00,56.40,56.40,55.20,56.30,600,82050,63.90
2020-10-16 10:50:00,55.40,55.40,53.65,54.45,1800,82725,63.71
2020-10-16 10:51:00,55.30,56.10,55.30,56.10,300,82725,63.69
2020-10-16 10:52:00,56.65,56.65,56.20,56.20,600,82725,63.64
2020-10-16 10:53:00,56.25,57.15,56.25,57.00,300,82725,63.62
2020-10-16 10:54:00,56.95,56.95,56.95,56.95,75,82725,63.61
2020-10-16 10:55:00,56.85,56.85,56.85,56.85,75,82725,63.61
2020-10-16 10:56:00,57.20,57.50,57.20,57.20,300,82575,63.59
2020-10-16 10:57:00,57.00,58.55,57.00,58.55,525,82575,63.56
2020-10-16 10:58:00,57.85,57.85,57.85,57.85,75,82575,63.55
2020-10-16 10:59:00,56.85,56.85,56.75,56.75,150,82500,63.54
2020-10-16 11:00:00,55.15,56.00,55.15,56.00,600,82500,63.49
2020-10-16 11:01:00,56.05,56.30,55.85,56.05,300,82500,63.47
2020-10-16 11:02:00,56.20,56.90,56.20,56.60,300,82350,63.45
2020-10-16 11:03:00,56.10,58.20,56.10,58.20,525,82350,63.41
2020-10-16 11:04:00,57.55,57.55,57.10,57.10,600,82350,63.38
2020-10-16 11:07:00,57.10,57.10,55.60,55.80,675,82275,63.33
2020-10-16 11:08:00,55.65,56.50,55.65,56.45,375,82650,63.30
2020-10-16 11:10:00,56.20,56.20,55.30,55.30,525,82650,63.26
2020-10-16 11:11:00,55.90,56.10,55.90,56.10,150,82650,63.25
2020-10-16 11:12:00,56.95,56.95,56.55,56.55,150,81750,63.24
2020-10-16 11:13:00,56.55,56.55,56.55,56.55,300,81750,63.22
2020-10-16 11:14:00,55.30,55.30,55.00,55.00,150,81750,63.21
2020-10-16 11:15:00,55.50,56.10,55.50,56.10,525,82050,63.17
2020-10-16 11:16:00,55.90,55.90,55.90,55.90,75,82050,63.16
2020-10-16 11:18:00,56.30,57.95,56.30,57.95,675,82500,63.13
2020-10-16 11:19:00,57.20,57.20,57.20,57.20,75,82500,63.12
2020-10-16 11:22:00,57.50,57.50,57.50,57.50,75,83025,63.12
2020-10-16 11:23:00,58.40,58.40,58.40,58.40,75,83025,63.11
2020-10-16 11:26:00,57.90,58.25,57.90,58.25,300,81525,63.10
2020-10-16 11:27:00,58.45,58.45,58.40,58.40,150,81525,63.09
2020-10-16 11:29:00,58.15,58.35,58.15,58.35,300,81525,63.08
2020-10-16 11:30:00,57.20,57.20,57.20,57.20,75,81675,63.07
2020-10-16 11:31:00,58.70,60.05,58.70,60.05,675,81675,63.05
2020-10-16 11:32:00,58.85,59.00,58.70,59.00,225,81675,63.04
2020-10-16 11:33:00,59.25,59.25,58.55,58.55,300,81825,63.03
2020-10-16 11:34:00,59.80,59.80,59.80,59.80,75,81825,63.03
2020-10-16 11:35:00,59.70,61.60,59.70,61.60,675,82275,63.01
2020-10-16 11:36:00,61.15,62.20,61.15,61.90,750,82275,63.00
2020-10-16 11:37:00,64.15,64.15,63.35,63.70,1350,82275,63.02
2020-10-16 11:38:00,62.95,63.00,62.60,62.60,225,81750,63.02
2020-10-16 11:39:00,63.35,65.10,63.35,63.95,375,81750,63.02
2020-10-16 11:40:00,64.45,67.00,64.45,65.85,1125,81750,63.05
2020-10-16 11:41:00,65.50,65.50,64.25,64.25,1050,81750,63.07
2020-10-16 11:42:00,65.50,65.50,65.00,65.00,600,81675,63.09
2020-10-16 11:43:00,65.25,65.25,64.80,64.85,300,81675,63.09
2020-10-16 11:44:00,65.50,65.55,65.50,65.55,225,81300,63.10
2020-10-16 11:45:00,66.30,68.75,66.30,67.55,12225,81300,63.58
2020-10-16 11:46:00,67.45,69.35,66.05,66.05,1950,81300,63.64
2020-10-16 11:47:00,65.75,65.75,64.50,65.30,15075,83100,63.70
2020-10-16 11:48:00,65.35,65.35,64.45,64.45,375,83100,63.70
2020-10-16 11:49:00,64.40,64.40,62.65,62.65,450,83100,63.70
2020-10-16 11:50:00,62.15,62.35,61.55,62.35,1200,83100,63.68
2020-10-16 11:51:00,62.90,64.65,62.90,64.65,375,82575,63.68
2020-10-16 11:52:00,64.05,64.25,63.80,63.80,300,82575,63.68
2020-10-16 11:53:00,63.75,63.75,63.20,63.20,150,82575,63.68
2020-10-16 11:54:00,62.50,62.55,62.50,62.55,150,82575,63.68
2020-10-16 11:55:00,62.20,62.20,61.00,61.50,750,82575,63.67
2020-10-16 11:57:00,61.50,61.50,61.50,61.50,75,81675,63.67
2020-10-16 11:58:00,61.40,61.80,60.50,61.45,2850,81675,63.62
2020-10-16 11:59:00,62.30,62.30,61.35,61.35,750,78600,63.61
2020-10-16 12:00:00,61.35,61.35,56.85,56.85,1050,78600,63.57
2020-10-16 12:01:00,57.05,58.45,57.05,58.45,300,78600,63.56
2020-10-16 12:02:00,55.80,55.80,54.25,55.05,1200,78225,63.49
2020-10-16 12:03:00,55.95,55.95,54.65,54.70,225,78225,63.48
2020-10-16 12:04:00,54.45,55.40,54.00,54.00,1950,78225,63.37
2020-10-16 12:05:00,53.40,53.40,52.20,53.10,975,79725,63.31
2020-10-16 12:06:00,53.70,54.95,53.70,54.80,1050,79725,63.25
2020-10-16 12:07:00,55.05,56.00,54.85,55.75,2100,79725,63.14
2020-10-16 12:08:00,56.45,56.45,55.65,55.65,600,79125,63.12
2020-10-16 12:09:00,55.85,55.85,55.35,55.55,450,79125,63.09
2020-10-16 12:10:00,55.60,55.60,54.60,54.60,450,79125,63.07
2020-10-16 12:11:00,54.40,55.05,54.30,55.05,450,78600,63.05
2020-10-16 12:12:00,55.05,55.05,55.05,55.05,75,78600,63.04
2020-10-16 12:13:00,55.65,55.65,55.65,55.65,75,78600,63.04
2020-10-16 12:14:00,56.95,56.95,56.95,56.95,150,78600,63.03
2020-10-16 12:15:00,56.45,57.25,56.45,57.25,225,77925,63.02
2020-10-16 12:16:00,59.50,60.75,59.50,60.35,675,77925,63.01
2020-10-16 12:17:00,60.15,60.15,60.00,60.00,225,77925,63.01
2020-10-16 12:18:00,61.00,61.90,59.75,59.75,750,78225,63.00
2020-10-16 12:19:00,59.55,59.85,59.00,59.00,375,78225,62.99
2020-10-16 12:20:00,59.60,60.80,59.60,60.80,150,78225,62.99
2020-10-16 12:21:00,60.80,62.00,60.00,60.00,1575,77775,62.97
2020-10-16 12:22:00,60.00,60.05,58.95,58.95,450,77775,62.96
2020-10-16 12:23:00,59.20,59.20,59.20,59.20,150,77775,62.96
2020-10-16 12:24:00,56.95,56.95,56.95,56.95,75,78150,62.96
2020-10-16 12:25:00,56.80,56.90,56.10,56.10,225,78150,62.95
2020-10-16 12:28:00,57.35,57.35,57.35,57.35,75,77775,62.95
2020-10-16 12:31:00,54.90,55.00,54.90,55.00,150,77925,62.94
2020-10-16 12:32:00,55.30,55.85,55.30,55.80,375,77925,62.92
2020-10-16 12:33:00,56.05,56.05,55.05,55.05,375,77925,62.90
2020-10-16 12:34:00,55.45,55.55,55.30,55.30,300,77925,62.89
2020-10-16 12:36:00,55.00,55.00,55.00,55.00,75,77775,62.89
2020-10-16 12:37:00,54.55,54.55,54.55,54.55,75,77775,62.88
2020-10-16 12:38:00,56.50,57.10,56.50,57.10,150,77775,62.88
2020-10-16 12:39:00,55.90,55.90,55.30,55.30,225,77775,62.87
2020-10-16 12:40:00,55.10,55.10,54.70,54.70,225,77775,62.86
2020-10-16 12:41:00,53.25,53.25,53.25,53.25,75,77775,62.85
2020-10-16 12:42:00,52.85,52.85,51.55,52.65,975,78075,62.79
2020-10-16 12:43:00,53.05,53.05,53.05,53.05,75,78075,62.79
2020-10-16 12:44:00,52.65,52.65,52.65,52.65,75,78075,62.78
2020-10-16 12:45:00,50.15,50.15,50.00,50.00,450,78300,62.75
2020-10-16 12:46:00,51.30,52.20,51.30,51.85,2850,78300,62.56
2020-10-16 12:47:00,51.70,52.85,51.70,52.85,300,79575,62.55
2020-10-16 12:48:00,52.95,53.70,52.95,53.25,225,79575,62.53
2020-10-16 12:49:00,52.75,53.00,52.60,53.00,225,79575,62.52
2020-10-16 12:50:00,54.55,54.55,54.55,54.55,75,79575,62.52
2020-10-16 12:51:00,55.75,55.75,53.55,54.95,975,79650,62.47
2020-10-16 12:52:00,54.20,54.85,54.20,54.85,525,79650,62.45
2020-10-16 12:53:00,54.80,54.80,54.80,54.80,150,0,62.44
2020-10-16 12:54:00,55.65,56.00,54.60,54.60,450,79650,62.42
2020-10-16 12:55:00,53.55,53.55,53.55,53.55,150,79650,62.41
2020-10-16 12:56:00,52.95,53.85,52.85,53.85,525,79650,62.39
2020-10-16 12:57:00,55.30,55.30,55.30,55.30,75,79125,62.38
2020-10-16 12:58:00,55.20,55.20,55.20,55.20,75,79125,62.38
2020-10-16 12:59:00,55.00,55.00,54.05,54.05,225,79125,62.37
2020-10-16 13:00:00,53.70,53.70,53.70,53.70,75,78075,62.37
2020-10-16 13:02:00,53.35,53.35,53.05,53.05,825,78075,62.32
2020-10-16 13:03:00,53.95,54.05,53.90,53.90,225,78450,62.31
2020-10-16 13:04:00,55.05,56.20,55.05,56.20,375,78450,62.30
2020-10-16 13:05:00,57.15,57.15,57.00,57.00,375,78450,62.29
2020-10-16 13:06:00,55.40,55.40,54.45,54.45,225,77850,62.28
2020-10-16 13:07:00,54.95,54.95,54.60,54.60,600,77850,62.25
2020-10-16 13:09:00,54.10,54.10,54.10,54.10,150,78225,62.24
2020-10-16 13:10:00,53.80,53.80,53.80,53.80,300,78225,62.23
2020-10-16 13:14:00,53.30,53.30,53.30,53.30,75,78150,62.23
2020-10-16 13:15:00,51.00,51.00,48.35,49.40,375,78075,62.20
2020-10-16 13:16:00,49.90,49.90,49.40,49.40,150,78075,62.19
2020-10-16 13:17:00,49.95,49.95,49.80,49.80,225,78075,62.17
2020-10-16 13:18:00,49.65,50.60,49.65,50.60,225,77925,62.16
2020-10-16 13:19:00,50.85,50.85,49.40,49.40,450,77925,62.13
2020-10-16 13:20:00,49.00,49.00,47.25,48.75,2250,77925,61.96
2020-10-16 13:21:00,48.75,49.40,48.50,49.40,2400,77700,61.78
2020-10-16 13:22:00,49.60,49.60,49.60,49.60,150,77700,61.77
2020-10-16 13:23:00,50.25,50.25,50.25,50.25,75,77700,61.77
2020-10-16 13:24:00,51.10,51.10,51.10,51.10,225,77100,61.76
2020-10-16 13:27:00,50.40,50.70,50.40,50.70,450,76875,61.73
2020-10-16 13:28:00,50.45,50.45,50.10,50.10,300,76875,61.71
2020-10-16 13:31:00,49.90,52.70,49.90,52.70,150,76875,61.70
2020-10-16 13:32:00,52.55,55.45,52.55,54.40,2925,76875,61.59
2020-10-16 13:33:00,54.05,54.05,54.00,54.00,150,76800,61.58
2020-10-16 13:35:00,54.00,54.00,54.00,54.00,75,76800,61.58
2020-10-16 13:39:00,53.80,54.95,53.80,54.95,225,76575,61.57
2020-10-16 13:40:00,54.80,54.80,54.80,54.80,75,0,61.57
2020-10-16 13:44:00,56.05,56.05,56.05,56.05,150,76650,61.56
2020-10-16 13:45:00,57.05,58.60,57.05,58.60,525,76650,61.55
2020-10-16 13:46:00,55.80,55.80,55.80,55.80,150,76650,61.55
2020-10-16 13:47:00,54.15,54.50,53.25,54.50,450,76650,61.53
2020-10-16 13:49:00,54.50,55.05,54.05,55.05,300,76275,61.52
2020-10-16 13:51:00,56.90,57.05,56.40,56.40,375,76275,61.51
2020-10-16 13:52:00,54.95,54.95,54.95,54.95,1125,76275,61.47
2020-10-16 13:53:00,56.45,56.45,51.35,51.35,1275,76275,61.41
2020-10-16 13:54:00,51.00,51.00,49.85,50.65,225,76350,61.40
2020-10-16 13:55:00,49.60,50.85,49.60,50.85,450,76350,61.37
2020-10-16 13:56:00,51.95,51.95,51.50,51.50,150,76350,61.36
2020-10-16 13:57:00,52.15,52.15,52.15,52.15,75,76500,61.36
2020-10-16 14:00:00,52.65,52.65,52.65,52.65,150,76275,61.35
2020-10-16 14:01:00,53.65,53.65,53.65,53.65,150,76275,61.35
2020-10-16 14:03:00,52.00,52.00,52.00,52.00,75,75675,61.34
2020-10-16 14:04:00,49.85,50.15,49.85,50.15,150,75675,61.34
2020-10-16 14:06:00,51.50,51.50,51.50,51.50,75,75900,61.33
2020-10-16 14:07:00,51.05,51.05,50.85,50.85,150,75900,61.32
2020-10-16 14:08:00,51.20,51.20,51.20,51.20,150,75900,61.32
2020-10-16 14:12:00,51.40,51.40,51.40,51.40,75,0,61.31
2020-10-16 14:14:00,51.55,51.55,51.55,51.55,75,75600,61.31
2020-10-16 14:16:00,51.55,52.35,51.55,52.35,225,75600,61.30
2020-10-16 14:17:00,52.65,52.65,52.60,52.60,150,75600,61.29
2020-10-16 14:18:00,52.20,53.20,52.20,53.20,150,75600,61.28
2020-10-16 14:19:00,52.90,53.35,52.75,53.35,300,75600,61.27
2020-10-16 14:20:00,55.15,55.35,54.45,54.45,375,75600,61.26
2020-10-16 14:21:00,56.00,56.00,56.00,56.00,75,75600,61.26
2020-10-16 14:22:00,53.00,53.00,53.00,53.00,75,75600,61.25
2020-10-16 14:23:00,54.70,54.70,54.55,54.55,150,75600,61.25
2020-10-16 14:24:00,52.95,52.95,52.95,52.95,150,75600,61.24
2020-10-16 14:25:00,52.65,53.15,52.20,53.15,225,75675,61.23
2020-10-16 14:30:00,49.85,49.85,48.80,48.80,825,75600,61.18
2020-10-16 14:31:00,49.90,49.90,49.50,49.50,600,75600,61.15
2020-10-16 14:34:00,49.50,49.85,49.50,49.85,150,76050,61.14
2020-10-16 14:38:00,51.50,51.50,51.50,51.50,150,75975,61.13
2020-10-16 14:40:00,50.00,50.00,49.75,49.75,150,76125,61.12
2020-10-16 14:41:00,50.45,50.45,50.45,50.45,75,76125,61.12
2020-10-16 14:42:00,50.50,51.60,50.50,51.40,750,76125,61.08
2020-10-16 14:43:00,51.60,51.90,51.45,51.60,450,76125,61.06
2020-10-16 14:44:00,51.10,51.55,51.10,51.55,450,76125,61.04
2020-10-16 14:45:00,52.25,52.40,51.20,51.20,525,75225,61.01
2020-10-16 14:46:00,50.85,50.85,50.85,50.85,150,75225,61.01
2020-10-16 14:47:00,50.50,50.80,50.40,50.75,750,75225,60.97
2020-10-16 14:48:00,51.00,51.65,51.00,51.65,750,75225,60.93
2020-10-16 14:49:00,50.95,51.00,50.30,50.30,975,75225,60.88
2020-10-16 14:50:00,50.50,50.50,50.50,50.50,75,75225,60.88
2020-10-16 14:51:00,50.85,51.15,49.10,49.10,600,74475,60.85
2020-10-16 14:52:00,49.45,50.05,49.25,50.05,975,74475,60.79
2020-10-16 14:53:00,50.10,50.10,50.10,50.10,75,74475,60.79
2020-10-16 14:54:00,51.10,51.10,51.10,51.10,75,74475,60.79
2020-10-16 14:56:00,51.00,51.00,50.65,50.65,1200,74550,60.73
2020-10-16 14:57:00,50.25,50.25,49.30,49.30,975,75600,60.68
2020-10-16 14:59:00,50.40,50.45,50.10,50.20,600,75600,60.65
2020-10-16 15:00:00,50.25,50.25,50.25,50.25,75,75600,60.64
2020-10-16 15:01:00,50.95,50.95,50.95,50.95,75,74700,60.64
2020-10-16 15:02:00,50.85,50.85,50.85,50.85,75,74700,60.64
2020-10-16 15:03:00,49.60,49.85,49.60,49.85,750,74700,60.60
2020-10-16 15:04:00,50.70,50.70,50.70,50.70,150,74100,60.59
2020-10-16 15:05:00,51.00,51.00,51.00,51.00,375,74100,60.57
2020-10-16 15:07:00,51.20,51.20,51.20,51.20,150,73950,60.57
2020-10-16 15:10:00,49.80,49.80,49.80,49.80,300,74025,60.55
2020-10-16 15:11:00,51.00,51.00,51.00,51.00,300,74025,60.54
2020-10-16 15:12:00,51.45,51.45,51.45,51.45,75,74550,60.53
2020-10-16 15:13:00,51.05,51.10,50.40,50.70,975,74550,60.49
2020-10-16 15:14:00,50.70,50.70,50.70,50.70,225,74550,60.48
2020-10-16 15:15:00,51.35,51.35,51.35,51.35,75,74550,60.48
2020-10-16 15:16:00,50.30,50.30,50.30,50.30,75,74850,60.47
2020-10-16 15:19:00,50.00,50.55,50.00,50.55,600,74550,60.44
2020-10-16 15:20:00,50.35,50.35,50.35,50.35,75,74550,60.44
2020-10-16 15:21:00,49.85,49.85,49.30,49.30,225,74550,60.43
2020-10-16 15:22:00,49.30,49.85,49.30,49.85,2850,73650,60.28
2020-10-16 15:23:00,49.65,49.65,49.55,49.55,450,73650,60.26
2020-10-16 15:24:00,49.20,49.20,49.20,49.20,75,73650,60.25
2020-10-16 15:25:00,48.55,48.55,47.55,48.15,450,71700,60.23
2020-10-16 15:27:00,47.50,47.50,46.95,47.20,1200,71100,60.16
2020-10-16 15:28:00,47.05,47.05,46.80,46.80,1050,71100,60.09
2020-10-16 15:29:01,45.45,51.95,45.45,51.95,150,71100,60.09
2020-10-19 09:15:00,25.05,34.90,25.05,34.90,450,68925,31.31
2020-10-19 09:16:00,31.00,34.25,31.00,34.25,225,68925,31.70
2020-10-19 09:17:00,34.35,35.00,33.95,33.95,2100,69225,33.80
2020-10-19 09:18:00,33.30,33.60,33.30,33.60,375,69225,33.77
2020-10-19 09:19:00,33.35,33.35,33.35,33.35,150,69225,33.75
2020-10-19 09:20:00,32.10,32.10,31.75,32.10,375,69750,33.58
2020-10-19 09:21:00,31.80,32.10,31.80,32.00,300,69750,33.46
2020-10-19 09:22:00,32.25,33.00,32.25,33.00,150,69750,33.43
2020-10-19 09:23:00,33.55,33.60,33.50,33.50,300,69750,33.44
2020-10-19 09:24:00,34.60,35.75,34.60,35.75,450,69750,33.59
2020-10-19 09:25:00,35.95,35.95,34.40,34.60,600,69750,33.74
2020-10-19 09:26:00,34.60,34.60,34.60,34.60,75,68850,33.75
2020-10-19 09:27:00,33.30,33.30,33.30,33.30,375,68850,33.73
2020-10-19 09:28:00,33.55,34.85,33.50,34.85,1950,68850,33.75
2020-10-19 09:30:00,34.90,34.90,34.90,34.90,75,70275,33.76
2020-10-19 09:31:00,35.55,35.55,34.35,34.35,300,70275,33.81
2020-10-19 09:32:00,34.10,34.40,34.10,34.30,225,70650,33.82
2020-10-19 09:33:00,34.35,34.35,34.35,34.35,750,70650,33.86
2020-10-19 09:34:00,34.70,34.70,34.70,34.70,75,70650,33.87
2020-10-19 09:36:00,34.25,34.40,34.25,34.40,300,70050,33.89
2020-10-19 09:37:00,33.90,34.85,33.90,34.60,450,70050,33.91
2020-10-19 09:38:00,34.75,34.75,34.50,34.55,525,69825,33.94
2020-10-19 09:39:00,35.00,35.15,34.75,35.10,900,69825,34.02
2020-10-19 09:40:00,35.20,35.20,32.75,32.75,375,69825,34.01
2020-10-19 09:42:00,33.65,34.30,33.65,34.30,225,69225,34.01
2020-10-19 09:43:00,34.25,34.25,34.05,34.15,225,69225,34.02
2020-10-19 09:46:00,32.95,32.95,32.95,32.95,75,69150,34.01
2020-10-19 09:48:00,32.65,32.65,32.65,32.65,75,69225,34.00
2020-10-19 09:49:00,32.45,32.45,32.45,32.45,150,69225,33.98
2020-10-19 09:50:00,32.10,32.10,31.35,31.35,225,69000,33.95
2020-10-19 09:51:00,30.00,30.80,30.00,30.10,2400,69000,33.34
2020-10-19 09:52:00,30.50,30.50,30.25,30.35,1875,69000,33.01
2020-10-19 09:53:00,30.55,30.95,30.20,30.20,975,68400,32.88
2020-10-19 09:54:00,30.15,30.75,29.90,29.90,1200,68400,32.72
2020-10-19 09:55:00,30.25,30.70,29.90,30.70,2100,68400,32.50
2020-10-19 09:56:00,30.65,30.65,30.15,30.15,2550,68550,32.27
2020-10-19 09:57:00,29.85,30.45,29.85,30.45,1575,68550,32.15
2020-10-19 09:58:00,29.80,29.90,29.80,29.90,150,68550,32.14
2020-10-19 09:59:00,30.00,30.25,29.55,29.55,675,69600,32.08
2020-10-19 10:00:00,29.25,29.30,28.95,29.25,1725,69600,31.90
2020-10-19 10:01:00,29.50,29.65,29.20,29.20,975,69600,31.82
2020-10-19 10:02:00,28.95,28.95,28.95,28.95,75,70800,31.81
2020-10-19 10:03:00,29.25,29.25,29.00,29.00,375,70800,31.78
2020-10-19 10:05:00,28.50,28.50,28.50,28.50,75,70725,31.77
2020-10-19 10:06:00,28.30,28.45,28.05,28.15,600,70725,31.70
2020-10-19 10:07:00,28.15,28.15,28.05,28.05,750,70725,31.62
2020-10-19 10:08:00,27.65,27.95,27.65,27.80,300,71025,31.58
2020-10-19 10:09:00,27.65,27.65,27.20,27.25,600,71025,31.50
2020-10-19 10:10:00,27.25,27.30,27.00,27.20,600,71025,31.42
2020-10-19 10:11:00,27.00,27.65,27.00,27.65,225,71025,31.39
2020-10-19 10:12:00,27.75,27.75,27.75,27.75,75,71025,31.38
2020-10-19 10:13:00,28.05,28.05,28.05,28.05,75,71025,31.38
2020-10-19 10:14:00,27.65,27.65,27.65,27.65,75,71250,31.37
2020-10-19 10:15:00,27.50,27.95,27.50,27.95,1575,71250,31.20
2020-10-19 10:16:00,28.00,28.15,27.75,27.75,2025,71250,31.02
2020-10-19 10:17:00,27.30,27.30,26.70,27.05,225,71250,31.00
2020-10-19 10:18:00,27.25,27.35,27.25,27.35,1800,71175,30.82
2020-10-19 10:19:00,27.35,27.45,27.35,27.45,300,71175,30.80
2020-10-19 10:20:00,28.05,28.15,28.05,28.15,150,70800,30.78
2020-10-19 10:21:00,28.10,28.10,28.10,28.10,75,70800,30.78
2020-10-19 10:22:00,28.00,28.00,28.00,28.00,75,70800,30.77
2020-10-19 10:23:00,27.65,27.65,27.15,27.55,975,70575,30.69
2020-10-19 10:26:00,27.80,27.80,27.80,27.80,75,70200,30.68
2020-10-19 10:27:00,27.95,27.95,27.85,27.85,150,70200,30.67
2020-10-19 10:28:00,27.45,27.70,27.40,27.55,525,70200,30.63
2020-10-19 10:29:00,27.35,27.35,27.20,27.20,150,70200,30.62
2020-10-19 10:32:00,27.25,27.25,27.25,27.25,300,70350,30.60
2020-10-19 10:33:00,27.50,27.50,27.50,27.50,150,70575,30.59
2020-10-19 10:34:00,27.45,27.45,27.45,27.45,450,70575,30.55
2020-10-19 10:36:00,26.95,26.95,26.60,26.60,225,70575,30.53
2020-10-19 10:38:00,26.75,26.75,26.50,26.50,225,70500,30.51
2020-10-19 10:39:00,26.25,26.25,26.25,26.25,75,0,30.50
2020-10-19 10:41:00,25.30,25.45,25.30,25.45,375,70350,30.46
2020-10-19 10:42:00,25.60,25.65,25.60,25.65,300,70350,30.43
2020-10-19 10:43:00,25.75,25.75,25.65,25.65,150,70350,30.41
2020-10-19 10:44:00,25.55,25.55,25.10,25.15,300,70350,30.37
2020-10-19 10:45:00,25.65,25.65,25.65,25.65,75,70350,30.37
2020-10-19 10:46:00,26.30,26.30,26.20,26.20,225,70350,30.34
2020-10-19 10:47:00,26.05,26.05,26.05,26.05,75,70350,30.34
2020-10-19 10:49:00,26.50,26.50,26.50,26.50,75,70425,30.33
2020-10-19 10:50:00,26.75,26.75,26.75,26.75,75,70500,30.32
2020-10-19 10:51:00,26.90,27.00,26.65,26.65,3525,70500,30.07
2020-10-19 10:52:00,27.25,27.25,27.25,27.25,150,70500,30.06
2020-10-19 10:53:00,27.70,27.70,27.70,27.70,75,70500,30.06
2020-10-19 10:56:00,27.50,27.50,27.50,27.50,75,0,30.06
2020-10-19 10:59:00,27.40,27.40,27.40,27.40,75,73575,30.05
2020-10-19 11:00:00,27.25,27.25,27.25,27.25,75,73650,30.05
2020-10-19 11:01:00,26.95,26.95,26.75,26.75,150,73650,30.04
2020-10-19 11:03:00,27.80,27.80,27.80,27.80,75,73650,30.03
2020-10-19 11:08:00,29.20,29.55,29.20,29.55,300,73725,30.03
2020-10-19 11:09:00,28.75,28.75,28.75,28.75,450,73725,30.02
2020-10-19 11:11:00,28.20,28.80,28.20,28.80,225,73575,30.01
2020-10-19 11:12:00,28.85,29.80,28.85,29.55,825,73575,30.00
2020-10-19 11:14:00,29.00,29.05,28.90,29.05,975,73575,29.98
2020-10-19 11:17:00,29.05,29.05,29.05,29.05,75,73575,29.98
2020-10-19 11:18:00,29.10,29.10,29.10,29.10,75,73350,29.98
2020-10-19 11:20:00,30.40,30.95,30.40,30.40,450,72450,29.99
2020-10-19 11:22:00,29.70,29.70,29.70,29.70,75,72450,29.98
2020-10-19 11:24:00,30.00,30.00,29.75,29.75,450,72375,29.98
2020-10-19 11:25:00,29.55,29.70,29.55,29.70,1425,72375,29.97
2020-10-19 11:27:00,28.60,28.60,27.55,28.05,2775,73950,29.87
2020-10-19 11:28:00,27.95,28.05,27.95,28.05,150,73950,29.87
2020-10-19 11:30:00,27.75,27.90,27.75,27.85,375,76500,29.85
2020-10-19 11:31:00,27.80,27.90,27.65,27.65,3750,76500,29.72
2020-10-19 11:32:00,27.65,27.65,27.65,27.65,150,76500,29.72
2020-10-19 11:33:00,28.15,28.60,28.15,28.60,675,80175,29.70
2020-10-19 11:34:00,28.80,28.80,28.70,28.70,300,80175,29.70
2020-10-19 11:35:00,29.40,29.65,29.15,29.15,450,80175,29.70
2020-10-19 11:37:00,28.65,28.65,28.65,28.65,75,80775,29.69
2020-10-19 11:38:00,28.50,28.50,28.50,28.50,75,80775,29.69
2020-10-19 11:39:00,28.40,28.40,28.40,28.40,75,80700,29.69
2020-10-19 11:40:00,28.90,28.90,28.90,28.90,75,80700,29.69
2020-10-19 11:43:00,29.15,29.15,29.15,29.15,75,0,29.69
2020-10-19 11:44:00,29.40,29.40,29.40,29.40,75,79650,29.69
2020-10-19 11:46:00,28.20,28.20,28.20,28.20,75,79650,29.69
2020-10-19 11:48:00,28.40,28.40,28.40,28.40,300,79725,29.68
2020-10-19 11:49:00,28.25,28.25,28.25,28.25,75,79725,29.68
2020-10-19 11:50:00,28.35,28.35,28.35,28.35,75,79725,29.68
2020-10-19 11:51:00,29.65,29.65,29.50,29.50,225,79875,29.68
2020-10-19 11:52:00,30.00,30.00,30.00,30.00,75,79875,29.68
2020-10-19 11:53:00,31.00,31.00,31.00,31.00,75,79875,29.68
2020-10-19 11:54:00,30.90,32.25,30.90,31.60,825,79875,29.70
2020-10-19 11:56:00,31.45,31.45,30.75,30.75,150,79875,29.71
2020-10-19 11:59:00,29.95,29.95,29.95,29.95,75,80025,29.71
2020-10-19 12:01:00,30.45,30.45,30.45,30.45,75,80025,29.71
2020-10-19 12:04:00,28.95,28.95,28.95,28.95,75,79875,29.71
2020-10-19 12:05:00,28.30,28.55,28.30,28.55,900,79875,29.69
2020-10-19 12:07:00,28.85,28.85,28.85,28.85,600,80100,29.68
2020-10-19 12:09:00,28.85,28.85,28.85,28.85,75,80625,29.68
2020-10-19 12:11:00,29.50,29.50,29.50,29.50,75,80625,29.68
2020-10-19 12:14:00,28.75,28.75,28.75,28.75,375,80625,29.67
2020-10-19 12:15:00,28.45,28.45,28.45,28.45,75,79425,29.67
2020-10-19 12:16:00,29.10,29.10,29.10,29.10,450,79425,29.67
2020-10-19 12:17:00,29.35,29.35,29.35,29.35,75,0,29.67
2020-10-19 12:20:00,28.50,28.50,28.50,28.50,75,79125,29.67
2020-10-19 12:21:00,28.45,28.45,28.45,28.45,75,79125,29.67
2020-10-19 12:25:00,28.75,28.75,28.75,28.75,75,79125,29.66
2020-10-19 12:26:00,28.80,28.80,28.80,28.80,75,79125,29.66
2020-10-19 12:27:00,28.25,28.25,28.25,28.25,300,78825,29.66
2020-10-19 12:28:00,28.25,28.25,28.20,28.20,225,78825,29.65
2020-10-19 12:32:00,28.20,28.20,28.20,28.20,225,79125,29.65
2020-10-19 12:33:00,27.40,27.80,27.40,27.80,225,79200,29.64
2020-10-19 12:34:00,27.50,27.65,27.45,27.65,1650,79200,29.59
2020-10-19 12:35:00,27.70,27.70,27.70,27.70,75,79200,29.59
2020-10-19 12:45:00,28.05,28.05,28.05,28.05,75,79875,29.59
2020-10-19 12:46:00,27.45,27.50,27.30,27.50,300,79875,29.58
2020-10-19 12:51:00,26.95,27.20,26.85,27.20,900,80100,29.54
2020-10-19 12:53:00,27.45,27.45,27.45,27.45,75,80100,29.54
2020-10-19 12:55:00,27.85,27.85,27.85,27.85,75,0,29.54
2020-10-19 12:59:00,27.75,27.75,27.75,27.75,150,80175,29.54
2020-10-19 13:00:00,27.65,28.05,27.65,28.00,1425,79875,29.50
2020-10-19 13:01:00,28.00,28.05,28.00,28.05,375,79875,29.50
2020-10-19 13:02:00,28.00,28.20,28.00,28.20,525,79875,29.49
2020-10-19 13:04:00,28.60,28.80,28.60,28.80,300,81975,29.48
2020-10-19 13:05:00,29.75,29.75,29.55,29.55,525,81975,29.48
2020-10-19 13:07:00,27.95,28.30,27.95,28.25,525,81750,29.48
2020-10-19 13:08:00,28.30,28.45,28.30,28.45,225,81750,29.47
2020-10-19 13:10:00,27.80,27.80,27.15,27.55,1650,82350,29.43
2020-10-19 13:11:00,27.95,27.95,27.95,27.95,75,82350,29.43
2020-10-19 13:12:00,28.20,28.20,28.00,28.00,225,83250,29.42
2020-10-19 13:13:00,27.75,27.75,27.75,27.75,600,83250,29.41
2020-10-19 13:16:00,26.85,26.85,26.25,26.85,600,83625,29.39
2020-10-19 13:18:00,27.30,27.65,27.30,27.45,825,83325,29.37
2020-10-19 13:22:00,28.00,28.00,28.00,28.00,150,82950,29.37
2020-10-19 13:24:00,28.15,28.15,27.75,27.75,150,83025,29.36
2020-10-19 13:27:00,28.55,28.55,27.80,27.80,225,83100,29.36
2020-10-19 13:29:00,28.95,29.25,28.95,29.05,225,83100,29.36
2020-10-19 13:30:00,29.00,29.00,29.00,29.00,300,83175,29.36
2020-10-19 13:31:00,28.65,28.65,28.20,28.25,4050,83175,29.31
2020-10-19 13:32:00,28.15,28.15,27.75,27.75,1650,83175,29.28
2020-10-19 13:33:00,28.15,28.15,28.05,28.05,825,86700,29.27
2020-10-19 13:34:00,28.10,28.10,27.85,28.10,3750,86700,29.22
2020-10-19 13:35:00,28.50,28.50,27.90,28.40,2700,86700,29.19
2020-10-19 13:36:00,28.55,29.35,28.55,29.35,2400,87300,29.18
2020-10-19 13:37:00,29.25,29.25,28.50,28.50,2775,87300,29.16
2020-10-19 13:38:00,28.30,28.30,27.30,27.30,6900,87300,29.08
2020-10-19 13:39:00,26.75,27.10,26.75,27.10,2850,86475,29.02
2020-10-19 13:40:00,27.65,28.10,27.65,28.00,375,86475,29.02
2020-10-19 13:41:00,27.90,27.90,27.60,27.60,450,86475,29.01
2020-10-19 13:42:00,27.20,27.55,27.20,27.55,450,86325,29.00
2020-10-19 13:43:00,27.50,27.55,27.50,27.55,225,86325,29.00
2020-10-19 13:44:00,27.90,27.90,27.85,27.85,825,86325,28.99
2020-10-19 13:45:00,28.05,28.05,28.05,28.05,825,85200,28.99
2020-10-19 13:46:00,28.40,28.60,28.30,28.35,1575,85200,28.98
2020-10-19 13:48:00,28.15,28.40,28.00,28.40,1500,83925,28.97
2020-10-19 13:49:00,28.35,28.40,27.60,27.60,225,83925,28.97
2020-10-19 13:55:00,27.15,27.15,27.15,27.15,75,83625,28.96
2020-10-19 13:56:00,27.90,27.90,27.90,27.90,75,83625,28.96
2020-10-19 13:57:00,28.00,28.00,28.00,28.00,450,83625,28.96
2020-10-19 13:58:00,27.55,27.75,27.55,27.75,150,83850,28.96
2020-10-19 13:59:00,27.65,27.65,27.65,27.65,75,83850,28.96
2020-10-19 14:00:00,26.70,26.70,26.70,26.70,300,83850,28.95
2020-10-19 14:02:00,27.10,27.25,27.10,27.10,750,83850,28.94
2020-10-19 14:03:00,27.30,27.65,27.30,27.65,3525,83625,28.90
2020-10-19 14:04:00,25.70,25.80,25.15,25.65,1500,83625,28.86
2020-10-19 14:05:00,25.60,25.60,24.40,25.45,3375,83625,28.76
2020-10-19 14:06:00,25.60,25.85,25.60,25.85,750,83625,28.74
2020-10-19 14:07:00,26.05,26.15,25.75,25.95,2325,83925,28.69
2020-10-19 14:08:00,25.70,25.75,25.65,25.70,2625,83925,28.63
2020-10-19 14:09:00,25.25,25.25,25.25,25.25,75,81525,28.63
2020-10-19 14:10:00,25.60,26.05,25.55,26.05,3450,81525,28.56
2020-10-19 14:11:00,26.00,26.00,25.85,25.90,1200,81525,28.53
2020-10-19 14:13:00,25.90,25.90,25.90,25.90,75,80775,28.53
2020-10-19 14:15:00,25.40,25.40,25.40,25.40,75,77475,28.53
2020-10-19 14:18:00,26.10,26.80,25.90,26.65,450,72000,28.52
2020-10-19 14:19:00,26.65,26.65,26.30,26.40,1800,72000,28.50
2020-10-19 14:20:00,26.20,26.30,25.90,25.90,225,72000,28.49
2020-10-19 14:22:00,25.85,25.85,25.65,25.65,150,69225,28.49
2020-10-19 14:24:00,25.80,25.80,25.80,25.80,75,69150,28.49
2020-10-19 14:25:00,25.50,25.80,25.50,25.80,450,69150,28.48
2020-10-19 14:28:00,25.05,25.05,25.05,25.05,525,69000,28.47
2020-10-19 14:29:00,25.35,25.35,25.35,25.35,75,69000,28.46
2020-10-19 14:30:00,25.40,25.45,25.40,25.45,450,69450,28.45
2020-10-19 14:32:00,26.30,26.50,26.30,26.35,300,69450,28.45
2020-10-19 14:34:00,25.50,25.50,24.30,24.30,450,69375,28.44
2020-10-19 14:35:00,24.05,24.50,24.05,24.50,600,69375,28.42
2020-10-19 14:37:00,24.90,24.90,24.90,24.90,150,69675,28.42
2020-10-19 14:38:00,25.55,25.55,25.55,25.55,75,69675,28.42
2020-10-19 14:39:00,25.75,25.80,25.75,25.80,150,69450,28.41
2020-10-19 14:40:00,25.40,25.40,25.40,25.40,75,69450,28.41
2020-10-19 14:41:00,26.15,26.15,26.15,26.15,150,69450,28.41
2020-10-19 14:43:00,25.55,25.55,25.55,25.55,150,69525,28.41
2020-10-19 14:44:00,26.05,26.05,26.05,26.05,75,69525,28.40
2020-10-19 14:47:00,25.15,25.15,25.15,25.15,450,69375,28.39
2020-10-19 14:48:00,25.45,25.45,25.45,25.45,450,69375,28.39
2020-10-19 14:49:00,26.00,26.00,26.00,26.00,450,69375,28.38
2020-10-19 14:50:00,25.85,25.85,25.25,25.25,975,69375,28.36
2020-10-19 14:51:00,25.55,25.55,25.55,25.55,150,69675,28.35
2020-10-19 14:52:00,25.45,25.45,25.00,25.00,300,69675,28.35
2020-10-19 14:53:00,24.05,24.10,24.05,24.10,300,69675,28.34
2020-10-19 14:54:00,24.55,24.55,24.35,24.35,150,69675,28.33
2020-10-19 14:55:00,24.80,24.90,24.65,24.90,750,70050,28.32
2020-10-19 14:56:00,24.80,24.95,24.60,24.60,675,70050,28.30
2020-10-19 14:57:00,24.45,24.55,24.45,24.55,825,70425,28.28
2020-10-19 14:58:00,24.50,24.55,24.50,24.55,300,70425,28.27
2020-10-19 14:59:00,24.90,25.05,24.80,25.00,450,70425,28.26
2020-10-19 15:00:00,24.35,24.80,24.35,24.80,1050,70350,28.24
2020-10-19 15:01:00,24.80,24.80,24.70,24.80,375,70350,28.23
2020-10-19 15:02:00,24.85,24.85,24.85,24.85,225,70350,28.22
2020-10-19 15:03:00,24.95,24.95,24.90,24.90,150,70350,28.22
2020-10-19 15:04:00,24.85,24.85,24.15,24.30,300,71625,28.21
2020-10-19 15:05:00,24.30,24.65,24.30,24.65,2325,71625,28.15
2020-10-19 15:06:00,24.65,24.90,24.35,24.90,675,72000,28.14
2020-10-19 15:07:00,24.85,24.85,24.15,24.40,1650,72000,28.10
2020-10-19 15:08:00,24.35,24.35,24.30,24.35,300,72000,28.09
2020-10-19 15:09:00,24.80,24.80,24.25,24.30,375,72825,28.08
2020-10-19 15:10:00,24.65,24.65,24.30,24.30,450,72825,28.07
2020-10-19 15:11:00,24.05,24.05,23.85,23.85,600,72825,28.06
2020-10-19 15:12:00,23.65,23.80,23.65,23.80,150,72150,28.05
2020-10-19 15:13:00,23.60,23.60,23.60,23.60,75,72150,28.05
2020-10-19 15:14:00,23.40,23.85,23.40,23.85,1425,72150,28.01
2020-10-19 15:15:00,23.95,24.35,23.95,24.25,675,70275,27.99
2020-10-19 15:16:00,24.45,24.55,24.45,24.55,225,70275,27.99
2020-10-19 15:17:00,24.60,24.70,24.60,24.70,225,70275,27.98
2020-10-19 15:19:00,25.00,25.00,24.90,24.95,525,70500,27.97
2020-10-19 15:20:00,24.60,24.60,24.60,24.60,75,70500,27.97
2020-10-19 15:22:00,24.15,24.25,24.05,24.25,300,70500,27.96
2020-10-19 15:23:00,24.20,24.20,24.20,24.20,600,70500,27.95
2020-10-19 15:24:00,23.85,23.85,23.85,23.85,150,70500,27.95
2020-10-19 15:25:00,24.10,24.10,24.05,24.05,225,70500,27.94
2020-10-19 15:26:00,24.05,24.05,24.05,24.05,75,70500,27.94
2020-10-19 15:27:00,23.85,23.85,23.80,23.80,675,70125,27.92
2020-10-19 15:28:00,23.75,23.75,23.45,23.45,450,70125,27.91
2020-10-19 15:29:01,23.50,23.60,23.40,23.60,675,70125,27.89
2020-10-20 09:15:00,24.75,24.75,24.75,24.75,75,69750,24.75
2020-10-20 09:17:00,29.15,29.30,29.00,29.30,525,69750,28.67
2020-10-20 09:18:00,27.00,27.10,26.70,26.70,600,70350,27.82
2020-10-20 09:19:00,27.00,27.00,26.80,26.80,225,70350,27.67
2020-10-20 09:20:00,25.90,26.75,25.40,26.75,675,70425,27.06
2020-10-20 09:21:00,27.20,27.20,27.20,27.20,75,70425,27.06
2020-10-20 09:22:00,26.95,26.95,26.50,26.50,975,70425,26.91
2020-10-20 09:23:00,26.35,26.55,26.35,26.55,525,70125,26.83
2020-10-20 09:24:00,25.70,25.70,25.60,25.60,225,70125,26.76
2020-10-20 09:25:00,25.55,25.55,25.50,25.50,525,70125,26.62
2020-10-20 09:26:00,26.40,26.40,26.40,26.40,150,70125,26.61
2020-10-20 09:27:00,26.30,26.30,26.05,26.05,600,70350,26.56
2020-10-20 09:28:00,25.00,25.00,25.00,25.00,150,70350,26.52
2020-10-20 09:30:00,24.30,24.30,23.50,23.70,3525,70350,25.46
2020-10-20 09:31:00,23.75,23.80,23.45,23.45,225,70350,25.41
2020-10-20 09:32:00,23.75,24.00,23.75,24.00,225,73350,25.38
2020-10-20 09:33:00,24.05,24.05,23.55,23.55,600,73350,25.29
2020-10-20 09:34:00,23.50,24.00,23.50,24.00,375,73350,25.23
2020-10-20 09:35:00,23.80,23.80,23.80,23.80,75,73350,25.22
2020-10-20 09:37:00,24.20,24.20,24.20,24.20,150,73650,25.21
2020-10-20 09:39:00,23.50,23.60,23.50,23.60,225,73800,25.17
2020-10-20 09:40:00,23.75,23.95,23.75,23.95,1650,73800,24.99
2020-10-20 09:41:00,24.15,24.40,24.15,24.40,300,75150,24.97
2020-10-20 09:42:00,24.60,24.60,24.60,24.60,150,75150,24.97
2020-10-20 09:47:00,24.45,24.45,24.45,24.45,75,73650,24.96
2020-10-20 09:50:00,24.75,25.05,24.75,25.05,225,73725,24.96
2020-10-20 09:51:00,25.10,25.25,25.10,25.25,300,73725,24.97
2020-10-20 09:52:00,25.30,25.30,25.00,25.00,675,73725,24.98
2020-10-20 09:53:00,24.55,24.55,24.40,24.40,150,74100,24.97
2020-10-20 09:55:00,25.70,25.70,25.50,25.50,150,74100,24.98
2020-10-20 09:57:00,25.35,25.35,25.30,25.30,975,73275,25.00
2020-10-20 09:58:00,25.65,25.65,25.65,25.65,150,0,25.01
2020-10-20 10:00:00,26.20,26.30,26.20,26.30,300,74025,25.03
2020-10-20 10:06:00,25.05,25.05,25.00,25.00,525,73200,25.03
2020-10-20 10:07:00,24.40,24.40,24.40,24.40,75,73200,25.03
2020-10-20 10:08:00,24.50,24.50,24.50,24.50,75,73350,25.02
2020-10-20 10:09:00,24.50,24.50,24.50,24.50,75,73350,25.02
2020-10-20 10:10:00,25.35,25.35,25.35,25.35,75,73350,25.02
2020-10-20 10:13:00,24.55,24.55,24.55,24.55,1050,73425,24.99
2020-10-20 10:15:00,24.25,24.25,24.25,24.25,150,73275,24.99
2020-10-20 10:16:00,24.30,24.30,24.30,24.30,75,0,24.99
2020-10-20 10:18:00,24.45,25.00,24.45,25.00,525,73275,24.98
2020-10-20 10:19:00,24.65,24.75,24.65,24.75,225,73275,24.98
2020-10-20 10:22:00,24.30,24.30,24.30,24.30,75,73575,24.98
2020-10-20 10:23:00,24.50,24.50,24.50,24.50,300,73575,24.97
2020-10-20 10:24:00,24.20,24.20,24.20,24.20,150,73725,24.96
2020-10-20 10:25:00,24.00,24.00,24.00,24.00,1125,73725,24.91
2020-10-20 10:26:00,24.05,24.05,23.85,23.85,375,73725,24.89
2020-10-20 10:27:00,24.20,24.20,24.20,24.20,150,73500,24.89
2020-10-20 10:28:00,24.15,24.25,24.15,24.20,375,73500,24.87
2020-10-20 10:32:00,24.25,24.25,24.25,24.25,75,73275,24.87
2020-10-20 10:33:00,24.10,24.10,24.10,24.10,75,73275,24.87
2020-10-20 10:35:00,24.00,24.00,24.00,24.00,75,73275,24.87
2020-10-20 10:37:00,23.65,23.85,23.65,23.85,150,72300,24.86
2020-10-20 10:38:00,23.95,24.00,23.80,23.80,825,72150,24.82
2020-10-20 10:42:00,23.55,23.65,23.55,23.65,150,72375,24.81
2020-10-20 10:44:00,22.90,22.90,22.50,22.50,375,72300,24.78
2020-10-20 10:45:00,22.00,22.35,22.00,22.35,600,72300,24.71
2020-10-20 10:49:00,22.65,22.65,22.55,22.55,300,72450,24.68
2020-10-20 10:53:00,23.40,23.40,23.40,23.40,75,72450,24.68
2020-10-20 10:54:00,23.55,23.70,23.55,23.70,150,72450,24.67
2020-10-20 10:55:00,23.55,23.55,23.55,23.55,75,72450,24.67
2020-10-20 10:56:00,23.30,23.30,23.30,23.30,75,72225,24.66
2020-10-20 10:59:00,23.50,23.50,23.50,23.50,300,72225,24.65
2020-10-20 11:00:00,23.40,23.45,23.30,23.30,300,72150,24.63
2020-10-20 11:01:00,23.35,23.70,23.35,23.70,1650,72150,24.57
2020-10-20 11:02:00,23.80,23.80,23.50,23.50,750,73875,24.55
2020-10-20 11:03:00,23.50,23.65,23.35,23.35,1125,73875,24.50
2020-10-20 11:04:00,23.10,23.10,23.10,23.10,75,73875,24.50
2020-10-20 11:06:00,23.00,23.00,23.00,23.00,600,74775,24.47
2020-10-20 11:07:00,22.90,22.90,22.80,22.80,900,74775,24.42
2020-10-20 11:08:00,22.80,22.80,22.60,22.60,1050,76575,24.36
2020-10-20 11:10:00,21.65,21.65,21.65,21.65,75,76575,24.35
2020-10-20 11:11:00,21.90,21.90,21.90,21.90,375,75225,24.32
2020-10-20 11:12:00,21.90,21.90,21.75,21.75,525,75225,24.28
2020-10-20 11:13:00,21.70,21.70,21.35,21.45,825,75225,24.21
2020-10-20 11:14:00,21.95,21.95,21.95,21.95,150,75225,24.20
2020-10-20 11:15:00,21.70,21.70,21.70,21.70,375,72300,24.17
2020-10-20 11:16:00,22.10,22.10,22.10,22.10,75,72300,24.17
2020-10-20 11:17:00,21.75,21.95,21.75,21.95,225,72300,24.15
2020-10-20 11:18:00,22.00,22.00,22.00,22.00,75,72150,24.15
2020-10-20 11:19:00,21.95,21.95,21.75,21.75,525,72150,24.11
2020-10-20 11:20:00,21.60,21.90,21.60,21.90,225,71775,24.10
2020-10-20 11:22:00,22.20,22.20,22.20,22.20,75,71775,24.09
2020-10-20 11:26:00,21.90,21.90,21.90,21.90,150,71850,24.08
2020-10-20 11:27:00,21.80,21.80,21.75,21.75,150,71925,24.07
2020-10-20 11:29:00,21.90,21.90,21.90,21.90,225,71925,24.06
2020-10-20 11:33:00,22.60,22.60,22.60,22.60,300,71550,24.05
2020-10-20 11:36:00,22.75,22.75,22.75,22.75,75,71325,24.04
2020-10-20 11:37:00,22.65,22.65,22.65,22.65,150,71325,24.04
2020-10-20 11:41:00,22.40,22.40,22.40,22.40,75,71325,24.03
2020-10-20 11:44:00,22.65,22.65,22.55,22.55,150,71250,24.03
2020-10-20 11:45:00,22.50,22.50,20.90,21.20,1725,71325,23.93
2020-10-20 11:46:00,21.35,21.35,21.35,21.35,150,71325,23.92
2020-10-20 11:47:00,21.85,21.85,21.85,21.85,75,71325,23.92
2020-10-20 11:53:00,20.85,20.85,20.65,20.65,150,71250,23.90
2020-10-20 11:54:00,20.60,20.65,20.60,20.65,300,71250,23.88
2020-10-20 11:55:00,20.50,20.50,20.50,20.50,75,71250,23.87
2020-10-20 11:56:00,20.20,20.20,20.00,20.10,375,71250,23.83
2020-10-20 11:59:00,20.45,20.45,20.45,20.45,150,69825,23.82
2020-10-20 12:02:00,20.70,20.70,20.70,20.70,75,69900,23.81
2020-10-20 12:04:00,20.90,20.90,20.80,20.80,450,69900,23.78
2020-10-20 12:06:00,21.15,21.15,21.10,21.10,675,70275,23.74
2020-10-20 12:07:00,21.55,21.55,21.55,21.55,150,70275,23.73
2020-10-20 12:10:00,21.30,21.30,21.30,21.30,75,70200,23.72
2020-10-20 12:18:00,20.50,20.50,20.45,20.45,150,70200,23.71
2020-10-20 12:19:00,20.65,20.90,20.65,20.90,525,70200,23.67
2020-10-20 12:20:00,20.90,21.05,20.90,21.00,4500,70200,23.40
2020-10-20 12:22:00,21.05,21.15,21.05,21.15,1425,69900,23.33
2020-10-20 12:23:00,21.35,21.75,21.35,21.75,150,69900,23.33
2020-10-20 12:24:00,21.70,21.90,21.55,21.90,600,69900,23.31
2020-10-20 12:25:00,21.80,22.25,21.80,22.00,1950,69900,23.26
2020-10-20 12:26:00,22.00,22.00,21.90,21.90,1425,69900,23.22
2020-10-20 12:27:00,22.05,22.10,22.05,22.05,825,66300,23.20
2020-10-20 12:30:00,21.60,21.60,21.40,21.40,225,63450,23.20
2020-10-20 12:32:00,21.05,21.05,21.05,21.05,75,63450,23.19
2020-10-20 12:37:00,21.10,21.10,21.10,21.10,150,62250,23.19
2020-10-20 12:42:00,21.40,21.60,21.40,21.45,5625,61350,23.03
2020-10-20 12:43:00,21.45,21.45,21.45,21.45,4425,61350,22.92
2020-10-20 12:44:00,21.10,21.10,21.10,21.10,2025,61350,22.86
2020-10-20 12:46:00,21.55,21.55,21.55,21.55,75,71625,22.86
2020-10-20 12:47:00,21.35,21.70,21.35,21.60,6525,71625,22.76
2020-10-20 12:48:00,21.60,21.60,21.60,21.60,75,77325,22.76
2020-10-20 12:50:00,21.45,21.55,21.45,21.55,600,77325,22.75
2020-10-20 12:53:00,21.80,21.80,21.70,21.70,150,76800,22.75
2020-10-20 12:54:00,21.80,21.80,21.80,21.80,75,76800,22.74
2020-10-20 12:55:00,22.15,22.15,22.15,22.15,75,76800,22.74
2020-10-20 12:56:00,22.40,22.50,22.40,22.45,300,76800,22.74
2020-10-20 12:57:00,22.45,22.45,22.45,22.45,75,76800,22.74
2020-10-20 12:58:00,21.95,21.95,21.95,21.95,75,76800,22.74
2020-10-20 12:59:00,22.45,22.45,22.30,22.30,150,76800,22.74
2020-10-20 13:00:00,22.65,22.65,22.60,22.60,300,76650,22.74
2020-10-20 13:01:00,23.25,23.25,23.10,23.20,375,76650,22.74
2020-10-20 13:04:00,22.85,22.85,22.85,22.85,150,76650,22.74
2020-10-20 13:05:00,22.70,22.70,22.70,22.70,225,76650,22.74
2020-10-20 13:07:00,22.80,23.20,22.80,23.20,300,76650,22.74
2020-10-20 13:09:00,23.20,23.30,23.20,23.30,150,76650,22.74
2020-10-20 13:11:00,23.55,23.55,23.30,23.30,150,76650,22.75
2020-10-20 13:12:00,23.25,23.25,22.90,22.90,825,76725,22.75
2020-10-20 13:13:00,22.85,22.85,22.85,22.85,75,76725,22.75
2020-10-20 13:14:00,23.20,23.20,23.20,23.20,300,76725,22.75
2020-10-20 13:15:00,23.60,23.60,23.60,23.60,300,75900,22.76
2020-10-20 13:16:00,23.65,24.30,23.65,24.30,225,75900,22.76
2020-10-20 13:17:00,24.50,24.50,24.30,24.30,225,75900,22.76
2020-10-20 13:18:00,23.85,23.85,23.85,23.85,75,75675,22.77
2020-10-20 13:20:00,23.75,23.75,22.00,22.00,1350,75675,22.76
2020-10-20 13:22:00,21.60,21.60,21.60,21.60,75,76350,22.76
2020-10-20 13:23:00,21.95,21.95,21.95,21.95,75,76350,22.76
2020-10-20 13:24:00,22.15,22.15,22.15,22.15,75,76425,22.76
2020-10-20 13:25:00,22.20,22.20,22.20,22.20,75,76425,22.76
2020-10-20 13:27:00,22.25,22.25,22.25,22.25,75,76425,22.76
2020-10-20 13:28:00,22.25,22.25,22.25,22.25,75,76425,22.76
2020-10-20 13:31:00,22.65,22.65,22.65,22.65,75,76425,22.76
2020-10-20 13:33:00,22.30,22.30,22.15,22.15,450,76425,22.75
2020-10-20 13:34:00,22.15,22.65,22.15,22.65,150,76425,22.75
2020-10-20 13:38:00,23.85,24.05,23.85,24.05,225,76425,22.76
2020-10-20 13:39:00,24.35,24.35,24.30,24.30,1050,76425,22.78
2020-10-20 13:40:00,24.40,24.40,23.15,23.15,600,76425,22.79
2020-10-20 13:42:00,23.35,23.35,23.00,23.00,225,76425,22.79
2020-10-20 13:43:00,23.05,23.05,23.05,23.05,150,76425,22.79
2020-10-20 13:44:00,23.50,23.50,23.50,23.50,75,76425,22.79
2020-10-20 13:45:00,24.05,24.05,23.35,23.35,225,76425,22.79
2020-10-20 13:46:00,23.15,23.15,23.15,23.15,150,76425,22.79
2020-10-20 13:47:00,23.50,23.50,23.50,23.50,1500,76425,22.81
2020-10-20 13:50:00,23.10,23.10,23.10,23.10,1500,76425,22.81
2020-10-20 13:51:00,23.45,23.55,23.45,23.55,300,76425,22.81
2020-10-20 13:52:00,23.60,23.60,23.60,23.60,75,0,22.81
2020-10-20 13:59:00,23.95,23.95,23.95,23.95,150,76500,22.82
2020-10-20 14:01:00,24.95,24.95,24.00,24.00,450,76650,22.83
2020-10-20 14:03:00,24.85,24.85,24.85,24.85,150,76725,22.83
2020-10-20 14:05:00,23.80,23.80,23.80,23.80,75,76725,22.83
2020-10-20 14:10:00,24.55,24.55,24.55,24.55,150,76650,22.83
2020-10-20 14:11:00,23.35,23.35,22.70,22.70,150,76650,22.83
2020-10-20 14:12:00,23.15,23.15,23.15,23.15,75,76500,22.83
2020-10-20 14:13:00,23.25,23.25,23.25,23.25,75,76500,22.83
2020-10-20 14:15:00,22.40,22.40,22.40,22.40,375,76650,22.83
2020-10-20 14:16:00,22.30,22.30,22.30,22.30,150,76650,22.83
2020-10-20 14:17:00,21.70,21.70,21.70,21.70,225,76650,22.83
2020-10-20 14:29:00,21.95,22.10,21.95,22.10,375,76725,22.82
2020-10-20 14:36:00,22.80,22.85,22.80,22.85,225,76725,22.82
2020-10-20 14:38:00,23.35,23.35,23.35,23.35,75,76725,22.83
2020-10-20 14:40:00,23.20,23.20,23.20,23.20,75,76500,22.83
2020-10-20 14:42:00,22.65,22.65,22.65,22.65,150,76500,22.83
2020-10-20 14:43:00,22.80,22.80,22.80,22.80,150,76500,22.83
2020-10-20 14:44:00,22.70,22.70,22.70,22.70,300,76500,22.82
2020-10-20 14:45:00,22.95,23.00,22.95,23.00,450,76800,22.83
2020-10-20 14:47:00,22.90,22.90,22.90,22.90,825,76800,22.83
2020-10-20 14:48:00,22.85,22.85,22.85,22.85,525,76500,22.83
2020-10-20 14:50:00,22.50,22.50,22.50,22.50,2025,76500,22.82
2020-10-20 14:51:00,22.50,22.50,22.50,22.50,300,76275,22.82
2020-10-20 14:55:00,23.20,23.20,23.10,23.10,600,75975,22.82
2020-10-20 14:56:00,23.05,23.05,23.05,23.05,600,75975,22.82
2020-10-20 14:58:00,23.25,23.25,23.00,23.00,600,75450,22.82
2020-10-20 15:00:00,23.25,23.25,23.05,23.05,375,75225,22.82
2020-10-20 15:01:00,23.60,23.60,23.45,23.45,225,75225,22.82
2020-10-20 15:03:00,22.85,22.85,22.85,22.85,75,75525,22.82
2020-10-20 15:04:00,23.05,23.05,22.95,22.95,150,75525,22.82
2020-10-20 15:05:00,23.05,23.05,23.05,23.05,75,75525,22.82
2020-10-20 15:08:00,22.90,22.90,22.90,22.90,150,75450,22.82
2020-10-20 15:09:00,22.85,22.85,22.85,22.85,75,75300,22.82
2020-10-20 15:11:00,22.35,22.35,22.35,22.35,75,75300,22.82
2020-10-20 15:12:00,22.25,22.25,22.25,22.25,75,75300,22.82
2020-10-20 15:13:00,22.25,22.30,22.25,22.30,225,75150,22.82
2020-10-20 15:17:00,22.70,22.70,22.70,22.70,150,74775,22.82
2020-10-20 15:19:00,22.70,22.85,22.70,22.85,300,74775,22.82
2020-10-20 15:20:00,22.90,23.30,22.90,23.30,300,74775,22.82
2020-10-20 15:21:00,23.05,23.05,23.05,23.05,150,74850,22.82
2020-10-20 15:22:00,23.25,23.25,23.15,23.15,825,74850,22.83
2020-10-20 15:24:00,23.40,23.40,23.40,23.40,150,74850,22.83
2020-10-20 15:25:00,23.45,23.50,23.25,23.30,600,75000,22.83
2020-10-20 15:27:00,23.50,23.50,23.30,23.30,1125,74625,22.84
2020-10-20 15:28:00,23.10,23.10,23.10,23.10,150,74625,22.84
2020-10-20 15:29:01,22.85,22.85,22.65,22.65,300,74625,22.84
2020-10-21 09:16:00,17.30,17.30,17.30,17.30,75,0,17.30
2020-10-21 09:17:00,16.10,16.10,15.65,15.95,1950,75225,16.00
2020-10-21 09:18:00,15.90,15.90,15.75,15.75,300,75225,15.97
2020-10-21 09:19:00,15.75,15.75,15.20,15.20,375,75225,15.89
2020-10-21 09:20:00,15.20,15.30,15.00,15.30,825,75750,15.73
2020-10-21 09:21:00,15.55,15.55,15.35,15.40,1875,75750,15.60
2020-10-21 09:22:00,15.55,15.55,15.55,15.55,975,75750,15.59
2020-10-21 09:23:00,15.55,15.65,15.35,15.60,900,75750,15.59
2020-10-21 09:24:00,15.60,15.60,15.60,15.60,300,75750,15.59
2020-10-21 09:25:00,15.70,15.80,15.65,15.70,3075,75750,15.60
2020-10-21 09:26:00,15.50,15.55,15.30,15.35,4725,72375,15.53
2020-10-21 09:27:00,15.75,15.75,15.75,15.75,600,72375,15.53
2020-10-21 09:28:00,15.75,15.75,15.75,15.75,150,72375,15.53
2020-10-21 09:29:00,15.75,15.75,15.50,15.50,1725,71775,15.54
2020-10-21 09:30:00,15.25,15.65,15.25,15.55,1575,71775,15.54
2020-10-21 09:32:00,15.55,15.55,15.40,15.55,450,71250,15.53
2020-10-21 09:33:00,15.35,15.35,15.35,15.35,75,71250,15.53
2020-10-21 09:34:00,15.80,15.80,15.80,15.80,75,71250,15.54
2020-10-21 09:35:00,15.75,15.85,15.50,15.85,375,71100,15.54
2020-10-21 09:36:00,15.80,15.80,15.80,15.80,75,71100,15.54
2020-10-21 09:37:00,15.85,15.85,15.85,15.85,225,71100,15.54
2020-10-21 09:38:00,15.80,15.80,15.60,15.60,300,71025,15.55
2020-10-21 09:39:00,15.55,15.70,15.30,15.70,975,71025,15.54
2020-10-21 09:40:00,15.50,15.50,15.50,15.50,150,71025,15.54
2020-10-21 09:41:00,15.55,15.55,15.35,15.35,150,70500,15.54
2020-10-21 09:42:00,15.45,15.50,15.45,15.50,525,70500,15.54
2020-10-21 09:43:00,15.50,15.50,15.30,15.30,150,70500,15.54
2020-10-21 09:44:00,15.30,15.30,15.30,15.30,150,70500,15.54
2020-10-21 09:45:00,15.05,15.20,15.00,15.20,525,70500,15.53
2020-10-21 09:46:00,15.50,15.50,15.50,15.50,150,70500,15.53
2020-10-21 09:47:00,15.60,15.60,15.60,15.60,300,70725,15.53
2020-10-21 09:49:00,15.60,15.60,15.60,15.60,225,70725,15.53
2020-10-21 09:53:00,17.25,17.50,17.25,17.50,225,70650,15.54
2020-10-21 09:54:00,17.35,17.50,17.35,17.40,825,70650,15.61
2020-10-21 09:55:00,17.50,17.55,17.45,17.45,525,70650,15.64
2020-10-21 09:56:00,17.60,17.90,17.60,17.75,600,70200,15.69
2020-10-21 09:58:00,17.90,17.95,17.90,17.95,1275,70200,15.80
2020-10-21 09:59:00,18.00,18.00,17.95,17.95,1350,69975,15.90
2020-10-21 10:00:00,17.90,18.05,17.90,18.05,225,69975,15.91
2020-10-21 10:01:00,18.00,18.25,18.00,18.25,375,69975,15.94
2020-10-21 10:02:00,18.15,18.15,17.85,17.85,2025,70800,16.07
2020-10-21 10:03:00,18.00,18.00,18.00,18.00,150,70800,16.08
2020-10-21 10:04:00,17.95,17.95,17.95,17.95,75,70800,16.08
2020-10-21 10:05:00,17.60,17.60,17.60,17.60,225,69375,16.09
2020-10-21 10:06:00,17.50,17.50,17.50,17.50,75,69375,16.09
2020-10-21 10:07:00,17.55,17.55,17.55,17.55,150,69375,16.10
2020-10-21 10:08:00,17.55,17.55,17.55,17.55,150,69600,16.11
2020-10-21 10:09:00,17.15,17.15,17.15,17.15,75,69600,16.11
2020-10-21 10:10:00,17.10,17.10,17.10,17.10,75,69600,16.11
2020-10-21 10:11:00,17.10,17.10,17.10,17.10,75,69600,16.11
2020-10-21 10:12:00,17.00,17.00,17.00,17.00,75,69675,16.12
2020-10-21 10:14:00,16.80,16.80,16.55,16.55,750,69375,16.13
2020-10-21 10:15:00,16.35,16.35,16.35,16.35,75,69375,16.13
2020-10-21 10:16:00,16.40,16.40,16.30,16.30,300,69375,16.13
2020-10-21 10:20:00,17.55,17.55,17.55,17.55,150,69375,16.14
2020-10-21 10:21:00,17.40,17.70,17.40,17.70,675,69375,16.17
2020-10-21 10:22:00,17.60,17.60,17.60,17.60,150,69375,16.17
2020-10-21 10:25:00,17.45,17.45,17.45,17.45,75,68625,16.18
2020-10-21 10:27:00,17.45,17.45,17.45,17.45,75,68550,16.18
2020-10-21 10:28:00,17.45,17.45,17.15,17.15,300,68550,16.19
2020-10-21 10:31:00,17.15,17.15,17.15,17.15,75,68250,16.19
2020-10-21 10:32:00,17.30,17.30,17.25,17.25,375,68250,16.20
2020-10-21 10:35:00,17.75,17.75,17.55,17.55,150,65400,16.21
2020-10-21 10:39:00,17.50,17.50,17.50,17.50,75,65325,16.21
2020-10-21 10:41:00,17.25,17.25,17.25,17.25,75,65325,16.21
2020-10-21 10:43:00,16.75,16.95,16.75,16.95,225,66225,16.22
2020-10-21 10:46:00,17.10,17.10,17.10,17.10,75,64500,16.22
2020-10-21 10:49:00,17.00,17.00,17.00,17.00,300,64575,16.22
2020-10-21 10:51:00,17.10,17.10,17.10,17.10,75,64800,16.23
2020-10-21 10:54:00,17.00,17.00,17.00,17.00,75,64800,16.23
2020-10-21 10:55:00,16.80,16.80,16.80,16.80,75,64800,16.23
2020-10-21 10:56:00,16.95,16.95,16.95,16.95,150,64800,16.23
2020-10-21 10:58:00,17.00,17.00,17.00,17.00,75,64800,16.23
2020-10-21 11:03:00,16.35,16.45,16.35,16.45,150,64800,16.23
2020-10-21 11:04:00,16.40,16.40,16.40,16.40,600,64800,16.24
2020-10-21 11:06:00,16.50,16.50,16.50,16.50,75,64875,16.24
2020-10-21 11:19:00,17.00,17.15,17.00,17.15,150,64800,16.24
2020-10-21 11:21:00,17.15,17.15,17.10,17.10,225,64875,16.25
2020-10-21 11:27:00,17.00,17.00,17.00,17.00,75,64950,16.25
2020-10-21 11:31:00,17.00,17.00,17.00,17.00,75,64950,16.25
2020-10-21 11:32:00,16.85,16.85,16.85,16.85,75,64950,16.25
2020-10-21 11:35:00,16.55,16.55,16.55,16.55,75,64800,16.25
2020-10-21 11:39:00,16.50,16.50,16.50,16.50,75,64875,16.25
2020-10-21 11:40:00,16.65,16.70,16.65,16.70,2400,64875,16.28
2020-10-21 11:46:00,16.70,16.70,16.70,16.70,75,63825,16.28
2020-10-21 11:50:00,16.45,16.45,16.45,16.45,525,63900,16.28
2020-10-21 11:52:00,16.45,16.45,16.45,16.45,150,64275,16.28
2020-10-21 12:01:00,16.00,16.00,16.00,16.00,150,64200,16.28
2020-10-21 12:02:00,16.30,16.30,16.30,16.30,150,64200,16.28
2020-10-21 12:08:00,15.55,15.55,15.00,15.25,2475,64200,16.23
2020-10-21 12:12:00,16.05,16.05,15.95,15.95,300,63750,16.23
2020-10-21 12:14:00,16.00,16.00,15.85,15.85,825,63750,16.22
2020-10-21 12:18:00,16.05,16.05,16.05,16.05,225,64275,16.22
2020-10-21 12:19:00,16.15,16.15,16.15,16.15,150,64275,16.22
2020-10-21 12:24:00,15.85,15.85,15.85,15.85,75,64500,16.22
2020-10-21 12:25:00,15.75,15.95,15.75,15.95,225,64500,16.22
2020-10-21 12:26:00,15.95,15.95,15.95,15.95,75,64500,16.22
2020-10-21 12:27:00,15.85,15.85,15.85,15.85,75,64650,16.22
2020-10-21 12:30:00,16.25,16.25,16.25,16.25,75,64575,16.22
2020-10-21 12:32:00,16.45,16.45,16.20,16.20,300,64575,16.22
2020-10-21 12:34:00,16.45,16.50,16.45,16.50,1575,64950,16.23
2020-10-21 12:35:00,16.50,16.50,16.45,16.45,225,64950,16.23
2020-10-21 12:37:00,16.45,16.45,16.35,16.35,225,65700,16.23
2020-10-21 12:39:00,16.10,16.10,16.10,16.10,75,65700,16.23
2020-10-21 12:40:00,16.40,16.40,16.40,16.40,450,65700,16.23
2020-10-21 12:41:00,16.50,16.50,16.50,16.50,225,65700,16.23
2020-10-21 12:42:00,16.75,16.75,16.75,16.75,75,65850,16.23
2020-10-21 12:43:00,16.55,16.55,16.55,16.55,75,65850,16.23
2020-10-21 12:45:00,17.20,17.30,17.10,17.10,825,65250,16.25
2020-10-21 12:46:00,17.30,17.30,17.30,17.30,375,65250,16.26
2020-10-21 12:49:00,17.15,17.15,17.15,17.15,75,65550,16.26
2020-10-21 12:51:00,16.80,16.80,16.80,16.80,150,65550,16.26
2020-10-21 12:53:00,16.85,16.85,16.85,16.85,75,65550,16.26
2020-10-21 12:54:00,16.95,16.95,16.95,16.95,75,65550,16.26
2020-10-21 12:56:00,16.75,16.75,16.55,16.55,375,65550,16.26
2020-10-21 12:57:00,16.25,16.25,16.25,16.25,300,65400,16.26
2020-10-21 12:59:00,16.20,16.20,16.20,16.20,150,65400,16.26
2020-10-21 13:00:00,16.60,16.60,16.60,16.60,75,65175,16.26
2020-10-21 13:06:00,16.40,16.40,16.40,16.40,75,65100,16.26
2020-10-21 13:15:00,18.00,18.00,18.00,18.00,375,65175,16.28
2020-10-21 13:17:00,18.30,18.45,18.30,18.45,150,65175,16.28
2020-10-21 13:18:00,18.10,18.10,18.10,18.10,75,65250,16.28
2020-10-21 13:20:00,19.30,19.30,18.50,18.50,1500,65250,16.35
2020-10-21 13:21:00,18.50,18.50,18.50,18.50,75,65250,16.36
2020-10-21 13:22:00,18.40,18.70,18.40,18.70,225,65250,16.37
2020-10-21 13:23:00,18.65,18.70,18.25,18.70,225,65250,16.38
2020-10-21 13:24:00,18.70,19.50,18.70,19.05,975,65325,16.43
2020-10-21 13:25:00,19.90,20.30,19.80,20.30,825,65325,16.48
2020-10-21 13:26:00,22.80,22.80,19.00,19.00,825,65325,16.54
2020-10-21 13:27:00,19.35,19.35,18.60,18.70,375,65175,16.55
2020-10-21 13:29:00,19.55,20.25,19.55,19.80,300,65175,16.57
2020-10-21 13:30:00,20.00,22.80,20.00,21.10,1500,65250,16.67
2020-10-21 13:31:00,22.55,25.00,22.55,24.00,1575,65250,16.84
2020-10-21 13:32:00,22.25,24.20,20.25,24.20,2175,65250,17.01
2020-10-21 13:33:00,23.30,24.90,23.30,24.10,1500,66075,17.18
2020-10-21 13:34:00,24.85,24.85,24.85,24.85,75,66075,17.19
2020-10-21 13:35:00,25.10,28.00,25.10,27.90,1050,66075,17.33
2020-10-21 13:36:00,29.00,29.50,27.75,28.45,1050,65625,17.51
2020-10-21 13:37:00,27.80,27.80,25.90,26.75,2475,65625,17.83
2020-10-21 13:38:00,27.15,28.90,27.15,27.20,1200,65625,18.01
2020-10-21 13:39:00,26.35,27.35,26.35,27.35,2250,65775,18.29
2020-10-21 13:40:00,27.15,28.80,27.15,28.45,2325,65775,18.59
2020-10-21 13:41:00,28.25,28.30,25.00,25.00,2025,65775,18.81
2020-10-21 13:42:00,24.05,24.05,22.85,23.15,1725,65925,18.90
2020-10-21 13:43:00,23.00,23.70,22.25,23.60,1425,65925,18.97
2020-10-21 13:44:00,24.15,24.75,24.05,24.35,675,65925,19.01
2020-10-21 13:45:00,24.65,25.80,24.65,24.95,1425,65925,19.12
2020-10-21 13:46:00,24.65,24.65,23.80,24.00,675,65925,19.16
2020-10-21 13:47:00,24.50,24.75,23.70,23.90,1350,65925,19.24
2020-10-21 13:48:00,23.25,23.40,22.00,22.15,1050,66000,19.28
2020-10-21 13:49:00,22.30,23.80,22.25,23.80,1200,66000,19.34
2020-10-21 13:50:00,23.80,24.85,23.50,24.60,825,66000,19.38
2020-10-21 13:51:00,24.30,24.70,24.20,24.20,450,67500,19.41
2020-10-21 13:52:00,24.40,24.95,24.40,24.75,1275,67500,19.48
2020-10-21 13:53:00,24.90,25.25,24.45,25.25,825,67500,19.53
2020-10-21 13:54:00,25.40,25.85,25.40,25.85,600,66075,19.57
2020-10-21 13:55:00,26.05,26.05,25.15,25.95,1125,66075,19.65
2020-10-21 13:56:00,26.10,26.10,25.95,25.95,450,66075,19.68
2020-10-21 13:57:00,25.15,26.20,25.15,26.20,375,66075,19.70
2020-10-21 13:58:00,25.85,26.75,25.85,26.75,1050,66075,19.77
2020-10-21 13:59:00,26.25,26.95,25.80,25.80,1200,66075,19.85
2020-10-21 14:00:00,25.60,26.35,25.55,26.35,225,63525,19.87
2020-10-21 14:01:00,25.75,25.75,25.75,25.75,75,63525,19.87
2020-10-21 14:02:00,26.75,28.85,26.75,28.00,975,63525,19.95
2020-10-21 14:03:00,29.00,30.55,28.35,30.00,2325,63675,20.17
2020-10-21 14:04:00,29.65,30.95,29.50,30.00,1425,63675,20.31
2020-10-21 14:05:00,29.95,31.05,29.95,30.65,1500,63675,20.47
2020-10-21 14:06:00,29.15,29.45,28.30,29.30,750,63675,20.53
2020-10-21 14:07:00,28.90,28.90,27.95,27.95,225,63675,20.55
2020-10-21 14:08:00,27.40,28.65,27.40,28.65,675,63675,20.59
2020-10-21 14:09:00,28.35,28.35,26.95,26.95,1350,63225,20.68
2020-10-21 14:10:00,26.85,27.70,26.70,27.70,375,63225,20.70
2020-10-21 14:11:00,27.15,27.70,27.15,27.70,300,63225,20.72
2020-10-21 14:12:00,28.25,28.25,28.25,28.25,75,63525,20.73
2020-10-21 14:13:00,27.95,29.45,27.95,28.95,525,63525,20.77
2020-10-21 14:14:00,30.50,30.70,30.10,30.55,825,63525,20.84
2020-10-21 14:15:00,31.40,32.10,30.50,32.10,1800,63600,21.02
2020-10-21 14:16:00,32.50,33.50,32.50,33.50,2775,63600,21.32
2020-10-21 14:17:00,34.05,34.40,32.90,34.15,1650,63600,21.50
2020-10-21 14:18:00,34.15,34.15,33.05,33.10,3075,64275,21.81
2020-10-21 14:19:00,30.20,30.65,30.00,30.00,525,64275,21.85
2020-10-21 14:20:00,30.30,32.30,30.30,30.90,750,64275,21.91
2020-10-21 14:21:00,30.80,31.05,29.35,31.05,2025,65925,22.04
2020-10-21 14:22:00,31.35,31.35,30.90,31.25,750,65925,22.10
2020-10-21 14:23:00,31.20,31.50,30.55,30.95,1425,65925,22.20
2020-10-21 14:24:00,30.85,31.20,30.85,31.20,450,67200,22.24
2020-10-21 14:25:00,31.50,33.75,31.50,33.60,525,67200,22.28
2020-10-21 14:26:00,33.60,33.60,32.05,32.05,1725,67200,22.43
2020-10-21 14:27:00,31.90,31.90,31.90,31.90,75,67200,22.43
2020-10-21 14:28:00,32.60,33.50,32.60,33.00,4575,65850,22.80
2020-10-21 14:29:00,33.00,33.20,32.40,32.40,750,65850,22.86
2020-10-21 14:30:00,31.95,31.95,29.35,29.45,9000,64125,23.30
2020-10-21 14:31:00,29.90,32.00,29.90,30.20,1875,64125,23.40
2020-10-21 14:32:00,28.65,28.70,26.45,26.45,1050,64125,23.44
2020-10-21 14:33:00,25.55,27.70,25.55,27.55,975,63150,23.46
2020-10-21 14:34:00,26.05,27.55,25.80,27.55,825,63150,23.48
2020-10-21 14:35:00,27.75,28.70,27.40,28.70,675,63150,23.50
2020-10-21 14:36:00,28.95,29.80,28.95,29.40,375,62475,23.51
2020-10-21 14:37:00,29.25,29.25,28.30,28.30,225,62475,23.52
2020-10-21 14:38:00,27.75,28.55,27.55,28.55,825,62475,23.55
2020-10-21 14:39:00,28.05,28.75,27.00,27.35,525,62325,23.56
2020-10-21 14:40:00,27.00,27.50,26.35,27.50,300,62325,23.57
2020-10-21 14:41:00,27.30,28.35,27.30,28.20,300,62325,23.58
2020-10-21 14:42:00,27.55,27.80,27.55,27.80,150,63750,23.58
2020-10-21 14:43:00,27.20,27.60,26.75,27.60,825,63750,23.60
2020-10-21 14:44:00,27.45,27.95,27.45,27.75,300,63750,23.61
2020-10-21 14:45:00,28.85,28.85,25.45,25.45,750,63750,23.63
2020-10-21 14:46:00,25.80,27.15,25.45,27.15,900,63750,23.64
2020-10-21 14:47:00,26.80,26.80,26.80,26.80,75,63750,23.65
2020-10-21 14:48:00,26.10,26.15,25.65,25.65,450,63900,23.65
2020-10-21 14:49:00,25.65,25.65,24.30,24.45,4275,63900,23.68
2020-10-21 14:50:00,23.95,23.95,22.00,22.25,1275,63900,23.68
2020-10-21 14:51:00,22.50,22.75,21.80,22.10,1350,63525,23.66
2020-10-21 14:52:00,21.85,22.65,21.30,22.50,2025,63525,23.64
2020-10-21 14:53:00,22.80,23.30,22.65,23.05,1200,63525,23.64
2020-10-21 14:54:00,22.25,23.10,22.25,23.05,450,65625,23.63
2020-10-21 14:55:00,22.80,22.80,21.90,22.55,1275,65625,23.62
2020-10-21 14:56:00,22.90,23.65,22.90,23.60,600,65625,23.62
2020-10-21 14:57:00,23.80,24.10,23.20,23.20,1275,66150,23.62
2020-10-21 14:58:00,23.25,23.80,22.30,23.80,975,66150,23.62
2020-10-21 14:59:00,23.85,24.30,23.85,24.30,1125,66150,23.62
2020-10-21 15:00:00,24.30,24.30,23.00,23.55,525,65850,23.62
2020-10-21 15:01:00,23.55,23.55,22.75,22.75,375,65850,23.62
2020-10-21 15:02:00,22.90,23.40,22.70,22.70,300,65850,23.62
2020-10-21 15:03:00,22.30,22.95,22.30,22.30,975,66375,23.61
2020-10-21 15:04:00,21.15,21.15,20.90,20.95,375,66375,23.61
2020-10-21 15:05:00,21.35,21.75,21.25,21.65,2250,66375,23.58
2020-10-21 15:06:00,21.25,21.60,21.10,21.10,525,67425,23.57
2020-10-21 15:07:00,20.85,21.75,20.80,21.75,1200,67425,23.56
2020-10-21 15:09:00,20.90,20.90,20.55,20.55,225,66300,23.55
2020-10-21 15:10:00,20.55,20.55,19.95,19.95,1050,66300,23.53
2020-10-21 15:11:00,19.55,19.85,19.50,19.85,450,0,23.52
2020-10-21 15:12:00,19.20,19.45,18.70,18.90,1275,63975,23.49
2020-10-21 15:13:00,19.35,19.35,19.30,19.30,375,63975,23.48
2020-10-21 15:14:00,18.50,18.65,18.50,18.60,975,63975,23.45
2020-10-21 15:15:00,18.45,18.45,18.00,18.00,375,63975,23.44
2020-10-21 15:16:00,17.90,17.90,17.90,17.90,375,63825,23.43
2020-10-21 15:17:00,18.00,18.25,18.00,18.25,300,63825,23.42
2020-10-21 15:18:00,18.75,18.85,18.45,18.45,375,63450,23.41
2020-10-21 15:19:00,17.90,17.90,17.90,17.90,375,63450,23.40
2020-10-21 15:20:00,18.00,18.25,17.90,18.25,600,63450,23.38
2020-10-21 15:21:00,18.15,18.50,18.15,18.50,375,63075,23.37
2020-10-21 15:22:00,18.90,18.90,18.90,18.90,75,63075,23.37
2020-10-21 15:23:00,19.05,19.40,19.05,19.40,825,63075,23.35
2020-10-21 15:24:00,19.25,19.35,19.15,19.30,2025,61875,23.31
2020-10-21 15:25:00,19.35,19.35,19.35,19.35,225,61875,23.30
2020-10-21 15:26:00,19.60,19.70,19.60,19.70,600,61875,23.29
2020-10-21 15:27:00,19.55,19.55,19.55,19.55,1275,62625,23.26
2020-10-21 15:28:00,19.50,19.50,19.50,19.50,975,62625,23.24
2020-10-21 15:29:01,19.50,19.85,19.50,19.85,1575,62625,23.21
2020-10-22 09:16:00,20.50,20.50,19.35,19.45,1050,60675,19.61
2020-10-22 09:17:00,20.05,20.05,19.15,20.05,2475,60750,19.77
2020-10-22 09:18:00,19.70,21.20,19.70,21.20,1350,60750,19.94
2020-10-22 09:19:00,20.20,20.20,19.70,19.70,975,60750,19.96
2020-10-22 09:20:00,19.25,20.80,19.00,20.20,675,63000,19.96
2020-10-22 09:21:00,20.15,20.15,20.15,20.15,150,63000,19.96
2020-10-22 09:22:00,20.60,21.35,20.60,21.35,525,63000,20.03
2020-10-22 09:23:00,22.40,22.40,21.75,21.75,150,63000,20.07
2020-10-22 09:24:00,21.75,21.75,21.65,21.75,375,63375,20.15
2020-10-22 09:25:00,21.70,21.70,21.70,21.70,225,63375,20.19
2020-10-22 09:26:00,22.35,22.40,22.15,22.40,225,63225,20.25
2020-10-22 09:27:00,22.30,22.30,22.30,22.30,75,63225,20.27
2020-10-22 09:29:00,22.20,22.50,22.20,22.50,150,63225,20.31
2020-10-22 09:30:00,23.00,24.05,23.00,23.50,1725,61275,20.87
2020-10-22 09:31:00,23.00,24.30,23.00,24.30,525,61275,21.01
2020-10-22 09:32:00,24.65,25.00,24.30,24.30,450,62850,21.16
2020-10-22 09:33:00,23.50,24.45,23.50,24.40,2175,62850,21.60
2020-10-22 09:34:00,24.50,25.45,24.05,24.70,1050,62850,21.83
2020-10-22 09:35:00,24.50,24.50,24.50,24.50,75,62850,21.84
2020-10-22 09:36:00,25.85,25.90,24.35,24.35,7875,63000,23.00
2020-10-22 09:37:00,24.35,24.35,23.45,23.45,1725,63000,23.08
2020-10-22 09:38:00,22.90,23.75,22.00,23.75,2325,66150,23.05
2020-10-22 09:39:00,23.55,23.55,22.45,22.45,225,66150,23.05
2020-10-22 09:40:00,22.25,22.25,21.55,21.60,450,66150,23.03
2020-10-22 09:41:00,21.55,22.00,21.55,22.00,150,66150,23.02
2020-10-22 09:42:00,22.45,22.45,22.10,22.10,225,66225,23.01
2020-10-22 09:43:00,21.90,21.90,21.90,21.90,75,66225,23.01
2020-10-22 09:44:00,22.50,22.50,22.00,22.00,900,64875,22.98
2020-10-22 09:45:00,22.05,22.05,20.70,20.80,525,64875,22.95
2020-10-22 09:46:00,21.15,21.15,20.95,20.95,225,64875,22.93
2020-10-22 09:47:00,21.30,21.85,21.30,21.85,150,64575,22.93
2020-10-22 09:48:00,22.50,22.65,22.50,22.65,150,64575,22.92
2020-10-22 09:49:00,22.60,22.60,21.45,21.45,600,64575,22.91
2020-10-22 09:50:00,21.40,21.90,21.05,21.90,600,64725,22.88
2020-10-22 09:51:00,21.25,21.25,21.15,21.15,225,64725,22.87
2020-10-22 09:52:00,21.15,21.30,20.90,21.00,1275,64725,22.80
2020-10-22 09:53:00,21.30,21.80,21.30,21.80,300,64875,22.78
2020-10-22 09:54:00,21.70,21.70,21.40,21.40,225,64875,22.78
2020-10-22 09:55:00,21.40,21.50,21.10,21.45,675,64875,22.75
2020-10-22 09:56:00,21.50,22.10,21.50,21.90,225,65100,22.74
2020-10-22 09:57:00,21.80,21.80,21.45,21.70,450,65100,22.73
2020-10-22 09:58:00,21.50,21.85,21.50,21.85,450,65100,22.72
2020-10-22 09:59:00,21.85,21.85,21.65,21.65,225,65550,22.71
2020-10-22 10:00:00,21.70,21.70,21.70,21.70,75,65550,22.71
2020-10-22 10:02:00,20.60,20.60,20.55,20.55,300,65550,22.69
2020-10-22 10:03:00,21.10,21.35,20.90,21.35,600,65850,22.66
2020-10-22 10:04:00,20.80,20.80,20.80,20.80,75,65850,22.66
2020-10-22 10:05:00,20.00,20.00,20.00,20.00,225,65850,22.64
2020-10-22 10:06:00,20.25,20.25,19.90,19.90,150,65250,22.63
2020-10-22 10:07:00,20.10,20.25,20.10,20.20,300,65250,22.61
2020-10-22 10:08:00,20.35,20.75,20.35,20.75,375,65025,22.59
2020-10-22 10:09:00,20.75,20.95,20.75,20.95,375,65025,22.57
2020-10-22 10:10:00,21.25,21.55,21.15,21.25,675,65025,22.55
2020-10-22 10:11:00,21.30,21.30,20.25,21.00,450,65400,22.53
2020-10-22 10:12:00,21.00,21.05,21.00,21.05,150,65400,22.52
2020-10-22 10:13:00,21.40,21.40,21.35,21.35,1050,65400,22.49
2020-10-22 10:15:00,21.40,21.40,21.00,21.00,150,65175,22.49
2020-10-22 10:16:00,21.00,21.15,21.00,21.15,150,65175,22.48
2020-10-22 10:17:00,21.75,21.75,20.85,20.85,225,65400,22.48
2020-10-22 10:18:00,20.95,20.95,20.65,20.80,450,65400,22.46
2020-10-22 10:20:00,20.85,20.90,20.20,20.20,600,64950,22.43
2020-10-22 10:21:00,20.00,20.00,19.75,19.75,300,64950,22.41
2020-10-22 10:24:00,20.60,20.90,20.60,20.65,225,65025,22.40
2020-10-22 10:25:00,21.25,21.25,21.00,21.00,225,65025,22.40
2020-10-22 10:26:00,21.00,21.00,21.00,21.00,150,65175,22.39
2020-10-22 10:27:00,21.25,21.25,21.15,21.15,225,65175,22.38
2020-10-22 10:29:00,21.40,21.40,21.10,21.20,375,65400,22.37
2020-10-22 10:30:00,21.20,22.15,21.20,22.15,1275,65400,22.35
2020-10-22 10:31:00,22.05,22.05,21.60,21.75,750,65400,22.34
2020-10-22 10:32:00,21.65,21.65,21.30,21.60,525,65700,22.33
2020-10-22 10:33:00,22.00,22.00,22.00,22.00,75,65700,22.33
2020-10-22 10:34:00,21.75,21.75,21.00,21.10,450,65700,22.32
2020-10-22 10:35:00,21.00,21.00,20.50,20.50,1125,66300,22.28
2020-10-22 10:36:00,20.00,20.05,20.00,20.05,225,66300,22.27
2020-10-22 10:37:00,20.05,20.05,19.80,19.80,1200,66300,22.21
2020-10-22 10:39:00,20.20,20.20,20.20,20.20,150,66750,22.21
2020-10-22 10:40:00,19.75,20.20,19.75,20.20,300,66750,22.19
2020-10-22 10:41:00,20.00,20.00,20.00,20.00,150,66750,22.19
2020-10-22 10:43:00,19.70,19.70,19.50,19.50,225,66975,22.17
2020-10-22 10:44:00,19.10,19.10,19.00,19.00,150,66975,22.16
2020-10-22 10:45:00,19.20,19.20,19.20,19.20,75,67275,22.16
2020-10-22 10:46:00,18.90,18.90,18.80,18.90,300,67275,22.14
2020-10-22 10:48:00,18.25,18.70,18.25,18.70,1050,67425,22.06
2020-10-22 10:49:00,18.70,18.70,18.70,18.70,75,67425,22.06
2020-10-22 10:50:00,18.35,18.35,18.10,18.10,150,66825,22.05
2020-10-22 10:51:00,18.00,18.00,17.95,17.95,150,66825,22.03
2020-10-22 10:52:00,17.90,17.90,17.80,17.80,225,66825,22.02
2020-10-22 10:53:00,18.30,18.30,18.30,18.30,150,66975,22.01
2020-10-22 10:54:00,17.95,17.95,17.75,17.75,225,66975,21.99
2020-10-22 10:56:00,17.30,17.30,16.80,16.80,375,67275,21.95
2020-10-22 10:57:00,17.10,17.10,16.80,16.80,375,67275,21.92
2020-10-22 10:58:00,17.00,17.00,17.00,17.00,150,67275,21.90
2020-10-22 10:59:00,17.15,17.15,16.70,16.70,150,67275,21.89
2020-10-22 11:00:00,16.45,16.45,16.10,16.10,375,67425,21.85
2020-10-22 11:01:00,15.65,15.80,15.60,15.80,975,67425,21.73
2020-10-22 11:02:00,15.75,16.10,15.75,15.85,825,67425,21.65
2020-10-22 11:03:00,16.10,16.25,15.85,16.25,450,67725,21.60
2020-10-22 11:04:00,16.45,16.45,16.45,16.45,225,67725,21.58
2020-10-22 11:05:00,16.35,16.65,16.35,16.55,375,67725,21.55
2020-10-22 11:06:00,16.65,16.85,16.65,16.85,150,68325,21.54
2020-10-22 11:07:00,16.75,16.75,16.75,16.75,75,68325,21.53
2020-10-22 11:08:00,16.75,16.75,16.75,16.75,525,68325,21.49
2020-10-22 11:09:00,16.85,16.85,16.85,16.85,75,68850,21.48
2020-10-22 11:10:00,16.90,16.90,16.90,16.90,225,68850,21.46
2020-10-22 11:11:00,17.15,17.15,16.90,17.00,300,68850,21.44
2020-10-22 11:12:00,17.00,17.00,17.00,17.00,75,68775,21.43
2020-10-22 11:13:00,16.95,16.95,16.65,16.65,225,68775,21.41
2020-10-22 11:15:00,17.00,17.20,17.00,17.20,150,68775,21.40
2020-10-22 11:16:00,17.35,17.55,17.35,17.55,300,68775,21.38
2020-10-22 11:19:00,17.40,17.40,17.40,17.40,75,68850,21.38
2020-10-22 11:22:00,17.10,17.10,17.05,17.05,150,68925,21.37
2020-10-22 11:25:00,17.30,17.30,17.00,17.00,150,68175,21.35
2020-10-22 11:28:00,18.30,18.30,18.10,18.10,150,68250,21.35
2020-10-22 11:29:00,18.70,18.70,18.50,18.50,300,68250,21.33
2020-10-22 11:30:00,19.35,19.35,19.20,19.20,225,68325,21.33
2020-10-22 11:31:00,18.50,19.20,18.50,19.20,900,68325,21.29
2020-10-22 11:33:00,19.05,19.30,18.75,19.30,375,67875,21.28
2020-10-22 11:34:00,19.10,19.30,19.10,19.30,375,67875,21.27
2020-10-22 11:35:00,19.25,19.30,19.25,19.30,225,67875,21.26
2020-10-22 11:36:00,19.05,19.05,19.05,19.05,75,67575,21.26
2020-10-22 11:37:00,19.00,19.00,19.00,19.00,300,67575,21.24
2020-10-22 11:38:00,19.00,19.00,19.00,19.00,10200,67575,20.92
2020-10-22 11:39:00,19.15,19.25,19.15,19.15,375,71025,20.92
2020-10-22 11:40:00,19.20,19.20,18.20,18.20,225,71025,20.91
2020-10-22 11:41:00,18.45,18.95,18.45,18.95,375,71025,20.90
2020-10-22 11:42:00,18.90,18.90,18.90,18.90,225,71250,20.89
2020-10-22 11:44:00,18.70,18.70,18.60,18.60,150,71250,20.89
2020-10-22 11:46:00,18.25,18.30,18.25,18.30,150,68700,20.88
2020-10-22 11:48:00,18.40,18.60,18.40,18.60,525,68700,20.86
2020-10-22 11:49:00,18.70,18.70,18.10,18.15,3225,68700,20.75
2020-10-22 11:50:00,17.70,17.80,17.70,17.80,300,68700,20.74
2020-10-22 11:51:00,17.70,17.70,17.50,17.50,150,67350,20.73
2020-10-22 11:52:00,17.60,17.60,17.60,17.60,75,67350,20.73
2020-10-22 11:53:00,17.45,17.45,17.45,17.45,75,67350,20.73
2020-10-22 11:54:00,17.45,17.70,17.45,17.70,450,67200,20.71
2020-10-22 11:55:00,17.95,17.95,17.95,17.95,75,67200,20.71
2020-10-22 11:56:00,18.00,18.00,18.00,18.00,150,67200,20.70
2020-10-22 11:59:00,18.40,18.40,18.35,18.35,300,67425,20.69
2020-10-22 12:01:00,17.70,17.85,17.70,17.85,150,66450,20.69
2020-10-22 12:05:00,17.85,17.85,17.85,17.85,300,66525,20.68
2020-10-22 12:08:00,17.95,18.05,17.90,18.00,3375,66675,20.57
2020-10-22 12:09:00,17.80,17.80,17.60,17.60,150,68550,20.56
2020-10-22 12:10:00,17.70,17.70,17.70,17.70,225,68550,20.55
2020-10-22 12:11:00,17.65,17.65,17.60,17.60,150,68550,20.55
2020-10-22 12:13:00,17.15,17.30,17.00,17.15,525,68250,20.53
2020-10-22 12:14:00,17.00,17.00,17.00,17.00,150,68250,20.52
2020-10-22 12:15:00,17.10,17.30,17.10,17.30,375,68100,20.50
2020-10-22 12:18:00,16.90,16.95,16.75,16.95,1125,68400,20.46
2020-10-22 12:19:00,16.95,16.95,16.90,16.90,4575,68400,20.28
2020-10-22 12:20:00,17.00,17.10,17.00,17.10,150,68400,20.27
2020-10-22 12:21:00,17.50,17.50,17.50,17.50,75,68400,20.27
2020-10-22 12:22:00,17.55,17.55,17.55,17.55,75,67725,20.27
2020-10-22 12:23:00,17.75,17.75,17.75,17.75,75,67725,20.26
2020-10-22 12:24:00,17.75,18.05,17.75,18.05,225,66150,20.26
2020-10-22 12:25:00,18.20,19.00,18.20,18.75,1050,66150,20.24
2020-10-22 12:26:00,18.85,18.85,18.85,18.85,75,66150,20.24
2020-10-22 12:27:00,18.20,18.40,18.20,18.40,150,66525,20.24
2020-10-22 12:28:00,18.45,18.75,18.45,18.75,825,66525,20.22
2020-10-22 12:29:00,18.95,18.95,18.65,18.65,450,66525,20.21
2020-10-22 12:30:00,18.50,18.75,18.50,18.75,150,66375,20.21
2020-10-22 12:31:00,19.00,19.00,18.95,18.95,375,66375,20.21
2020-10-22 12:32:00,18.95,18.95,18.75,18.75,150,66375,20.20
2020-10-22 12:33:00,19.50,19.50,19.50,19.50,75,66525,20.20
2020-10-22 12:34:00,19.25,19.40,19.25,19.40,150,66525,20.20
2020-10-22 12:35:00,19.50,19.50,18.75,18.75,375,66525,20.20
2020-10-22 12:36:00,19.20,19.20,19.20,19.20,75,66675,20.20
2020-10-22 12:37:00,19.65,19.95,19.65,19.95,1050,66675,20.19
2020-10-22 12:38:00,20.00,20.25,20.00,20.25,150,66675,20.19
2020-10-22 12:39:00,20.50,20.95,20.50,20.75,750,66075,20.20
2020-10-22 12:40:00,22.00,22.10,22.00,22.10,300,66075,20.20
2020-10-22 12:41:00,21.60,21.70,21.60,21.70,300,66075,20.21
2020-10-22 12:43:00,21.35,22.45,21.35,22.45,1050,66375,20.23
2020-10-22 12:44:00,21.95,22.45,21.95,22.45,375,66375,20.24
2020-10-22 12:45:00,22.65,22.65,20.40,20.40,525,67050,20.24
2020-10-22 12:47:00,21.15,21.15,20.60,20.60,225,67050,20.24
2020-10-22 12:50:00,20.15,20.80,20.15,20.80,225,66900,20.24
2020-10-22 12:51:00,21.00,21.35,21.00,21.35,150,66600,20.25
2020-10-22 12:54:00,20.00,20.00,19.40,19.40,150,66675,20.25
2020-10-22 12:55:00,19.75,19.75,19.75,19.75,300,66675,20.24
2020-10-22 12:56:00,19.75,19.75,19.40,19.40,975,66675,20.24
2020-10-22 12:57:00,18.80,18.80,16.05,16.45,2400,66750,20.17
2020-10-22 12:58:00,16.55,17.05,16.50,17.05,900,66750,20.14
2020-10-22 12:59:00,17.60,17.80,17.60,17.80,450,66750,20.13
2020-10-22 13:00:00,17.60,17.75,17.60,17.75,150,67875,20.12
2020-10-22 13:01:00,17.80,18.20,17.80,18.20,150,67875,20.12
2020-10-22 13:03:00,18.00,18.00,18.00,18.00,75,67875,20.12
2020-10-22 13:04:00,18.25,18.25,18.25,18.25,525,68025,20.11
2020-10-22 13:05:00,17.90,18.20,17.90,18.20,150,68025,20.10
2020-10-22 13:06:00,18.50,18.50,18.50,18.50,75,67725,20.10
2020-10-22 13:07:00,18.20,18.20,18.20,18.20,75,67725,20.10
2020-10-22 13:09:00,17.60,17.60,17.60,17.60,75,67725,20.10
2020-10-22 13:12:00,18.75,18.75,18.75,18.75,75,67575,20.10
2020-10-22 13:13:00,18.95,18.95,18.85,18.85,225,67575,20.10
2020-10-22 13:14:00,18.85,19.00,18.85,19.00,300,67575,20.09
2020-10-22 13:15:00,19.00,19.60,19.00,19.45,300,67875,20.09
2020-10-22 13:16:00,19.70,19.70,19.70,19.70,75,67875,20.09
2020-10-22 13:17:00,19.45,19.80,19.20,19.80,525,67875,20.09
2020-10-22 13:19:00,19.50,19.50,19.50,19.50,225,68175,20.09
2020-10-22 13:20:00,19.70,19.70,19.10,19.10,525,68175,20.08
2020-10-22 13:22:00,19.60,19.60,19.40,19.40,150,68775,20.08
2020-10-22 13:23:00,19.65,19.65,19.55,19.55,225,68775,20.08
2020-10-22 13:24:00,19.85,19.85,19.35,19.35,225,68925,20.08
2020-10-22 13:25:00,19.30,19.30,18.65,18.70,975,68925,20.07
2020-10-22 13:26:00,18.85,19.10,18.85,19.10,525,68925,20.06
2020-10-22 13:28:00,18.40,18.40,18.30,18.35,300,69750,20.06
2020-10-22 13:30:00,18.55,18.85,18.50,18.85,300,69750,20.05
2020-10-22 13:32:00,18.90,18.90,18.45,18.45,150,69750,20.05
2020-10-22 13:33:00,17.55,17.85,17.55,17.85,225,69900,20.05
2020-10-22 13:34:00,18.05,18.50,18.05,18.50,375,69900,20.04
2020-10-22 13:35:00,18.45,18.50,18.45,18.50,450,69900,20.04
2020-10-22 13:36:00,19.00,19.00,18.90,19.00,2325,70500,20.01
2020-10-22 13:40:00,19.00,19.00,19.00,19.00,150,70875,20.01
2020-10-22 13:42:00,19.40,19.40,19.30,19.30,150,70800,20.01
2020-10-22 13:44:00,19.00,20.70,19.00,19.85,6600,70800,20.01
2020-10-22 13:45:00,19.35,19.40,19.35,19.40,225,73425,20.01
2020-10-22 13:48:00,19.30,19.30,19.30,19.30,75,73350,20.01
2020-10-22 13:49:00,18.95,18.95,18.95,18.95,75,73350,20.01
2020-10-22 13:50:00,18.75,18.75,18.75,18.75,75,73350,20.01
2020-10-22 13:51:00,18.25,18.25,18.20,18.20,150,73575,20.01
2020-10-22 13:53:00,18.30,18.30,18.10,18.10,225,73575,20.00
2020-10-22 13:54:00,18.20,18.20,18.20,18.20,525,73650,19.99
2020-10-22 13:55:00,17.90,18.20,17.90,18.00,1275,73650,19.97
2020-10-22 13:56:00,17.95,17.95,17.95,17.95,75,73650,19.97
2020-10-22 13:57:00,18.00,18.00,17.75,17.75,150,73650,19.97
2020-10-22 13:58:00,17.20,17.55,17.20,17.55,4125,74625,19.89
2020-10-22 13:59:00,17.65,17.65,16.95,17.45,8100,74625,19.73
2020-10-22 14:00:00,17.40,17.40,16.10,16.35,7200,84900,19.60
2020-10-22 14:01:00,16.00,16.50,15.90,16.50,2925,84900,19.53
2020-10-22 14:02:00,16.75,16.75,16.35,16.45,1200,84900,19.51
2020-10-22 14:03:00,16.40,16.40,16.20,16.25,1275,90450,19.48
2020-10-22 14:04:00,16.40,16.95,16.30,16.90,1800,90450,19.45
2020-10-22 14:05:00,17.15,17.15,17.15,17.15,150,90450,19.45
2020-10-22 14:06:00,17.05,17.05,16.85,17.05,900,90375,19.43
2020-10-22 14:08:00,17.60,17.60,17.60,17.60,450,90375,19.43
2020-10-22 14:09:00,16.65,16.65,16.65,16.65,150,92025,19.42
2020-10-22 14:10:00,17.00,17.00,17.00,17.00,1800,92025,19.39
2020-10-22 14:11:00,16.90,16.90,16.75,16.75,450,92025,19.39
2020-10-22 14:13:00,16.55,17.05,16.55,16.75,450,93000,19.38
2020-10-22 14:14:00,16.10,16.10,16.10,16.10,75,93000,19.38
2020-10-22 14:15:00,16.70,16.75,16.70,16.75,300,91875,19.37
2020-10-22 14:16:00,16.80,16.80,15.95,15.95,1200,91875,19.35
2020-10-22 14:17:00,16.15,17.10,16.15,17.10,1650,91875,19.32
2020-10-22 14:18:00,17.35,17.35,16.55,16.55,4725,93150,19.25
2020-10-22 14:19:00,16.90,16.90,16.55,16.55,375,93150,19.24
2020-10-22 14:20:00,16.70,17.25,16.70,17.05,750,93150,19.23
2020-10-22 14:21:00,17.10,17.20,16.80,16.80,525,89775,19.22
2020-10-22 14:22:00,17.00,17.00,17.00,17.00,75,89775,19.22
2020-10-22 14:23:00,17.20,17.30,17.05,17.05,1050,89775,19.21
2020-10-22 14:24:00,16.90,16.90,16.70,16.70,1125,89775,19.19
2020-10-22 14:25:00,16.45,16.45,16.45,16.45,150,89250,19.19
2020-10-22 14:27:00,16.50,16.50,16.00,16.30,1425,89025,19.16
2020-10-22 14:28:00,16.50,16.90,16.50,16.55,900,89025,19.15
2020-10-22 14:32:00,16.60,16.80,16.60,16.80,300,88650,19.15
2020-10-22 14:34:00,16.75,17.00,16.45,16.45,375,88725,19.14
2020-10-22 14:36:00,16.85,17.90,16.85,17.10,3150,88725,19.10
2020-10-22 14:37:00,18.15,18.15,17.75,17.75,450,88725,19.10
2020-10-22 14:38:00,18.10,18.10,18.10,18.10,75,88725,19.10
2020-10-22 14:39:00,18.40,19.25,18.35,19.25,1350,88950,19.10
2020-10-22 14:40:00,19.30,20.00,18.85,18.85,2475,88950,19.10
2020-10-22 14:41:00,18.90,19.10,18.85,19.10,750,88950,19.10
2020-10-22 14:42:00,20.00,20.25,20.00,20.10,525,89325,19.11
2020-10-22 14:43:00,19.80,19.80,17.75,18.05,1650,89325,19.10
2020-10-22 14:44:00,18.45,19.30,18.45,18.80,525,89325,19.10
2020-10-22 14:45:00,19.45,19.45,18.75,18.75,450,90375,19.10
2020-10-22 14:46:00,18.75,18.75,17.60,17.60,300,90375,19.10
2020-10-22 14:47:00,17.35,17.35,17.35,17.35,450,90375,19.09
2020-10-22 14:48:00,17.55,17.55,17.55,17.55,75,90375,19.09
2020-10-22 14:49:00,17.50,17.50,16.40,16.40,225,90600,19.09
2020-10-22 14:50:00,16.60,16.65,16.05,16.20,825,90600,19.08
2020-10-22 14:51:00,16.55,16.55,16.55,16.55,75,90600,19.08
2020-10-22 14:52:00,16.70,17.00,16.70,17.00,1200,90750,19.06
2020-10-22 14:53:00,17.10,17.10,16.70,17.00,450,90750,19.06
2020-10-22 14:54:00,16.75,16.80,16.55,16.55,675,90750,19.05
2020-10-22 14:55:00,16.70,16.70,16.70,16.70,75,0,19.05
2020-10-22 14:56:00,16.70,16.70,16.55,16.55,375,90750,19.04
2020-10-22 14:57:00,16.55,16.75,16.55,16.75,600,90675,19.03
2020-10-22 14:58:00,16.65,16.85,16.40,16.40,1125,90675,19.02
2020-10-22 14:59:00,16.05,16.10,16.05,16.10,1050,90675,19.00
2020-10-22 15:00:00,15.75,15.90,14.75,15.40,1575,90000,18.97
2020-10-22 15:01:00,15.45,15.45,14.60,14.80,1800,90000,18.94
2020-10-22 15:02:00,14.35,14.90,14.35,14.70,675,90000,18.92
2020-10-22 15:03:00,14.55,15.45,14.55,15.45,1575,90600,18.89
2020-10-22 15:04:00,15.05,15.15,14.80,14.80,900,90600,18.87
2020-10-22 15:05:00,14.85,15.10,14.85,15.10,675,90600,18.86
2020-10-22 15:06:00,15.15,15.20,15.10,15.20,825,91275,18.84
2020-10-22 15:07:00,15.20,15.20,14.55,14.55,675,91275,18.83
2020-10-22 15:08:00,14.80,14.80,14.55,14.65,1500,91275,18.80
2020-10-22 15:09:00,14.85,14.85,14.45,14.45,525,92475,18.78
2020-10-22 15:10:00,14.50,14.50,14.40,14.50,750,92475,18.77
2020-10-22 15:11:00,14.75,14.80,14.75,14.80,375,92475,18.76
2020-10-22 15:12:00,14.50,14.50,14.30,14.30,900,93450,18.74
2020-10-22 15:13:00,14.40,14.40,14.15,14.30,300,93450,18.73
2020-10-22 15:14:00,14.40,14.40,14.15,14.30,975,93450,18.71
2020-10-22 15:15:00,14.10,14.10,13.85,13.85,1650,93675,18.67
2020-10-22 15:16:00,13.90,13.90,13.75,13.75,1275,93675,18.64
2020-10-22 15:17:00,13.75,13.80,13.70,13.70,1050,93675,18.62
2020-10-22 15:18:00,13.55,13.65,11.75,12.75,5475,96375,18.47
2020-10-22 15:19:00,12.85,12.90,12.80,12.85,1650,96375,18.43
2020-10-22 15:20:00,12.90,12.90,12.30,12.30,900,96375,18.41
2020-10-22 15:21:00,12.45,12.45,12.00,12.10,8850,99450,18.16
2020-10-22 15:22:00,12.25,12.35,12.00,12.00,1725,99450,18.11
2020-10-22 15:23:00,12.10,12.25,12.00,12.25,900,99450,18.09
2020-10-22 15:24:00,12.10,12.30,12.10,12.10,5700,100275,17.94
2020-10-22 15:25:00,12.10,12.30,12.10,12.30,1425,100275,17.91
2020-10-22 15:26:00,12.30,12.50,12.10,12.45,1050,100275,17.88
2020-10-22 15:27:00,12.30,12.30,12.20,12.30,825,99375,17.86
2020-10-22 15:28:00,12.30,12.50,11.20,12.25,11625,99375,17.59
2020-10-22 15:29:01,12.35,13.00,12.25,13.00,4125,99375,17.51
2020-10-23 09:15:00,9.85,9.95,9.15,9.55,12075,98475,9.43
2020-10-23 09:16:00,9.60,9.95,9.40,9.55,2475,98475,9.47
2020-10-23 09:17:00,9.45,9.45,9.05,9.30,20700,105300,9.31
2020-10-23 09:18:00,9.20,9.60,9.20,9.60,6825,105300,9.32
2020-10-23 09:19:00,9.60,9.60,9.25,9.25,7050,105300,9.34
2020-10-23 09:20:00,9.25,9.30,9.05,9.20,4275,120000,9.33
2020-10-23 09:21:00,9.15,9.20,9.15,9.20,2700,120000,9.32
2020-10-23 09:22:00,9.35,9.35,9.20,9.20,975,120000,9.32
2020-10-23 09:23:00,9.30,9.35,9.20,9.20,1800,122250,9.32
2020-10-23 09:24:00,9.35,9.40,9.25,9.40,2100,122250,9.32
2020-10-23 09:25:00,9.40,9.50,9.25,9.30,2025,122250,9.32
2020-10-23 09:26:00,9.30,9.30,9.10,9.10,975,123150,9.32
2020-10-23 09:27:00,9.20,9.20,9.15,9.15,225,123150,9.32
2020-10-23 09:28:00,9.35,9.35,9.20,9.25,1800,123150,9.31
2020-10-23 09:29:00,9.25,9.50,9.25,9.40,1800,123900,9.32
2020-10-23 09:30:00,9.35,9.35,9.10,9.30,2325,123900,9.31
2020-10-23 09:31:00,9.30,9.40,9.25,9.35,7350,123900,9.31
2020-10-23 09:32:00,9.30,9.30,9.30,9.30,900,121050,9.31
2020-10-23 09:33:00,9.30,9.40,9.15,9.30,5025,121050,9.31
2020-10-23 09:34:00,9.25,9.30,9.20,9.25,675,121050,9.31
2020-10-23 09:35:00,9.30,9.30,9.10,9.30,4950,124050,9.30
2020-10-23 09:36:00,9.25,9.25,9.10,9.10,1875,124050,9.30
2020-10-23 09:37:00,9.30,9.30,9.20,9.30,1950,124050,9.30
2020-10-23 09:38:00,9.25,9.25,9.25,9.25,975,124350,9.30
2020-10-23 09:39:00,9.25,9.25,9.20,9.25,4275,124350,9.29
2020-10-23 09:40:00,9.25,9.25,9.00,9.15,10425,124350,9.27
2020-10-23 09:41:00,9.20,9.25,9.10,9.20,9225,135000,9.27
2020-10-23 09:42:00,9.35,9.35,9.20,9.30,525,135000,9.27
2020-10-23 09:43:00,9.35,9.40,9.25,9.40,1125,135000,9.27
2020-10-23 09:44:00,9.45,9.45,9.30,9.35,2250,139425,9.27
2020-10-23 09:45:00,9.25,9.30,9.25,9.30,225,139425,9.27
2020-10-23 09:46:00,9.20,9.30,9.10,9.15,2850,139425,9.27
2020-10-23 09:47:00,9.15,9.15,9.00,9.00,5250,137775,9.26
2020-10-23 09:48:00,9.10,9.15,9.10,9.15,975,137775,9.26
2020-10-23 09:49:00,9.25,9.60,9.25,9.40,5850,137775,9.26
2020-10-23 09:50:00,9.40,9.40,9.20,9.25,975,139800,9.26
2020-10-23 09:51:00,9.35,9.40,9.15,9.20,2325,139800,9.26
2020-10-23 09:52:00,9.20,9.20,9.15,9.15,600,139800,9.26
2020-10-23 09:53:00,9.10,9.10,8.90,8.95,3225,139275,9.26
2020-10-23 09:54:00,8.90,9.05,8.90,9.05,3675,139275,9.25
2020-10-23 09:55:00,9.00,9.05,9.00,9.00,1500,139275,9.25
2020-10-23 09:56:00,8.95,8.95,8.85,8.85,150,140850,9.25
2020-10-23 09:57:00,8.85,8.90,8.70,8.90,10350,140850,9.22
2020-10-23 09:58:00,8.90,8.90,8.70,8.70,1125,140850,9.21
2020-10-23 09:59:00,8.70,8.70,8.70,8.70,750,146625,9.21
2020-10-23 10:00:00,8.65,8.65,8.35,8.35,1950,146625,9.20
2020-10-23 10:01:00,8.40,8.40,8.15,8.25,975,146625,9.20
2020-10-23 10:02:00,8.25,8.25,8.20,8.25,525,147150,9.19
2020-10-23 10:03:00,8.25,8.40,8.25,8.40,600,147150,9.19
2020-10-23 10:04:00,8.45,8.45,8.45,8.45,1200,147150,9.19
2020-10-23 10:05:00,8.30,8.35,8.25,8.30,375,146925,9.18
2020-10-23 10:06:00,8.25,8.25,8.15,8.15,900,146925,9.18
2020-10-23 10:07:00,8.20,8.25,8.15,8.25,2625,146925,9.16
2020-10-23 10:08:00,8.25,8.30,8.25,8.30,1275,149775,9.16
2020-10-23 10:09:00,8.35,8.35,8.30,8.30,750,149775,9.15
2020-10-23 10:10:00,8.30,8.50,8.30,8.35,2475,149775,9.14
2020-10-23 10:11:00,8.30,8.35,8.25,8.35,2700,152475,9.13
2020-10-23 10:12:00,8.30,8.35,8.25,8.35,1425,152475,9.12
2020-10-23 10:13:00,8.20,8.40,8.20,8.40,10950,152475,9.08
2020-10-23 10:14:00,8.40,8.45,8.40,8.45,11175,143625,9.04
2020-10-23 10:15:00,8.45,8.45,8.30,8.45,675,143625,9.04
2020-10-23 10:16:00,8.50,8.55,8.50,8.55,2775,143625,9.03
2020-10-23 10:17:00,8.55,8.60,8.35,8.50,8850,144375,9.01
2020-10-23 10:19:00,8.55,8.55,8.40,8.40,7200,144375,8.99
2020-10-23 10:20:00,8.40,8.40,8.35,8.35,1200,142575,8.99
2020-10-23 10:21:00,8.30,8.35,8.30,8.35,375,142575,8.99
2020-10-23 10:22:00,8.30,8.30,8.30,8.30,525,142575,8.98
2020-10-23 10:23:00,8.40,8.40,8.35,8.35,450,139200,8.98
2020-10-23 10:24:00,8.40,8.40,8.35,8.40,450,139200,8.98
2020-10-23 10:26:00,8.30,8.30,8.30,8.30,150,139575,8.98
2020-10-23 10:27:00,8.35,8.35,8.35,8.35,450,139575,8.98
2020-10-23 10:28:00,8.50,8.50,8.45,8.45,750,139575,8.98
2020-10-23 10:29:00,8.55,8.65,8.50,8.55,1725,137925,8.98
2020-10-23 10:30:00,8.45,8.45,8.35,8.45,825,137925,8.97
2020-10-23 10:31:00,8.45,8.50,8.45,8.50,225,137925,8.97
2020-10-23 10:32:00,8.45,8.50,8.45,8.50,825,137925,8.97
2020-10-23 10:33:00,8.45,8.45,8.40,8.40,750,137925,8.97
2020-10-23 10:34:00,8.40,8.60,8.40,8.55,1650,137925,8.97
2020-10-23 10:35:00,8.50,8.65,8.50,8.65,1200,139350,8.96
2020-10-23 10:36:00,8.60,8.60,8.60,8.60,150,139350,8.96
2020-10-23 10:37:00,8.55,8.55,8.55,8.55,600,139350,8.96
2020-10-23 10:38:00,8.55,8.55,8.50,8.50,1425,139350,8.96
2020-10-23 10:39:00,8.55,8.65,8.55,8.65,450,140100,8.96
2020-10-23 10:40:00,8.65,8.85,8.65,8.65,3000,140100,8.96
2020-10-23 10:41:00,8.70,8.75,8.55,8.55,1725,140625,8.96
2020-10-23 10:42:00,8.65,8.65,8.55,8.55,600,140625,8.95
2020-10-23 10:43:00,8.55,8.55,8.45,8.45,375,140625,8.95
2020-10-23 10:44:00,8.25,8.35,8.25,8.35,150,142575,8.95
2020-10-23 10:45:00,8.30,8.30,8.15,8.15,1050,142575,8.95
2020-10-23 10:46:00,8.25,8.25,8.15,8.15,450,142575,8.95
2020-10-23 10:47:00,8.30,8.30,8.20,8.20,150,142275,8.95
2020-10-23 10:48:00,8.20,8.30,8.20,8.30,150,142275,8.95
2020-10-23 10:50:00,8.35,8.45,8.35,8.45,525,142200,8.95
2020-10-23 10:51:00,8.50,8.50,8.50,8.50,300,142200,8.95
2020-10-23 10:52:00,8.45,8.45,8.45,8.45,150,142200,8.95
2020-10-23 10:55:00,8.65,8.65,8.65,8.65,975,142425,8.94
2020-10-23 10:56:00,8.80,8.80,8.70,8.70,150,142425,8.94
2020-10-23 10:57:00,8.75,8.75,8.70,8.75,975,141975,8.94
2020-10-23 10:58:00,8.80,8.80,8.65,8.65,600,141975,8.94
2020-10-23 10:59:00,8.65,8.65,8.65,8.65,75,141975,8.94
2020-10-23 11:00:00,8.75,8.85,8.75,8.85,450,141750,8.94
2020-10-23 11:01:00,8.85,8.85,8.70,8.80,975,141750,8.94
2020-10-23 11:02:00,8.75,8.85,8.75,8.85,2550,143850,8.94
2020-10-23 11:03:00,8.90,9.10,8.90,8.90,2400,143850,8.94
2020-10-23 11:04:00,8.95,8.95,8.80,8.85,1800,143850,8.94
2020-10-23 11:05:00,8.85,8.85,8.60,8.70,750,144900,8.94
2020-10-23 11:06:00,8.60,8.60,8.55,8.60,300,144900,8.94
2020-10-23 11:07:00,8.70,8.70,8.70,8.70,150,144900,8.94
2020-10-23 11:08:00,8.75,8.85,8.75,8.85,450,145125,8.94
2020-10-23 11:09:00,8.85,9.00,8.85,8.85,1650,145125,8.94
2020-10-23 11:10:00,8.90,8.90,8.85,8.85,375,145125,8.94
2020-10-23 11:11:00,8.90,8.90,8.85,8.85,1725,146100,8.94
2020-10-23 11:12:00,8.75,8.75,8.75,8.75,225,146100,8.94
2020-10-23 11:14:00,8.80,8.95,8.80,8.85,825,146850,8.94
2020-10-23 11:15:00,8.75,8.75,8.60,8.70,675,146850,8.94
2020-10-23 11:16:00,8.70,8.70,8.70,8.70,75,146850,8.94
2020-10-23 11:17:00,8.70,8.75,8.70,8.75,675,147300,8.94
2020-10-23 11:18:00,8.65,8.65,8.65,8.65,225,147300,8.94
2020-10-23 11:19:00,8.65,8.70,8.55,8.65,975,147300,8.93
2020-10-23 11:20:00,8.65,8.75,8.65,8.70,525,147300,8.93
2020-10-23 11:21:00,8.65,8.65,8.55,8.60,600,147750,8.93
2020-10-23 11:22:00,8.50,8.60,8.50,8.60,375,147750,8.93
2020-10-23 11:23:00,8.55,8.65,8.55,8.65,375,147825,8.93
2020-10-23 11:24:00,8.65,8.80,8.65,8.70,450,147825,8.93
2020-10-23 11:25:00,8.75,8.75,8.70,8.70,300,147825,8.93
2020-10-23 11:26:00,8.75,8.75,8.70,8.70,1200,147750,8.93
2020-10-23 11:27:00,8.65,8.65,8.60,8.60,300,147750,8.93
2020-10-23 11:28:00,8.65,8.75,8.65,8.65,1200,147750,8.93
2020-10-23 11:29:00,8.75,8.75,8.60,8.65,1350,148425,8.93
2020-10-23 11:30:00,8.70,8.70,8.65,8.70,525,148425,8.93
2020-10-23 11:31:00,8.75,8.75,8.45,8.45,7650,148425,8.92
2020-10-23 11:32:00,8.70,8.70,8.70,8.70,375,148425,8.92
2020-10-23 11:33:00,8.70,8.85,8.70,8.80,450,153975,8.92
2020-10-23 11:34:00,8.75,8.75,8.70,8.75,3075,153975,8.91
2020-10-23 11:35:00,8.65,8.80,8.65,8.80,2025,155925,8.91
2020-10-23 11:36:00,8.80,8.85,8.75,8.75,675,155925,8.91
2020-10-23 11:37:00,8.80,8.80,8.75,8.80,450,155925,8.91
2020-10-23 11:38:00,8.70,8.70,8.70,8.70,750,156075,8.91
2020-10-23 11:39:00,8.70,8.85,8.70,8.85,225,156075,8.91
2020-10-23 11:40:00,8.85,8.85,8.75,8.80,600,156075,8.91
2020-10-23 11:41:00,8.85,8.85,8.70,8.75,2700,153900,8.91
2020-10-23 11:43:00,8.75,8.75,8.65,8.65,150,153900,8.91
2020-10-23 11:44:00,8.85,8.85,8.85,8.85,1125,153900,8.91
2020-10-23 11:45:00,8.80,8.90,8.75,8.90,450,153900,8.91
2020-10-23 11:46:00,8.95,9.30,8.95,9.05,6675,153900,8.92
2020-10-23 11:47:00,9.05,9.15,8.95,8.95,1425,153300,8.92
2020-10-23 11:48:00,8.85,8.85,8.75,8.75,4650,153300,8.91
2020-10-23 11:49:00,8.85,9.10,8.80,9.10,5625,153300,8.92
2020-10-23 11:50:00,9.10,9.25,9.05,9.05,7050,160725,8.92
2020-10-23 11:51:00,9.10,9.15,9.10,9.15,450,160725,8.92
2020-10-23 11:53:00,9.00,9.00,8.85,8.90,225,162375,8.92
2020-10-23 11:54:00,8.90,9.00,8.90,9.00,600,162375,8.92
2020-10-23 11:55:00,8.90,8.90,8.75,8.80,2025,162375,8.92
2020-10-23 11:56:00,8.75,8.75,8.75,8.75,75,162375,8.92
2020-10-23 11:57:00,8.60,8.75,8.55,8.65,1725,161175,8.92
2020-10-23 11:58:00,8.65,8.65,8.65,8.65,75,161175,8.92
2020-10-23 11:59:00,8.70,8.70,8.65,8.65,525,162000,8.92
2020-10-23 12:00:00,8.60,8.60,8.45,8.55,1875,162000,8.92
2020-10-23 12:01:00,8.55,8.65,8.55,8.65,1050,162000,8.92
2020-10-23 12:02:00,8.70,8.70,8.70,8.70,450,162000,8.92
2020-10-23 12:03:00,8.75,8.75,8.70,8.70,150,163050,8.92
2020-10-23 12:04:00,8.65,8.65,8.50,8.55,1725,163050,8.91
2020-10-23 12:05:00,8.55,8.55,8.55,8.55,75,163050,8.91
2020-10-23 12:06:00,8.60,8.60,8.60,8.60,75,163800,8.91
2020-10-23 12:07:00,8.60,8.60,8.60,8.60,150,163800,8.91
2020-10-23 12:08:00,8.65,8.65,8.60,8.60,450,163800,8.91
2020-10-23 12:09:00,8.65,8.75,8.65,8.75,300,163650,8.91
2020-10-23 12:10:00,8.70,8.70,8.60,8.70,300,163650,8.91
2020-10-23 12:11:00,8.40,8.70,8.25,8.65,11775,161250,8.90
2020-10-23 12:12:00,8.75,8.80,8.70,8.70,675,161250,8.90
2020-10-23 12:13:00,8.80,8.80,8.75,8.75,375,161250,8.90
2020-10-23 12:14:00,8.70,8.70,8.60,8.70,1350,161250,8.90
2020-10-23 12:15:00,8.75,8.75,8.55,8.55,900,162000,8.90
2020-10-23 12:16:00,8.55,8.55,8.55,8.55,225,162000,8.90
2020-10-23 12:17:00,8.60,8.60,8.55,8.60,450,162000,8.90
2020-10-23 12:18:00,8.65,8.65,8.60,8.60,300,162000,8.89
2020-10-23 12:19:00,8.70,8.70,8.55,8.55,2100,162000,8.89
2020-10-23 12:20:00,8.65,8.65,8.65,8.65,675,162000,8.89
2020-10-23 12:21:00,8.75,8.75,8.70,8.70,825,159525,8.89
2020-10-23 12:22:00,8.70,8.75,8.60,8.70,825,159525,8.89
2020-10-23 12:23:00,8.70,8.80,8.70,8.80,225,159525,8.89
2020-10-23 12:24:00,8.65,8.65,8.60,8.65,375,159075,8.89
2020-10-23 12:25:00,8.60,8.65,8.60,8.60,375,159075,8.89
2020-10-23 12:26:00,8.60,8.60,8.60,8.60,300,159075,8.89
2020-10-23 12:27:00,8.60,8.60,8.40,8.45,2025,159000,8.89
2020-10-23 12:28:00,8.35,8.50,8.35,8.45,525,159000,8.89
2020-10-23 12:29:00,8.45,8.45,8.45,8.45,525,159000,8.89
2020-10-23 12:30:00,8.15,8.40,8.15,8.40,2325,159000,8.88
2020-10-23 12:31:00,8.40,8.45,8.25,8.30,2400,159000,8.88
2020-10-23 12:32:00,8.40,8.45,8.35,8.35,1200,158850,8.88
2020-10-23 12:33:00,8.35,8.45,8.35,8.45,1500,158850,8.88
2020-10-23 12:34:00,8.35,8.45,8.35,8.45,900,158850,8.87
2020-10-23 12:35:00,8.40,8.40,8.40,8.40,1125,161475,8.87
2020-10-23 12:36:00,8.40,8.40,8.30,8.30,1500,161475,8.87
2020-10-23 12:37:00,8.50,8.50,8.35,8.40,1800,161475,8.87
2020-10-23 12:38:00,8.45,8.55,8.45,8.55,225,161475,8.87
2020-10-23 12:39:00,8.50,8.50,8.45,8.50,300,160725,8.87
2020-10-23 12:40:00,8.55,8.55,8.45,8.45,300,160725,8.87
2020-10-23 12:41:00,8.45,8.45,8.35,8.35,300,160725,8.87
2020-10-23 12:42:00,8.25,8.35,8.20,8.35,2700,160950,8.86
2020-10-23 12:43:00,8.40,8.40,8.35,8.35,2175,160950,8.86
2020-10-23 12:44:00,8.45,8.45,8.40,8.40,150,160950,8.86
2020-10-23 12:45:00,8.40,8.40,8.40,8.40,75,159900,8.86
2020-10-23 12:46:00,8.35,8.35,8.35,8.35,375,159900,8.86
2020-10-23 12:49:00,8.30,8.30,8.00,8.10,1425,159750,8.86
2020-10-23 12:50:00,8.00,8.10,8.00,8.10,6750,159750,8.84
2020-10-23 12:51:00,8.05,8.05,8.05,8.05,150,164325,8.84
2020-10-23 12:52:00,8.00,8.05,8.00,8.00,1875,164325,8.84
2020-10-23 12:53:00,8.00,8.10,7.95,8.00,4950,164325,8.83
2020-10-23 12:54:00,8.00,8.05,8.00,8.00,1800,166575,8.82
2020-10-23 12:55:00,8.05,8.05,8.05,8.05,525,166575,8.82
2020-10-23 12:56:00,8.05,8.05,7.95,8.05,1425,166575,8.82
2020-10-23 12:57:00,8.05,8.10,8.00,8.10,1875,167700,8.82
2020-10-23 12:58:00,8.05,8.05,8.05,8.05,1500,167700,8.81
2020-10-23 12:59:00,8.00,8.00,8.00,8.00,675,167700,8.81
2020-10-23 13:00:00,7.95,7.95,7.75,7.90,2175,167100,8.81
2020-10-23 13:01:00,7.85,7.85,7.75,7.75,2175,167100,8.80
2020-10-23 13:02:00,7.75,7.80,7.75,7.75,1575,167100,8.80
2020-10-23 13:03:00,7.75,7.75,7.30,7.45,4200,164925,8.78
2020-10-23 13:04:00,7.50,7.55,7.45,7.55,1125,164925,8.78
2020-10-23 13:05:00,7.50,7.55,7.45,7.50,825,164925,8.78
2020-10-23 13:06:00,7.50,7.60,7.45,7.60,1950,165675,8.77
2020-10-23 13:07:00,7.45,7.60,7.45,7.60,1425,165675,8.77
2020-10-23 13:08:00,7.55,7.75,7.55,7.65,1125,165675,8.76
2020-10-23 13:09:00,7.65,7.70,7.65,7.70,600,165375,8.76
2020-10-23 13:10:00,7.70,7.70,7.65,7.65,675,165375,8.76
2020-10-23 13:11:00,7.70,7.75,7.65,7.70,1200,165375,8.76
2020-10-23 13:12:00,7.70,7.70,7.65,7.65,450,159750,8.76
2020-10-23 13:13:00,7.65,7.70,7.60,7.70,600,159750,8.76
2020-10-23 13:14:00,7.70,7.70,7.70,7.70,75,159750,8.75
2020-10-23 13:15:00,7.60,7.70,7.55,7.65,2175,159375,8.75
2020-10-23 13:16:00,7.65,7.65,7.65,7.65,1500,159375,8.75
2020-10-23 13:17:00,7.60,7.70,7.60,7.65,675,159375,8.74
2020-10-23 13:18:00,7.65,7.75,7.60,7.60,1500,161100,8.74
2020-10-23 13:19:00,7.65,7.75,7.60,7.75,2175,161100,8.73
2020-10-23 13:20:00,7.75,7.90,7.65,7.80,825,161100,8.73
2020-10-23 13:21:00,7.80,7.90,7.80,7.90,1575,162150,8.73
2020-10-23 13:22:00,7.85,7.90,7.80,7.80,900,162150,8.73
2020-10-23 13:23:00,7.80,7.85,7.75,7.75,300,162150,8.73
2020-10-23 13:24:00,7.80,7.80,7.75,7.75,450,162900,8.73
2020-10-23 13:25:00,7.85,7.85,7.80,7.85,750,162900,8.72
2020-10-23 13:26:00,7.75,7.85,7.75,7.80,300,162900,8.72
2020-10-23 13:27:00,7.75,7.80,7.75,7.80,375,162000,8.72
2020-10-23 13:28:00,7.75,7.75,7.75,7.75,1200,162000,8.72
2020-10-23 13:29:00,7.75,7.75,7.70,7.70,225,162000,8.72
2020-10-23 13:30:00,7.75,7.80,7.75,7.80,150,162675,8.72
2020-10-23 13:31:00,7.85,7.90,7.85,7.90,300,162675,8.72
2020-10-23 13:32:00,7.85,7.90,7.85,7.90,375,162675,8.72
2020-10-23 13:33:00,7.75,7.80,7.75,7.80,150,163200,8.72
2020-10-23 13:34:00,7.85,7.85,7.60,7.60,750,163200,8.72
2020-10-23 13:35:00,7.60,7.70,7.50,7.65,1350,163200,8.71
2020-10-23 13:36:00,7.65,7.75,7.65,7.70,600,163350,8.71
2020-10-23 13:37:00,7.65,7.65,7.55,7.60,1275,163350,8.71
2020-10-23 13:38:00,7.60,7.65,7.60,7.65,450,163350,8.71
2020-10-23 13:39:00,7.70,7.70,7.60,7.60,1500,163875,8.70
2020-10-23 13:40:00,7.60,7.60,7.50,7.55,2475,163875,8.70
2020-10-23 13:41:00,7.55,7.55,7.40,7.40,4200,163875,8.68
2020-10-23 13:42:00,7.50,7.60,7.50,7.60,1650,163200,8.68
2020-10-23 13:43:00,7.55,7.60,7.55,7.60,375,163200,8.68
2020-10-23 13:44:00,7.55,7.60,7.55,7.60,450,163200,8.68
2020-10-23 13:45:00,7.60,7.85,7.60,7.75,3675,163575,8.67
2020-10-23 13:46:00,7.75,7.75,7.60,7.60,2775,163575,8.66
2020-10-23 13:47:00,7.60,7.75,7.60,7.60,900,163575,8.66
2020-10-23 13:48:00,7.60,7.65,7.55,7.65,1200,161100,8.66
2020-10-23 13:49:00,7.70,7.70,7.65,7.65,1575,161100,8.66
2020-10-23 13:50:00,7.70,7.70,7.65,7.65,2775,161100,8.65
2020-10-23 13:51:00,7.70,7.70,7.60,7.60,975,160725,8.65
2020-10-23 13:52:00,7.60,7.65,7.60,7.60,7050,160725,8.63
2020-10-23 13:53:00,7.50,7.60,7.50,7.55,1125,160725,8.63
2020-10-23 13:54:00,7.55,7.60,7.55,7.60,225,166725,8.63
2020-10-23 13:55:00,7.50,7.55,7.50,7.55,225,166725,8.63
2020-10-23 13:56:00,7.60,7.60,7.50,7.50,1575,166725,8.62
2020-10-23 13:57:00,7.55,7.60,7.50,7.50,450,166650,8.62
2020-10-23 13:58:00,7.45,7.50,7.45,7.50,375,166650,8.62
2020-10-23 14:00:00,7.40,7.45,7.40,7.45,375,166575,8.62
2020-10-23 14:01:00,7.45,7.50,7.45,7.45,450,166575,8.62
2020-10-23 14:02:00,7.45,7.50,7.45,7.50,150,166575,8.62
2020-10-23 14:03:00,7.40,7.50,7.40,7.40,1050,163650,8.62
2020-10-23 14:04:00,7.45,7.50,7.45,7.50,450,163650,8.62
2020-10-23 14:05:00,7.50,7.55,7.50,7.55,525,163650,8.62
2020-10-23 14:06:00,7.50,7.60,7.40,7.45,9825,160725,8.59
2020-10-23 14:07:00,7.40,7.50,7.40,7.50,1275,160725,8.59
2020-10-23 14:08:00,7.35,7.35,7.35,7.35,150,160725,8.59
2020-10-23 14:09:00,7.35,7.35,7.25,7.30,5025,156450,8.58
2020-10-23 14:10:00,7.25,7.40,7.25,7.40,450,156450,8.58
2020-10-23 14:11:00,7.35,7.40,7.35,7.40,600,156450,8.57
2020-10-23 14:12:00,7.45,7.45,7.40,7.40,225,156450,8.57
2020-10-23 14:13:00,7.30,7.35,7.30,7.30,4125,155175,8.56
2020-10-23 14:14:00,7.65,7.65,7.40,7.40,7575,155175,8.55
2020-10-23 14:15:00,7.40,7.40,7.35,7.35,600,149625,8.54
2020-10-23 14:16:00,7.35,7.35,7.30,7.30,225,149625,8.54
2020-10-23 14:17:00,7.35,7.40,7.30,7.35,8250,149625,8.53
2020-10-23 14:18:00,7.30,7.35,7.25,7.25,1275,148950,8.52
2020-10-23 14:19:00,7.20,7.35,7.20,7.30,1275,148950,8.52
2020-10-23 14:20:00,7.20,7.30,7.20,7.25,1500,148950,8.52
2020-10-23 14:21:00,7.20,7.25,7.20,7.25,1275,148500,8.51
2020-10-23 14:22:00,7.25,7.25,7.20,7.20,975,148500,8.51
2020-10-23 14:23:00,7.25,7.35,7.25,7.35,3300,148500,8.50
2020-10-23 14:24:00,7.20,7.25,7.10,7.20,3900,147375,8.49
2020-10-23 14:25:00,7.15,7.20,7.15,7.20,600,147375,8.49
2020-10-23 14:26:00,7.15,7.20,7.15,7.20,450,147375,8.49
2020-10-23 14:27:00,7.20,7.20,7.15,7.15,450,140700,8.49
2020-10-23 14:28:00,7.20,7.30,7.20,7.25,6300,140700,8.48
2020-10-23 14:29:00,7.25,7.30,7.20,7.30,825,140700,8.47
2020-10-23 14:30:00,7.25,7.25,7.20,7.20,1575,141225,8.47
2020-10-23 14:31:00,7.20,7.30,7.20,7.20,1800,141225,8.47
2020-10-23 14:32:00,7.25,7.25,7.25,7.25,225,141225,8.47
2020-10-23 14:33:00,7.15,7.15,7.05,7.05,1050,141375,8.46
2020-10-23 14:34:00,7.05,7.15,6.95,7.15,1575,141375,8.46
2020-10-23 14:35:00,7.05,7.05,7.05,7.05,75,141375,8.46
2020-10-23 14:36:00,7.05,7.05,7.00,7.00,150,140775,8.46
2020-10-23 14:37:00,7.00,7.00,6.95,7.00,2100,140775,8.45
2020-10-23 14:38:00,7.00,7.00,7.00,7.00,1800,140775,8.45
2020-10-23 14:39:00,6.90,6.95,6.85,6.95,2550,140775,8.44
2020-10-23 14:40:00,6.85,6.85,6.65,6.65,5550,140775,8.42
2020-10-23 14:41:00,6.60,6.70,6.45,6.55,12600,140775,8.38
2020-10-23 14:42:00,6.60,6.60,6.50,6.50,27750,139725,8.29
2020-10-23 14:43:00,6.50,6.50,6.30,6.30,38100,139725,8.18
2020-10-23 14:44:00,6.30,6.30,6.05,6.05,32850,139725,8.08
2020-10-23 14:45:00,6.00,6.15,6.00,6.15,10200,207600,8.05
2020-10-23 14:46:00,6.10,6.15,6.10,6.10,6750,207600,8.03
2020-10-23 14:47:00,6.10,6.15,6.05,6.10,4575,207600,8.02
2020-10-23 14:48:00,6.10,6.15,6.10,6.10,9900,210900,7.99
2020-10-23 14:49:00,6.05,6.05,6.05,6.05,1350,210900,7.99
2020-10-23 14:50:00,6.10,6.15,6.00,6.00,8625,210900,7.96
2020-10-23 14:51:00,6.00,6.05,5.95,6.05,4800,219450,7.95
2020-10-23 14:52:00,6.00,6.15,6.00,6.15,1425,219450,7.94
2020-10-23 14:53:00,6.15,6.15,6.00,6.10,825,219450,7.94
2020-10-23 14:54:00,6.15,6.15,6.10,6.10,225,204825,7.94
2020-10-23 14:55:00,6.10,6.10,6.10,6.10,75,0,7.94
2020-10-23 14:56:00,6.00,6.05,5.90,6.00,11925,204825,7.91
2020-10-23 14:57:00,6.00,6.25,6.00,6.25,8325,218700,7.89
2020-10-23 14:58:00,6.25,6.25,6.10,6.15,3225,218700,7.88
2020-10-23 14:59:00,6.15,6.20,6.15,6.20,825,218700,7.88
2020-10-23 15:00:00,6.25,6.25,6.15,6.20,2625,218775,7.87
2020-10-23 15:01:00,6.20,6.20,6.15,6.15,3600,218775,7.87
2020-10-23 15:02:00,6.30,6.30,6.20,6.25,3150,218775,7.86
2020-10-23 15:03:00,6.25,6.25,6.25,6.25,150,218775,7.86
2020-10-23 15:04:00,6.40,6.40,6.35,6.35,1275,221925,7.86
2020-10-23 15:05:00,6.30,6.60,6.30,6.45,9825,221925,7.84
2020-10-23 15:06:00,6.60,6.60,6.55,6.55,225,219150,7.84
2020-10-23 15:07:00,6.45,6.60,6.45,6.60,750,219150,7.84
2020-10-23 15:08:00,6.50,6.55,6.50,6.50,2100,219150,7.83
2020-10-23 15:09:00,6.45,6.50,6.40,6.40,3300,221400,7.83
2020-10-23 15:10:00,6.45,6.50,6.35,6.45,4650,221400,7.82
2020-10-23 15:11:00,6.45,6.50,6.45,6.50,3225,221400,7.81
2020-10-23 15:12:00,6.40,6.50,6.40,6.50,1875,220125,7.81
2020-10-23 15:13:00,6.70,6.80,6.65,6.75,6300,220125,7.80
2020-10-23 15:14:00,6.75,6.80,6.65,6.80,900,220125,7.80
2020-10-23 15:15:00,6.90,6.95,6.75,6.75,2850,217200,7.80
2020-10-23 15:16:00,6.80,6.85,6.75,6.75,5400,217200,7.79
2020-10-23 15:17:00,6.65,6.85,6.60,6.70,6075,217200,7.78
2020-10-23 15:18:00,6.70,6.90,6.70,6.90,3375,219150,7.78
2020-10-23 15:19:00,6.90,6.95,6.85,6.85,3600,219150,7.77
2020-10-23 15:20:00,6.80,7.05,6.80,7.00,16050,219150,7.76
2020-10-23 15:21:00,7.05,7.05,6.70,6.75,5850,211650,7.75
2020-10-23 15:22:00,6.90,6.90,6.80,6.85,2775,211650,7.75
2020-10-23 15:23:00,6.80,6.80,6.75,6.80,2850,211650,7.75
2020-10-23 15:24:00,6.80,6.85,6.75,6.75,4350,201300,7.74
2020-10-23 15:25:00,6.70,6.70,6.45,6.45,3900,201300,7.73
2020-10-23 15:26:00,6.45,6.55,6.35,6.55,4575,201300,7.73
2020-10-23 15:27:00,6.55,6.70,6.50,6.70,7050,191625,7.72
2020-10-23 15:28:00,6.80,6.95,6.75,6.75,2400,191625,7.72
2020-10-23 15:29:01,6.85,7.00,5.65,5.65,2400,191625,7.71
2020-10-26 09:15:00,6.05,6.15,5.40,5.65,17625,180075,5.59
2020-10-26 09:16:00,5.65,5.90,5.50,5.80,13575,180075,5.59
2020-10-26 09:17:00,5.80,6.15,5.80,6.10,9750,182475,5.65
2020-10-26 09:18:00,6.05,6.55,6.00,6.50,11025,182475,5.81
2020-10-26 09:19:00,6.65,7.20,6.65,7.15,38775,182475,6.30
2020-10-26 09:20:00,7.25,7.70,7.20,7.50,28575,183450,6.58
2020-10-26 09:21:00,7.45,7.45,7.10,7.20,10425,183450,6.63
2020-10-26 09:22:00,7.25,7.30,7.00,7.00,14775,183450,6.69
2020-10-26 09:23:00,6.90,6.90,6.70,6.85,5250,172200,6.69
2020-10-26 09:24:00,6.65,6.65,6.45,6.45,5700,172200,6.69
2020-10-26 09:25:00,6.55,6.60,6.50,6.60,3525,172200,6.68
2020-10-26 09:26:00,6.50,6.50,6.30,6.30,2325,155250,6.68
2020-10-26 09:27:00,6.35,6.50,6.30,6.45,3150,155250,6.67
2020-10-26 09:28:00,6.45,6.70,6.45,6.70,5325,155250,6.67
2020-10-26 09:29:00,6.80,6.80,6.65,6.65,300,138375,6.67
2020-10-26 09:30:00,6.70,6.80,6.65,6.80,2400,138375,6.67
2020-10-26 09:31:00,6.80,6.90,6.80,6.80,1125,138375,6.67
2020-10-26 09:32:00,6.70,6.70,6.60,6.60,2400,139200,6.67
2020-10-26 09:33:00,6.50,6.50,6.25,6.25,1725,139200,6.67
2020-10-26 09:34:00,6.25,6.25,6.00,6.10,3600,139200,6.66
2020-10-26 09:35:00,6.00,6.05,5.75,5.80,7950,141375,6.63
2020-10-26 09:36:00,5.90,5.95,5.85,5.95,5325,141375,6.61
2020-10-26 09:37:00,5.95,6.15,5.90,6.10,9075,141375,6.58
2020-10-26 09:38:00,6.10,6.20,6.10,6.15,6825,155175,6.57
2020-10-26 09:39:00,6.20,6.35,6.10,6.30,2475,155175,6.56
2020-10-26 09:40:00,6.35,6.40,6.30,6.40,1650,155175,6.56
2020-10-26 09:41:00,6.45,6.45,6.45,6.45,375,158700,6.56
2020-10-26 09:42:00,6.45,6.45,6.30,6.30,4050,158700,6.56
2020-10-26 09:43:00,6.35,6.40,6.25,6.25,2025,158700,6.56
2020-10-26 09:44:00,6.35,6.35,6.25,6.35,1650,151350,6.55
2020-10-26 09:45:00,6.40,6.40,6.15,6.20,2325,151350,6.55
2020-10-26 09:46:00,6.25,6.25,6.15,6.20,4725,151350,6.54
2020-10-26 09:47:00,6.20,6.25,6.20,6.25,1650,152925,6.54
2020-10-26 09:48:00,6.15,6.25,6.15,6.25,3150,152925,6.54
2020-10-26 09:49:00,6.25,6.25,6.15,6.15,450,152925,6.54
2020-10-26 09:50:00,6.25,6.25,6.10,6.10,1425,155700,6.53
2020-10-26 09:51:00,6.20,6.20,6.15,6.15,150,155700,6.53
2020-10-26 09:52:00,6.05,6.10,6.05,6.10,225,155700,6.53
2020-10-26 09:53:00,6.05,6.10,6.00,6.10,900,154725,6.53
2020-10-26 09:54:00,6.00,6.10,5.95,6.10,675,154725,6.53
2020-10-26 09:55:00,6.10,6.10,6.00,6.00,150,154725,6.53
2020-10-26 09:56:00,6.00,6.05,6.00,6.05,150,155850,6.53
2020-10-26 09:57:00,6.10,6.10,6.10,6.10,75,155850,6.53
2020-10-26 09:58:00,6.20,6.20,6.10,6.10,2400,155850,6.52
2020-10-26 09:59:00,6.25,6.25,6.25,6.25,150,155850,6.52
2020-10-26 10:00:00,6.20,6.20,6.20,6.20,150,156825,6.52
2020-10-26 10:01:00,6.15,6.25,6.15,6.20,525,156825,6.52
2020-10-26 10:02:00,6.25,6.30,6.15,6.30,1800,156900,6.52
2020-10-26 10:03:00,6.25,6.35,6.25,6.35,1725,156900,6.52
2020-10-26 10:04:00,6.45,6.50,6.40,6.45,4950,156900,6.52
2020-10-26 10:05:00,6.45,6.45,6.35,6.35,1875,156675,6.52
2020-10-26 10:06:00,6.40,6.40,6.20,6.20,1125,156675,6.52
2020-10-26 10:07:00,6.15,6.20,6.10,6.15,3675,156675,6.51
2020-10-26 10:08:00,6.15,6.15,6.05,6.10,1050,156600,6.51
2020-10-26 10:09:00,6.10,6.10,6.00,6.10,3450,156600,6.50
2020-10-26 10:10:00,6.10,6.15,6.10,6.15,225,156600,6.50
2020-10-26 10:11:00,6.05,6.10,6.05,6.05,1650,156225,6.50
2020-10-26 10:12:00,6.00,6.05,6.00,6.05,975,156225,6.50
2020-10-26 10:13:00,6.15,6.15,6.10,6.10,1500,156225,6.50
2020-10-26 10:14:00,6.10,6.10,6.05,6.10,1575,158700,6.49
2020-10-26 10:15:00,6.10,6.10,6.05,6.05,825,158700,6.49
2020-10-26 10:16:00,6.10,6.20,6.10,6.10,525,158700,6.49
2020-10-26 10:17:00,6.05,6.05,6.05,6.05,750,158700,6.49
2020-10-26 10:18:00,6.05,6.05,6.05,6.05,1275,160425,6.49
2020-10-26 10:19:00,6.05,6.10,6.00,6.00,3075,160425,6.48
2020-10-26 10:20:00,6.05,6.10,6.00,6.10,1800,160275,6.48
2020-10-26 10:21:00,6.05,6.15,6.05,6.15,1275,160275,6.48
2020-10-26 10:22:00,6.05,6.15,6.00,6.00,1800,160275,6.48
2020-10-26 10:23:00,6.00,6.00,5.95,5.95,525,162375,6.47
2020-10-26 10:24:00,5.95,5.95,5.95,5.95,150,162375,6.47
2020-10-26 10:25:00,5.95,5.95,5.95,5.95,900,162375,6.47
2020-10-26 10:26:00,5.90,5.90,5.75,5.75,2700,162675,6.47
2020-10-26 10:27:00,5.75,5.75,5.75,5.75,1575,162675,6.46
2020-10-26 10:28:00,5.90,5.90,5.85,5.85,225,162675,6.46
2020-10-26 10:29:00,5.85,5.85,5.85,5.85,525,162450,6.46
2020-10-26 10:30:00,5.85,5.90,5.80,5.85,450,162450,6.46
2020-10-26 10:31:00,5.80,5.80,5.75,5.75,2775,162450,6.45
2020-10-26 10:32:00,5.75,5.80,5.65,5.80,4875,164250,6.44
2020-10-26 10:33:00,5.75,5.75,5.60,5.70,5625,164250,6.43
2020-10-26 10:34:00,5.70,5.70,5.65,5.65,1050,164250,6.43
2020-10-26 10:35:00,5.65,5.65,5.65,5.65,1350,167325,6.42
2020-10-26 10:36:00,5.60,5.60,5.50,5.60,7725,167325,6.40
2020-10-26 10:37:00,5.60,5.60,5.60,5.60,1200,167325,6.40
2020-10-26 10:38:00,5.55,5.60,5.50,5.60,5100,174150,6.38
2020-10-26 10:39:00,5.50,5.60,5.50,5.55,6525,174150,6.37
2020-10-26 10:40:00,5.60,5.65,5.60,5.65,150,174150,6.37
2020-10-26 10:41:00,5.60,5.60,5.60,5.60,75,174150,6.37
2020-10-26 10:42:00,5.70,5.70,5.65,5.65,825,179925,6.36
2020-10-26 10:43:00,5.65,5.70,5.65,5.70,300,179925,6.36
2020-10-26 10:44:00,5.65,5.70,5.65,5.70,450,177900,6.36
2020-10-26 10:45:00,5.65,5.65,5.65,5.65,300,177900,6.36
2020-10-26 10:46:00,5.70,5.70,5.65,5.70,1125,177900,6.36
2020-10-26 10:47:00,5.70,5.75,5.70,5.75,750,178350,6.36
2020-10-26 10:48:00,5.75,5.85,5.75,5.80,5475,178350,6.35
2020-10-26 10:49:00,5.80,5.80,5.75,5.75,450,178350,6.35
2020-10-26 10:50:00,5.75,5.80,5.75,5.80,525,182700,6.35
2020-10-26 10:51:00,5.70,5.70,5.70,5.70,900,182700,6.35
2020-10-26 10:52:00,5.70,5.75,5.70,5.70,975,182700,6.34
2020-10-26 10:53:00,5.65,5.65,5.55,5.55,3225,182700,6.34
2020-10-26 10:54:00,5.55,5.55,5.55,5.55,75,184500,6.34
2020-10-26 10:55:00,5.55,5.55,5.55,5.55,900,184500,6.33
2020-10-26 10:56:00,5.55,5.55,5.55,5.55,75,184500,6.33
2020-10-26 10:58:00,5.55,5.55,5.45,5.45,675,184575,6.33
2020-10-26 10:59:00,5.45,5.45,5.40,5.40,750,184875,6.33
2020-10-26 11:00:00,5.45,5.45,5.40,5.40,300,184875,6.33
2020-10-26 11:01:00,5.40,5.40,5.40,5.40,150,184875,6.33
2020-10-26 11:02:00,5.50,5.50,5.40,5.45,375,184650,6.33
2020-10-26 11:03:00,5.50,5.50,5.50,5.50,150,184650,6.33
2020-10-26 11:04:00,5.65,5.65,5.65,5.65,4500,184650,6.32
2020-10-26 11:05:00,5.65,5.70,5.60,5.65,3900,182625,6.31
2020-10-26 11:06:00,5.70,5.70,5.55,5.65,975,182625,6.31
2020-10-26 11:07:00,5.60,5.60,5.60,5.60,225,182625,6.31
2020-10-26 11:08:00,5.65,5.65,5.65,5.65,225,182625,6.31
2020-10-26 11:09:00,5.65,5.70,5.65,5.70,750,182550,6.31
2020-10-26 11:10:00,5.70,5.70,5.70,5.70,525,182550,6.31
2020-10-26 11:11:00,5.65,5.65,5.65,5.65,900,182550,6.30
2020-10-26 11:12:00,5.75,5.75,5.75,5.75,3150,182400,6.30
2020-10-26 11:14:00,5.95,6.15,5.95,6.10,4050,179925,6.30
2020-10-26 11:15:00,6.15,6.40,6.15,6.35,10575,179925,6.30
2020-10-26 11:16:00,6.30,6.45,6.30,6.45,2700,179925,6.30
2020-10-26 11:17:00,6.30,6.40,6.20,6.35,7650,182550,6.30
2020-10-26 11:18:00,6.45,6.85,6.40,6.85,5625,182550,6.30
2020-10-26 11:19:00,7.00,7.75,6.90,7.45,14775,182550,6.33
2020-10-26 11:20:00,7.50,7.60,7.10,7.10,7050,187650,6.35
2020-10-26 11:21:00,7.15,7.20,7.10,7.20,6525,187650,6.36
2020-10-26 11:22:00,7.25,7.35,7.10,7.10,3675,187650,6.37
2020-10-26 11:23:00,7.10,7.40,7.00,7.40,3675,182475,6.38
2020-10-26 11:24:00,7.40,8.20,7.40,7.90,11475,182475,6.42
2020-10-26 11:25:00,8.00,8.05,7.60,7.75,8025,182475,6.44
2020-10-26 11:26:00,7.55,7.55,7.20,7.20,3000,187350,6.45
2020-10-26 11:27:00,7.15,7.35,7.15,7.30,2325,187350,6.45
2020-10-26 11:28:00,7.30,7.40,7.20,7.20,1350,187350,6.45
2020-10-26 11:29:00,7.20,7.20,7.05,7.10,5550,187350,6.46
2020-10-26 11:30:00,7.10,7.10,6.75,6.80,5700,187350,6.47
2020-10-26 11:31:00,6.65,6.75,6.60,6.60,5550,187350,6.47
2020-10-26 11:32:00,6.60,6.60,6.50,6.60,8700,193575,6.47
2020-10-26 11:33:00,6.50,6.60,6.50,6.55,5625,193575,6.47
2020-10-26 11:34:00,6.50,6.70,6.50,6.55,6900,193575,6.47
2020-10-26 11:35:00,6.60,7.10,6.60,7.10,5550,203175,6.48
2020-10-26 11:36:00,7.20,7.50,7.10,7.50,10725,203175,6.49
2020-10-26 11:37:00,7.50,7.50,7.25,7.45,8400,203175,6.51
2020-10-26 11:38:00,7.50,8.05,7.50,8.00,8325,201075,6.53
2020-10-26 11:39:00,8.10,8.35,7.90,8.15,9300,201075,6.56
2020-10-26 11:40:00,8.15,8.60,7.75,7.85,13500,201075,6.60
2020-10-26 11:41:00,7.90,8.30,7.90,8.10,3225,199050,6.60
2020-10-26 11:42:00,8.20,8.30,8.10,8.30,5775,199050,6.62
2020-10-26 11:43:00,7.95,8.25,7.95,8.10,1725,199050,6.63
2020-10-26 11:44:00,8.10,8.10,7.80,7.80,3750,204150,6.64
2020-10-26 11:45:00,7.75,8.15,7.75,8.10,3300,204150,6.64
2020-10-26 11:46:00,8.10,8.10,8.05,8.10,975,204150,6.65
2020-10-26 11:47:00,8.00,8.00,7.70,7.70,8550,204525,6.66
2020-10-26 11:48:00,7.70,7.70,7.25,7.30,6300,204525,6.67
2020-10-26 11:49:00,7.50,7.50,7.40,7.50,1050,204525,6.67
2020-10-26 11:50:00,7.40,7.40,7.25,7.25,2475,204525,6.68
2020-10-26 11:51:00,7.30,7.35,7.25,7.35,675,208200,6.68
2020-10-26 11:52:00,7.35,7.35,7.35,7.35,2175,208200,6.68
2020-10-26 11:53:00,7.65,7.75,7.65,7.65,825,210600,6.68
2020-10-26 11:54:00,7.60,7.60,7.35,7.35,900,210600,6.68
2020-10-26 11:55:00,7.50,7.60,7.45,7.60,600,210600,6.68
2020-10-26 11:56:00,7.65,7.75,7.60,7.75,2925,211275,6.69
2020-10-26 11:57:00,7.70,7.70,7.60,7.60,8625,211275,6.70
2020-10-26 11:58:00,7.60,7.65,7.50,7.65,675,211275,6.70
2020-10-26 11:59:00,7.50,7.60,7.40,7.45,1800,215400,6.70
2020-10-26 12:00:00,7.45,7.50,7.00,7.20,11775,215400,6.71
2020-10-26 12:01:00,7.05,7.05,6.85,6.90,2625,215400,6.71
2020-10-26 12:02:00,6.55,6.70,6.55,6.65,4725,209400,6.71
2020-10-26 12:03:00,6.65,6.70,6.55,6.70,5850,209400,6.71
2020-10-26 12:04:00,6.70,6.80,6.70,6.80,6975,209400,6.71
2020-10-26 12:05:00,6.80,6.90,6.80,6.80,1125,209400,6.71
2020-10-26 12:06:00,6.80,6.90,6.75,6.85,1650,210825,6.71
2020-10-26 12:07:00,6.90,6.95,6.85,6.90,825,210825,6.71
2020-10-26 12:08:00,6.95,7.15,6.95,7.15,2850,206925,6.72
2020-10-26 12:09:00,7.15,7.75,7.10,7.75,4800,206925,6.72
2020-10-26 12:10:00,7.80,7.90,7.50,7.85,17400,206925,6.75
2020-10-26 12:11:00,7.90,7.90,7.55,7.65,5625,206925,6.76
2020-10-26 12:12:00,7.65,7.75,7.50,7.50,6825,214275,6.76
2020-10-26 12:13:00,7.50,7.75,7.50,7.75,1275,214275,6.77
2020-10-26 12:14:00,7.75,7.80,7.70,7.70,1275,213375,6.77
2020-10-26 12:15:00,7.80,7.85,7.70,7.80,600,213375,6.77
2020-10-26 12:16:00,7.90,8.10,7.90,8.05,5250,213375,6.78
2020-10-26 12:17:00,8.05,8.05,7.75,7.80,5250,215775,6.79
2020-10-26 12:18:00,7.75,7.85,7.65,7.70,750,215775,6.79
2020-10-26 12:19:00,7.55,7.75,7.55,7.75,1500,215775,6.79
2020-10-26 12:20:00,7.70,7.85,7.65,7.85,1275,215775,6.79
2020-10-26 12:21:00,7.70,7.85,7.70,7.85,2400,215550,6.80
2020-10-26 12:22:00,7.85,7.85,7.70,7.70,6150,215550,6.80
2020-10-26 12:23:00,7.70,7.85,7.70,7.75,825,210375,6.80
2020-10-26 12:24:00,7.75,7.75,7.65,7.70,1950,210375,6.81
2020-10-26 12:25:00,7.55,7.70,7.55,7.70,5250,210375,6.81
2020-10-26 12:26:00,7.60,7.60,7.45,7.45,3600,210375,6.82
2020-10-26 12:27:00,7.45,7.55,7.20,7.25,2025,215325,6.82
2020-10-26 12:28:00,7.25,7.25,7.00,7.20,1875,215325,6.82
2020-10-26 12:29:00,7.20,7.20,7.05,7.15,3375,213225,6.82
2020-10-26 12:30:00,7.15,7.60,7.15,7.50,4125,213225,6.82
2020-10-26 12:31:00,7.40,7.60,7.40,7.60,3525,213225,6.83
2020-10-26 12:32:00,7.50,7.75,7.45,7.70,5325,214650,6.83
2020-10-26 12:33:00,7.50,7.65,7.50,7.60,1950,214650,6.83
2020-10-26 12:34:00,7.45,7.50,7.35,7.40,525,214650,6.84
2020-10-26 12:35:00,7.40,7.90,7.40,7.70,3600,211725,6.84
2020-10-26 12:36:00,7.70,7.75,7.60,7.60,3150,211725,6.84
2020-10-26 12:37:00,7.60,8.20,7.60,7.90,9525,211725,6.86
2020-10-26 12:38:00,8.00,8.55,8.00,8.55,9675,204750,6.87
2020-10-26 12:39:00,8.40,8.80,8.40,8.65,19350,204750,6.92
2020-10-26 12:40:00,8.80,9.20,8.80,8.85,12450,204750,6.95
2020-10-26 12:41:00,8.75,8.80,8.35,8.80,15600,203025,6.98
2020-10-26 12:42:00,8.80,8.85,8.65,8.70,5175,203025,6.99
2020-10-26 12:43:00,8.65,8.70,8.50,8.50,7350,203025,7.01
2020-10-26 12:44:00,8.55,8.85,8.50,8.85,9975,203025,7.03
2020-10-26 12:45:00,8.90,8.95,8.70,8.75,13425,204150,7.06
2020-10-26 12:46:00,8.80,9.25,8.80,9.15,16800,204150,7.09
2020-10-26 12:47:00,9.10,9.55,9.00,9.50,18750,204150,7.14
2020-10-26 12:48:00,9.50,9.55,9.25,9.50,3075,201225,7.15
2020-10-26 12:49:00,9.45,9.70,9.30,9.70,4275,201225,7.16
2020-10-26 12:50:00,9.80,10.90,9.80,10.60,15825,204450,7.22
2020-10-26 12:51:00,10.55,11.00,10.55,11.00,11700,204450,7.27
2020-10-26 12:52:00,10.95,10.95,10.25,10.30,12975,204450,7.31
2020-10-26 12:53:00,10.20,10.45,10.10,10.35,4050,204450,7.32
2020-10-26 12:54:00,10.45,11.20,10.45,11.10,11175,205350,7.37
2020-10-26 12:55:00,10.90,11.60,10.85,10.90,15450,205350,7.43
2020-10-26 12:56:00,10.95,11.10,10.50,10.50,8100,205350,7.46
2020-10-26 12:57:00,10.45,10.85,10.45,10.80,3975,200400,7.47
2020-10-26 12:58:00,10.80,13.90,10.75,13.15,42300,200400,7.66
2020-10-26 12:59:00,13.05,14.40,12.50,13.95,30150,200400,7.83
2020-10-26 13:00:00,13.85,14.95,13.75,13.75,29250,205125,8.00
2020-10-26 13:01:00,13.80,14.70,13.65,14.10,21600,205125,8.12
2020-10-26 13:02:00,14.00,14.00,12.85,12.85,24000,205125,8.24
2020-10-26 13:03:00,12.85,13.35,12.70,12.90,12225,200100,8.29
2020-10-26 13:04:00,12.90,13.00,11.20,11.20,10500,200100,8.33
2020-10-26 13:05:00,11.35,11.40,10.10,10.75,13275,200100,8.35
2020-10-26 13:06:00,10.85,11.10,10.65,10.75,6150,199350,8.36
2020-10-26 13:07:00,11.00,11.40,10.80,11.35,5550,199350,8.38
2020-10-26 13:08:00,11.25,11.25,11.05,11.20,2925,199350,8.39
2020-10-26 13:09:00,11.05,11.70,10.95,11.70,6825,197925,8.40
2020-10-26 13:10:00,11.80,12.50,11.80,12.35,7275,197925,8.42
2020-10-26 13:11:00,12.40,12.40,12.05,12.25,4950,197925,8.44
2020-10-26 13:12:00,12.35,12.60,11.75,11.80,7350,198975,8.46
2020-10-26 13:13:00,11.75,11.90,11.60,11.80,3450,198975,8.47
2020-10-26 13:14:00,11.40,11.50,11.10,11.20,3300,198975,8.48
2020-10-26 13:15:00,11.35,11.85,11.35,11.85,1425,191850,8.49
2020-10-26 13:16:00,11.60,11.60,11.30,11.50,6225,191850,8.50
2020-10-26 13:17:00,11.50,11.55,11.20,11.20,4050,191850,8.51
2020-10-26 13:18:00,11.25,11.25,10.05,10.25,17250,194325,8.54
2020-10-26 13:19:00,10.20,10.20,9.45,9.45,14025,194325,8.55
2020-10-26 13:20:00,9.60,10.05,9.50,9.65,7500,194325,8.56
2020-10-26 13:21:00,9.55,9.90,9.45,9.50,13050,201000,8.57
2020-10-26 13:22:00,9.45,9.45,8.90,9.30,16725,201000,8.57
2020-10-26 13:23:00,9.25,9.65,9.25,9.55,6225,201000,8.58
2020-10-26 13:24:00,9.55,9.85,9.40,9.80,7950,199275,8.59
2020-10-26 13:25:00,10.05,10.75,10.05,10.75,7650,199275,8.60
2020-10-26 13:26:00,10.75,11.05,10.75,11.05,9825,199275,8.61
2020-10-26 13:27:00,11.15,11.20,10.80,11.00,13800,202725,8.64
2020-10-26 13:28:00,11.10,11.20,10.95,11.20,12300,202725,8.66
2020-10-26 13:29:00,11.10,11.70,11.10,11.55,10050,202725,8.68
2020-10-26 13:30:00,11.75,12.50,11.75,12.20,17100,203775,8.72
2020-10-26 13:31:00,12.20,12.20,11.40,11.55,6975,203775,8.74
2020-10-26 13:32:00,11.55,11.60,11.25,11.50,2475,203775,8.74
2020-10-26 13:33:00,11.45,11.75,11.20,11.20,10725,204450,8.76
2020-10-26 13:34:00,11.20,11.45,11.20,11.20,7050,204450,8.78
2020-10-26 13:35:00,11.20,11.50,11.15,11.50,5100,204450,8.79
2020-10-26 13:36:00,11.60,12.10,11.60,12.00,9825,209625,8.81
2020-10-26 13:37:00,11.90,12.50,11.90,12.35,12450,209625,8.84
2020-10-26 13:38:00,12.35,12.60,12.15,12.50,23100,209625,8.90
2020-10-26 13:39:00,12.45,12.55,12.30,12.40,18525,220425,8.94
2020-10-26 13:40:00,12.35,12.40,11.75,11.75,9600,220425,8.96
2020-10-26 13:41:00,11.65,11.65,10.90,11.05,16875,220425,8.99
2020-10-26 13:42:00,10.85,11.10,10.85,10.95,4125,230325,8.99
2020-10-26 13:43:00,10.65,10.75,10.50,10.65,2850,230325,8.99
2020-10-26 13:44:00,10.50,10.60,10.10,10.15,6000,230325,9.00
2020-10-26 13:45:00,10.20,10.20,9.60,9.75,3900,229425,9.00
2020-10-26 13:46:00,9.75,10.60,9.60,10.50,12975,229425,9.01
2020-10-26 13:47:00,10.55,11.00,10.40,10.90,11625,229425,9.03
2020-10-26 13:48:00,11.05,11.15,10.60,10.75,5325,229500,9.03
2020-10-26 13:49:00,10.70,10.70,10.45,10.50,7650,229500,9.04
2020-10-26 13:50:00,10.35,11.10,10.35,11.00,6450,229500,9.05
2020-10-26 13:51:00,11.10,11.15,10.95,11.05,3675,234075,9.05
2020-10-26 13:52:00,11.05,11.05,10.60,10.85,17850,234075,9.07
2020-10-26 13:53:00,11.05,11.10,10.90,11.10,4050,234075,9.08
2020-10-26 13:54:00,11.15,11.60,11.05,11.60,5475,226875,9.08
2020-10-26 13:55:00,11.65,12.45,11.65,12.35,19575,226875,9.12
2020-10-26 13:56:00,12.35,12.60,11.85,12.20,16350,226875,9.15
2020-10-26 13:57:00,12.20,13.30,12.15,13.05,22575,234075,9.20
2020-10-26 13:58:00,12.95,13.25,12.60,13.20,10425,234075,9.23
2020-10-26 13:59:00,13.00,13.05,12.30,13.05,24975,234075,9.28
2020-10-26 14:00:00,13.00,13.95,13.00,13.60,11550,230775,9.31
2020-10-26 14:01:00,13.55,13.55,12.90,13.05,7650,230775,9.33
2020-10-26 14:02:00,13.00,14.90,13.00,14.35,29775,230775,9.41
2020-10-26 14:03:00,14.45,14.50,13.55,13.70,22500,226050,9.47
2020-10-26 14:04:00,13.60,13.80,13.20,13.20,17025,226050,9.51
2020-10-26 14:05:00,13.35,13.95,13.35,13.90,11700,226050,9.53
2020-10-26 14:06:00,14.00,14.05,13.15,13.15,8025,229650,9.55
2020-10-26 14:07:00,13.30,13.65,12.65,12.65,18300,229650,9.59
2020-10-26 14:08:00,12.75,12.75,12.30,12.60,22725,229650,9.63
2020-10-26 14:09:00,12.70,13.40,12.60,13.35,10650,216525,9.65
2020-10-26 14:10:00,13.45,13.70,13.00,13.25,5550,216525,9.66
2020-10-26 14:11:00,13.30,13.60,13.25,13.50,5700,216525,9.67
2020-10-26 14:12:00,13.55,13.80,13.00,13.00,11775,221025,9.70
2020-10-26 14:13:00,13.00,13.65,13.00,13.50,12600,221025,9.72
2020-10-26 14:14:00,13.45,13.55,13.10,13.10,2400,221025,9.72
2020-10-26 14:15:00,13.40,13.90,13.40,13.60,12075,219300,9.75
2020-10-26 14:16:00,13.70,13.70,12.40,12.55,18450,219300,9.78
2020-10-26 14:17:00,12.65,12.65,10.45,10.45,16950,219300,9.79
2020-10-26 14:18:00,10.20,11.80,10.20,11.80,12675,219450,9.80
2020-10-26 14:19:00,11.95,12.50,11.85,12.50,14175,219450,9.82
2020-10-26 14:20:00,12.50,12.75,12.05,12.10,8550,219450,9.83
2020-10-26 14:21:00,12.10,12.30,11.60,11.85,6075,213825,9.83
2020-10-26 14:22:00,11.70,11.75,11.20,11.20,5475,213825,9.84
2020-10-26 14:23:00,11.35,11.45,10.80,11.00,16575,213825,9.85
2020-10-26 14:24:00,11.05,11.30,10.80,10.90,11175,214575,9.86
2020-10-26 14:25:00,10.90,11.35,10.75,11.35,8100,214575,9.86
2020-10-26 14:26:00,11.20,11.20,10.85,10.90,2700,214575,9.86
2020-10-26 14:27:00,10.70,10.70,10.20,10.45,11775,214725,9.87
2020-10-26 14:28:00,10.55,10.80,10.55,10.75,7950,214725,9.87
2020-10-26 14:29:00,10.85,11.00,10.55,10.80,4500,214725,9.87
2020-10-26 14:30:00,10.55,10.55,10.00,10.30,7575,222525,9.87
2020-10-26 14:31:00,10.20,10.60,10.10,10.20,14025,222525,9.88
2020-10-26 14:32:00,10.20,10.65,10.00,10.60,8325,222525,9.88
2020-10-26 14:33:00,10.70,11.95,10.70,11.75,24825,221400,9.89
2020-10-26 14:34:00,11.75,12.30,11.55,11.65,27225,221400,9.92
2020-10-26 14:35:00,11.75,11.85,11.10,11.20,9000,221400,9.93
2020-10-26 14:36:00,11.25,11.40,10.65,10.75,9000,224775,9.93
2020-10-26 14:37:00,10.70,11.05,10.50,10.50,13725,224775,9.94
2020-10-26 14:38:00,10.55,10.60,10.05,10.25,7800,224775,9.94
2020-10-26 14:39:00,10.35,10.55,10.30,10.35,4875,231375,9.94
2020-10-26 14:40:00,10.45,10.85,10.30,10.55,3225,231375,9.94
2020-10-26 14:41:00,10.70,11.15,10.50,10.65,5025,231375,9.94
2020-10-26 14:42:00,10.55,10.65,10.05,10.20,3375,232275,9.94
2020-10-26 14:43:00,10.20,10.25,10.00,10.15,13350,232275,9.94
2020-10-26 14:44:00,10.10,10.20,9.70,9.70,8550,232275,9.94
2020-10-26 14:45:00,9.65,9.65,8.40,8.80,39075,232200,9.93
2020-10-26 14:46:00,9.00,9.15,8.75,9.10,11925,232200,9.92
2020-10-26 14:47:00,9.15,9.15,8.85,8.90,17175,232200,9.91
2020-10-26 14:48:00,9.05,9.05,8.75,8.95,6375,227775,9.91
2020-10-26 14:49:00,8.95,9.35,8.90,9.35,3825,227775,9.91
2020-10-26 14:50:00,9.25,9.30,8.90,9.00,8100,227775,9.91
2020-10-26 14:51:00,8.95,9.20,8.85,8.95,5100,226200,9.90
2020-10-26 14:52:00,9.10,9.10,8.80,9.00,3975,226200,9.90
2020-10-26 14:53:00,9.00,9.75,9.00,9.75,11025,226200,9.90
2020-10-26 14:54:00,9.85,9.85,9.45,9.55,6525,223050,9.90
2020-10-26 14:55:00,9.45,9.70,9.45,9.60,3450,223050,9.90
2020-10-26 14:56:00,9.60,9.70,9.00,9.15,8550,223050,9.90
2020-10-26 14:57:00,9.30,9.45,9.00,9.25,3825,228450,9.89
2020-10-26 14:58:00,9.40,9.50,9.20,9.35,3750,228450,9.89
2020-10-26 14:59:00,9.35,9.40,8.85,9.05,22575,228450,9.88
2020-10-26 15:00:00,9.05,9.05,8.00,8.25,33975,240150,9.86
2020-10-26 15:01:00,8.25,8.70,8.20,8.70,23400,240150,9.85
2020-10-26 15:02:00,8.70,8.70,8.35,8.65,6825,240150,9.84
2020-10-26 15:03:00,8.65,8.65,8.35,8.40,22425,242775,9.83
2020-10-26 15:04:00,8.30,8.35,8.05,8.10,23175,242775,9.82
2020-10-26 15:05:00,8.10,8.10,7.85,8.10,14400,242775,9.80
2020-10-26 15:06:00,8.15,8.25,8.10,8.20,6000,255300,9.80
2020-10-26 15:07:00,8.10,8.15,7.85,7.95,4725,255300,9.80
2020-10-26 15:08:00,7.85,8.00,7.80,7.85,10050,255300,9.79
2020-10-26 15:09:00,7.95,8.20,7.85,8.20,38925,278550,9.76
2020-10-26 15:10:00,8.05,8.30,8.00,8.15,8475,278550,9.76
2020-10-26 15:11:00,8.25,8.40,8.25,8.25,2400,278550,9.75
2020-10-26 15:12:00,8.15,8.30,8.10,8.30,4725,283650,9.75
2020-10-26 15:13:00,8.15,8.25,8.05,8.15,4350,283650,9.75
2020-10-26 15:14:00,8.15,8.20,8.00,8.00,13275,283650,9.74
2020-10-26 15:15:00,8.00,8.00,7.75,7.80,18750,286200,9.73
2020-10-26 15:16:00,7.85,8.00,7.85,8.00,6750,286200,9.72
2020-10-26 15:17:00,8.00,8.00,7.85,8.00,4650,286200,9.72
2020-10-26 15:18:00,8.00,8.00,7.70,7.75,13125,290550,9.71
2020-10-26 15:19:00,7.65,7.80,7.60,7.80,14775,290550,9.70
2020-10-26 15:20:00,7.65,7.85,7.60,7.70,12300,290550,9.69
2020-10-26 15:21:00,7.60,7.70,7.45,7.60,12375,296625,9.68
2020-10-26 15:22:00,7.60,7.80,7.55,7.65,7350,296625,9.67
2020-10-26 15:23:00,7.65,7.75,7.65,7.70,9375,296625,9.67
2020-10-26 15:24:00,7.70,7.75,7.50,7.65,12600,296625,9.66
2020-10-26 15:25:00,7.70,7.90,7.65,7.90,24975,296625,9.64
2020-10-26 15:26:00,7.90,8.45,7.90,8.40,26625,296625,9.62
2020-10-26 15:27:00,8.40,8.80,8.30,8.65,19200,313350,9.62
2020-10-26 15:28:00,8.55,8.85,8.45,8.80,8925,313350,9.61
2020-10-26 15:29:01,8.70,8.75,7.10,7.10,16500,313350,9.61
2020-10-27 09:15:00,9.70,10.15,6.40,9.90,44475,282825,8.76
2020-10-27 09:16:00,10.00,10.45,9.60,10.45,27225,282825,9.19
2020-10-27 09:17:00,10.20,10.75,10.20,10.45,48225,296175,9.71
2020-10-27 09:18:00,10.30,10.45,10.00,10.00,22425,296175,9.79
2020-10-27 09:19:00,10.15,10.15,9.25,9.50,24075,296175,9.75
2020-10-27 09:20:00,9.25,9.85,9.25,9.85,30300,325275,9.70
2020-10-27 09:21:00,9.85,10.25,9.75,10.05,75450,325275,9.77
2020-10-27 09:22:00,10.00,11.25,9.85,11.20,32325,325275,9.87
2020-10-27 09:23:00,11.10,11.85,11.10,11.85,20250,300525,9.97
2020-10-27 09:24:00,12.15,13.05,12.05,12.85,39075,300525,10.22
2020-10-27 09:25:00,12.70,13.65,12.60,13.55,54675,300525,10.59
2020-10-27 09:26:00,13.55,13.95,13.15,13.70,30300,314850,10.79
2020-10-27 09:27:00,13.80,13.85,12.45,13.00,13875,314850,10.86
2020-10-27 09:28:00,12.85,13.35,12.70,13.35,11775,314850,10.91
2020-10-27 09:29:00,13.10,13.25,12.90,13.15,11400,312375,10.96
2020-10-27 09:30:00,13.25,13.85,13.25,13.45,22125,312375,11.07
2020-10-27 09:31:00,13.40,13.60,12.55,12.55,11925,312375,11.12
2020-10-27 09:32:00,12.60,13.00,12.35,12.35,7200,322200,11.14
2020-10-27 09:33:00,12.35,12.65,12.15,12.15,13050,322200,11.17
2020-10-27 09:34:00,12.00,12.30,11.75,12.25,18150,322200,11.20
2020-10-27 09:35:00,12.30,12.40,11.90,12.40,23100,311175,11.23
2020-10-27 09:36:00,12.25,12.40,11.50,11.50,22200,311175,11.25
2020-10-27 09:37:00,11.50,11.50,10.90,11.10,49725,311175,11.25
2020-10-27 09:38:00,10.95,10.95,10.05,10.35,31650,358575,11.21
2020-10-27 09:39:00,10.40,10.40,9.35,9.50,65625,358575,11.08
2020-10-27 09:40:00,9.50,9.50,8.70,8.75,77700,358575,10.88
2020-10-27 09:41:00,8.70,9.05,8.50,8.90,36000,415350,10.79
2020-10-27 09:42:00,8.85,8.85,8.00,8.00,21825,415350,10.73
2020-10-27 09:43:00,8.05,8.05,7.45,7.45,18375,415350,10.67
2020-10-27 09:44:00,7.50,7.95,7.45,7.90,19275,404625,10.61
2020-10-27 09:45:00,7.90,7.90,6.80,7.00,42150,404625,10.46
2020-10-27 09:46:00,7.00,7.35,6.95,7.35,25650,404625,10.37
2020-10-27 09:47:00,7.25,7.30,7.05,7.05,26100,414750,10.29
2020-10-27 09:48:00,7.10,7.15,6.70,6.95,14850,414750,10.24
2020-10-27 09:49:00,6.85,7.45,6.85,7.45,45825,414750,10.11
2020-10-27 09:50:00,7.45,7.50,7.30,7.35,38550,417525,10.02
2020-10-27 09:51:00,7.40,7.40,7.00,7.15,17550,417525,9.98
2020-10-27 09:52:00,7.10,7.10,6.85,7.00,14850,417525,9.94
2020-10-27 09:53:00,7.00,7.10,6.95,6.95,14925,411300,9.90
2020-10-27 09:54:00,7.00,7.10,7.00,7.05,30300,411300,9.83
2020-10-27 09:55:00,7.05,7.15,6.95,7.15,7050,411300,9.81
2020-10-27 09:56:00,7.20,7.35,7.20,7.30,4575,436875,9.80
2020-10-27 09:57:00,7.35,7.70,7.30,7.70,6375,436875,9.79
2020-10-27 09:58:00,7.75,7.80,7.65,7.70,15600,436875,9.76
2020-10-27 09:59:00,7.75,7.75,7.40,7.45,16275,439950,9.73
2020-10-27 10:00:00,7.45,7.60,7.40,7.50,5700,439950,9.72
2020-10-27 10:01:00,7.50,7.75,7.45,7.75,3450,439950,9.72
2020-10-27 10:02:00,7.75,7.75,7.50,7.50,4875,434175,9.71
2020-10-27 10:03:00,7.45,7.65,7.40,7.40,3525,434175,9.70
2020-10-27 10:04:00,7.40,7.50,7.25,7.25,1500,434175,9.70
2020-10-27 10:05:00,7.20,7.65,7.15,7.55,3900,434325,9.69
2020-10-27 10:06:00,7.65,7.85,7.60,7.70,5625,434325,9.68
2020-10-27 10:07:00,7.70,8.00,7.70,8.00,5700,434325,9.68
2020-10-27 10:08:00,8.15,8.15,7.75,7.80,11175,430350,9.66
2020-10-27 10:09:00,7.75,7.75,7.50,7.75,5775,430350,9.65
2020-10-27 10:10:00,7.70,7.80,7.55,7.60,17625,430350,9.62
2020-10-27 10:11:00,7.55,7.70,7.55,7.65,675,438525,9.62
2020-10-27 10:12:00,7.70,7.90,7.70,7.90,1500,438525,9.62
2020-10-27 10:13:00,7.90,7.95,7.70,7.75,2925,438525,9.62
2020-10-27 10:14:00,7.70,7.90,7.70,7.90,3525,434850,9.61
2020-10-27 10:15:00,7.90,8.10,7.90,8.10,12075,434850,9.60
2020-10-27 10:16:00,8.05,8.20,8.05,8.10,9900,434850,9.59
2020-10-27 10:17:00,8.10,8.70,8.10,8.65,21900,429525,9.57
2020-10-27 10:18:00,8.70,8.75,8.50,8.55,3975,429525,9.56
2020-10-27 10:19:00,8.50,8.55,8.25,8.25,10875,429525,9.56
2020-10-27 10:20:00,8.30,8.35,7.80,7.80,13050,433125,9.54
2020-10-27 10:21:00,7.70,7.85,7.65,7.70,1650,433125,9.54
2020-10-27 10:22:00,7.85,7.85,7.80,7.80,9300,433125,9.53
2020-10-27 10:23:00,7.75,7.90,7.75,7.85,5175,435750,9.52
2020-10-27 10:24:00,7.75,8.05,7.75,7.95,10350,435750,9.51
2020-10-27 10:25:00,8.05,8.15,7.90,7.95,12600,435750,9.50
2020-10-27 10:26:00,8.00,8.05,7.90,8.00,3375,434850,9.49
2020-10-27 10:27:00,8.00,8.00,7.70,7.75,2850,434850,9.49
2020-10-27 10:28:00,7.70,7.75,7.55,7.70,12375,434850,9.47
2020-10-27 10:29:00,7.75,7.75,7.40,7.40,6525,441900,9.47
2020-10-27 10:30:00,7.25,7.25,7.10,7.20,10950,441900,9.45
2020-10-27 10:31:00,7.20,7.55,7.20,7.55,2700,441900,9.44
2020-10-27 10:32:00,7.45,7.65,7.45,7.55,5550,445125,9.44
2020-10-27 10:33:00,7.55,7.70,7.50,7.65,10275,445125,9.42
2020-10-27 10:34:00,7.65,7.70,7.65,7.70,5100,445125,9.42
2020-10-27 10:35:00,7.70,7.75,7.70,7.75,1950,451350,9.42
2020-10-27 10:36:00,7.70,7.95,7.65,7.90,3300,451350,9.41
2020-10-27 10:37:00,7.85,7.95,7.80,7.80,2925,451350,9.41
2020-10-27 10:38:00,7.70,7.95,7.70,7.90,6450,452550,9.40
2020-10-27 10:39:00,7.90,7.90,7.75,7.85,14475,452550,9.39
2020-10-27 10:40:00,7.85,7.85,7.45,7.45,4125,452550,9.38
2020-10-27 10:41:00,7.45,7.60,7.45,7.60,1650,456900,9.38
2020-10-27 10:42:00,7.65,7.65,7.50,7.55,1275,456900,9.38
2020-10-27 10:43:00,7.70,7.70,7.60,7.60,4875,456900,9.37
2020-10-27 10:44:00,7.50,7.65,7.50,7.65,900,453150,9.37
2020-10-27 10:45:00,7.55,7.65,7.35,7.50,8700,453150,9.36
2020-10-27 10:46:00,7.55,7.60,7.50,7.55,10125,453150,9.35
2020-10-27 10:47:00,7.55,7.60,7.40,7.45,675,461925,9.35
2020-10-27 10:48:00,7.40,7.40,6.85,7.20,9225,461925,9.34
2020-10-27 10:49:00,7.20,7.20,7.00,7.10,6675,461925,9.33
2020-10-27 10:50:00,7.00,7.05,7.00,7.00,12450,460425,9.31
2020-10-27 10:51:00,7.00,7.20,7.00,7.15,5250,460425,9.30
2020-10-27 10:52:00,7.10,7.15,7.05,7.15,4800,460425,9.29
2020-10-27 10:53:00,7.15,7.15,6.95,7.00,10875,460725,9.28
2020-10-27 10:54:00,6.95,6.95,6.75,6.80,6375,460725,9.27
2020-10-27 10:55:00,6.75,6.85,6.75,6.85,3225,460725,9.26
2020-10-27 10:56:00,6.80,6.85,6.75,6.75,11175,467700,9.25
2020-10-27 10:57:00,6.75,6.80,6.70,6.80,1650,467700,9.24
2020-10-27 10:58:00,6.75,6.85,6.75,6.85,12000,467700,9.23
2020-10-27 10:59:00,6.80,6.90,6.80,6.90,2250,472575,9.22
2020-10-27 11:00:00,6.95,7.00,6.90,6.90,3300,472575,9.22
2020-10-27 11:01:00,6.90,6.95,6.85,6.85,975,472575,9.22
2020-10-27 11:02:00,6.85,6.85,6.65,6.65,4125,474600,9.21
2020-10-27 11:03:00,6.70,6.85,6.70,6.85,1950,474600,9.21
2020-10-27 11:04:00,6.90,6.90,6.90,6.90,450,474600,9.21
2020-10-27 11:05:00,6.90,7.15,6.90,7.15,2325,472800,9.21
2020-10-27 11:06:00,7.15,7.35,7.15,7.35,5025,472800,9.20
2020-10-27 11:07:00,7.40,7.40,7.25,7.35,5775,472800,9.19
2020-10-27 11:08:00,7.25,7.30,7.25,7.30,1500,479550,9.19
2020-10-27 11:09:00,7.25,7.25,7.10,7.15,6600,479550,9.18
2020-10-27 11:10:00,7.10,7.25,7.10,7.15,2025,479550,9.18
2020-10-27 11:11:00,7.20,7.20,7.05,7.20,9150,474300,9.17
2020-10-27 11:12:00,7.20,7.30,7.20,7.30,6300,474300,9.16
2020-10-27 11:13:00,7.30,7.35,7.25,7.25,16275,474300,9.14
2020-10-27 11:14:00,7.30,7.30,7.20,7.20,1800,471075,9.14
2020-10-27 11:15:00,7.30,7.30,7.10,7.20,8250,471075,9.13
2020-10-27 11:16:00,7.20,7.30,7.20,7.20,6675,471075,9.13
2020-10-27 11:17:00,7.25,7.30,7.25,7.30,1125,477075,9.12
2020-10-27 11:18:00,7.20,7.20,7.15,7.15,600,477075,9.12
2020-10-27 11:19:00,7.20,7.20,7.15,7.15,1200,477075,9.12
2020-10-27 11:20:00,7.15,7.20,7.15,7.15,1575,476175,9.12
2020-10-27 11:21:00,7.05,7.05,6.95,6.95,2700,476175,9.12
2020-10-27 11:22:00,6.95,7.05,6.95,7.05,900,476175,9.12
2020-10-27 11:23:00,7.10,7.10,7.10,7.10,225,475500,9.12
2020-10-27 11:24:00,7.05,7.15,7.05,7.15,525,475500,9.11
2020-10-27 11:25:00,7.15,7.25,7.15,7.25,2325,475500,9.11
2020-10-27 11:26:00,7.25,7.45,7.25,7.40,1125,476475,9.11
2020-10-27 11:27:00,7.40,7.90,7.40,7.80,6525,476475,9.11
2020-10-27 11:28:00,7.75,7.85,7.65,7.85,7275,476475,9.10
2020-10-27 11:29:00,7.80,8.00,7.65,7.70,6525,476025,9.10
2020-10-27 11:30:00,7.75,7.95,7.75,7.80,5925,476025,9.09
2020-10-27 11:31:00,7.80,7.80,7.45,7.45,3675,476025,9.09
2020-10-27 11:32:00,7.50,7.60,7.40,7.50,2625,473925,9.09
2020-10-27 11:33:00,7.55,7.55,7.40,7.45,3375,473925,9.08
2020-10-27 11:34:00,7.30,7.45,7.30,7.40,2100,473925,9.08
2020-10-27 11:35:00,7.60,7.60,7.45,7.50,975,470550,9.08
2020-10-27 11:36:00,7.45,7.45,7.40,7.45,750,470550,9.08
2020-10-27 11:37:00,7.45,7.45,7.35,7.35,300,470550,9.08
2020-10-27 11:38:00,7.35,7.40,7.15,7.25,825,470925,9.08
2020-10-27 11:39:00,7.15,7.25,6.90,6.90,6075,470925,9.07
2020-10-27 11:40:00,6.90,6.90,6.30,6.50,17325,470925,9.05
2020-10-27 11:41:00,6.60,6.60,6.45,6.50,18750,481725,9.02
2020-10-27 11:42:00,6.50,6.55,6.45,6.45,8550,481725,9.01
2020-10-27 11:43:00,6.55,6.55,6.00,6.00,11700,481725,8.99
2020-10-27 11:44:00,6.05,6.05,5.85,5.95,12600,476025,8.97
2020-10-27 11:45:00,5.95,5.95,5.75,5.75,10575,476025,8.95
2020-10-27 11:46:00,5.80,5.80,5.50,5.65,10725,476025,8.93
2020-10-27 11:47:00,5.55,5.75,5.55,5.70,12000,476400,8.91
2020-10-27 11:48:00,5.65,5.80,5.65,5.80,9075,476400,8.90
2020-10-27 11:49:00,5.80,5.85,5.75,5.75,9150,476400,8.88
2020-10-27 11:50:00,5.85,5.95,5.75,5.95,13350,480450,8.86
2020-10-27 11:51:00,5.90,6.05,5.90,5.95,600,480450,8.86
2020-10-27 11:52:00,6.05,6.05,5.95,5.95,675,480450,8.86
2020-10-27 11:53:00,5.95,6.00,5.80,5.80,2850,480525,8.86
2020-10-27 11:54:00,5.95,5.95,5.75,5.75,2550,480525,8.85
2020-10-27 11:55:00,5.70,5.90,5.70,5.90,4425,480525,8.84
2020-10-27 11:56:00,5.90,5.95,5.80,5.95,1050,476400,8.84
2020-10-27 11:57:00,5.85,5.85,5.65,5.80,10200,476400,8.83
2020-10-27 11:58:00,5.75,5.80,5.65,5.80,7350,476400,8.82
2020-10-27 11:59:00,5.80,5.95,5.80,5.95,2625,482550,8.81
2020-10-27 12:00:00,6.10,6.25,6.05,6.25,5325,482550,8.80
2020-10-27 12:01:00,6.25,6.35,6.20,6.30,2850,482550,8.80
2020-10-27 12:02:00,6.30,6.30,6.15,6.25,5025,485475,8.79
2020-10-27 12:03:00,6.15,6.30,6.15,6.20,5100,485475,8.79
2020-10-27 12:04:00,6.30,6.30,6.30,6.30,2100,485475,8.78
2020-10-27 12:05:00,6.35,6.40,6.20,6.20,2700,485475,8.78
2020-10-27 12:06:00,6.30,6.30,6.05,6.10,5850,483600,8.77
2020-10-27 12:07:00,6.10,6.10,6.00,6.10,1275,483600,8.77
2020-10-27 12:08:00,6.00,6.10,5.85,5.85,4125,485775,8.77
2020-10-27 12:09:00,5.90,6.00,5.85,5.85,825,485775,8.76
2020-10-27 12:10:00,5.85,5.85,5.80,5.85,1050,485775,8.76
2020-10-27 12:11:00,5.90,5.90,5.80,5.80,2475,484800,8.76
2020-10-27 12:12:00,5.80,5.80,5.75,5.75,2400,484800,8.76
2020-10-27 12:13:00,5.65,5.70,5.55,5.55,300,484800,8.76
2020-10-27 12:14:00,5.55,5.70,5.55,5.70,2700,485250,8.75
2020-10-27 12:15:00,5.70,5.80,5.70,5.70,2625,485250,8.75
2020-10-27 12:16:00,5.80,5.80,5.65,5.80,3450,485250,8.74
2020-10-27 12:17:00,5.80,5.90,5.80,5.90,3450,484425,8.74
2020-10-27 12:18:00,5.80,5.80,5.80,5.80,1275,484425,8.73
2020-10-27 12:19:00,5.80,5.85,5.70,5.80,1875,484425,8.73
2020-10-27 12:20:00,5.80,6.05,5.80,6.05,4350,484425,8.73
2020-10-27 12:21:00,5.95,5.95,5.80,5.85,1425,490275,8.72
2020-10-27 12:22:00,5.80,5.85,5.80,5.80,675,490275,8.72
2020-10-27 12:23:00,5.75,5.75,5.75,5.75,150,490275,8.72
2020-10-27 12:24:00,5.80,5.80,5.80,5.80,1800,489750,8.72
2020-10-27 12:25:00,5.90,5.90,5.85,5.90,1275,489750,8.72
2020-10-27 12:26:00,5.90,6.00,5.90,6.00,750,489750,8.72
2020-10-27 12:27:00,5.95,6.15,5.95,6.15,600,489600,8.72
2020-10-27 12:28:00,6.30,6.30,6.10,6.15,15750,489600,8.70
2020-10-27 12:29:00,6.00,6.25,6.00,6.20,3600,486150,8.69
2020-10-27 12:30:00,6.25,6.40,6.15,6.40,12600,486150,8.68
2020-10-27 12:31:00,6.30,6.40,6.25,6.40,2325,486150,8.68
2020-10-27 12:32:00,6.55,6.75,6.40,6.65,15975,486150,8.66
2020-10-27 12:33:00,6.55,6.55,6.05,6.05,10125,476475,8.65
2020-10-27 12:34:00,6.10,6.25,6.00,6.25,29250,476475,8.61
2020-10-27 12:35:00,6.20,6.30,6.15,6.30,2925,476475,8.61
2020-10-27 12:36:00,6.25,6.50,6.25,6.40,7800,467400,8.60
2020-10-27 12:38:00,6.50,6.70,6.50,6.70,1275,467475,8.60
2020-10-27 12:39:00,6.60,6.60,6.40,6.40,3150,467475,8.60
2020-10-27 12:41:00,6.55,6.60,6.50,6.50,1875,467475,8.60
2020-10-27 12:42:00,6.50,6.50,6.40,6.40,1125,466950,8.60
2020-10-27 12:43:00,6.35,6.45,6.30,6.35,1575,466950,8.59
2020-10-27 12:44:00,6.40,6.40,6.35,6.35,1125,446700,8.59
2020-10-27 12:45:00,6.25,6.35,6.25,6.35,4425,446700,8.59
2020-10-27 12:46:00,6.25,6.35,6.25,6.25,900,446700,8.59
2020-10-27 12:47:00,6.25,6.25,6.20,6.25,2025,446700,8.58
2020-10-27 12:48:00,6.20,6.25,6.15,6.20,2550,442650,8.58
2020-10-27 12:49:00,6.20,6.25,6.15,6.20,450,442650,8.58
2020-10-27 12:50:00,6.20,6.20,6.00,6.10,3075,442650,8.58
2020-10-27 12:51:00,6.05,6.15,6.05,6.10,1350,440925,8.58
2020-10-27 12:52:00,6.10,6.15,6.10,6.15,825,440925,8.58
2020-10-27 12:53:00,6.20,6.20,6.10,6.10,1800,440925,8.57
2020-10-27 12:54:00,6.10,6.15,6.00,6.10,2625,440850,8.57
2020-10-27 12:55:00,6.00,6.15,6.00,6.10,4050,440850,8.57
2020-10-27 12:56:00,6.05,6.05,5.90,5.90,5025,440850,8.56
2020-10-27 12:57:00,5.90,6.05,5.90,6.05,3450,443400,8.56
2020-10-27 12:58:00,6.05,6.30,6.05,6.30,2025,443400,8.55
2020-10-27 12:59:00,6.25,6.50,6.25,6.50,12150,443400,8.54
2020-10-27 13:00:00,6.40,6.40,6.35,6.35,1875,441600,8.54
2020-10-27 13:01:00,6.45,6.90,6.45,6.65,17250,441600,8.52
2020-10-27 13:02:00,6.65,7.15,6.65,7.00,3600,441600,8.52
2020-10-27 13:03:00,6.90,6.90,6.70,6.70,2100,434700,8.52
2020-10-27 13:04:00,6.65,6.85,6.65,6.80,2250,434700,8.52
2020-10-27 13:05:00,6.85,6.85,6.25,6.45,15000,434700,8.50
2020-10-27 13:06:00,6.45,6.45,6.05,6.05,2475,439125,8.50
2020-10-27 13:07:00,6.00,6.00,5.90,5.95,9600,439125,8.49
2020-10-27 13:08:00,6.00,6.05,5.75,5.95,10350,439125,8.48
2020-10-27 13:09:00,5.85,5.85,5.65,5.65,8400,439500,8.47
2020-10-27 13:10:00,5.60,5.65,5.00,5.20,31350,439500,8.42
2020-10-27 13:11:00,5.25,5.30,5.15,5.30,7575,439500,8.41
2020-10-27 13:12:00,5.25,5.25,5.20,5.25,2700,436050,8.41
2020-10-27 13:13:00,5.25,5.50,5.25,5.50,14475,436050,8.39
2020-10-27 13:14:00,5.35,5.45,5.35,5.45,6150,436050,8.38
2020-10-27 13:15:00,5.45,5.45,5.25,5.35,11775,427575,8.37
2020-10-27 13:16:00,5.30,5.35,5.30,5.35,375,427575,8.37
2020-10-27 13:17:00,5.25,5.35,5.25,5.35,4350,427575,8.36
2020-10-27 13:18:00,5.50,5.50,5.35,5.40,11025,423300,8.35
2020-10-27 13:19:00,5.50,5.60,5.50,5.60,2775,423300,8.34
2020-10-27 13:20:00,5.55,5.75,5.55,5.75,2625,423300,8.34
2020-10-27 13:21:00,5.65,5.75,5.65,5.75,900,418950,8.34
2020-10-27 13:22:00,5.70,5.70,5.65,5.70,2325,418950,8.34
2020-10-27 13:23:00,5.65,5.65,5.65,5.65,750,418950,8.34
2020-10-27 13:24:00,5.65,5.75,5.65,5.65,1200,418500,8.33
2020-10-27 13:26:00,5.65,5.75,5.60,5.75,7350,418500,8.33
2020-10-27 13:27:00,5.65,5.65,5.55,5.55,825,421050,8.32
2020-10-27 13:28:00,5.40,5.40,5.35,5.35,1800,421050,8.32
2020-10-27 13:29:00,5.20,5.25,5.10,5.15,1725,421050,8.32
2020-10-27 13:30:00,5.25,5.60,5.15,5.55,6000,422400,8.31
2020-10-27 13:31:00,5.80,5.80,5.60,5.75,3750,422400,8.31
2020-10-27 13:32:00,5.70,5.70,5.65,5.65,1125,422400,8.31
2020-10-27 13:33:00,5.60,5.60,5.55,5.55,1050,424050,8.31
2020-10-27 13:34:00,5.55,5.65,5.55,5.60,2925,424050,8.30
2020-10-27 13:35:00,5.60,5.60,5.60,5.60,150,424050,8.30
2020-10-27 13:36:00,5.55,5.65,5.50,5.50,3225,425550,8.30
2020-10-27 13:37:00,5.50,5.50,5.40,5.40,1125,425550,8.30
2020-10-27 13:38:00,5.30,5.45,5.30,5.40,1350,425550,8.30
2020-10-27 13:39:00,5.55,5.55,5.55,5.55,75,426675,8.30
2020-10-27 13:40:00,5.60,5.65,5.60,5.65,225,426675,8.30
2020-10-27 13:41:00,5.70,5.75,5.65,5.75,975,426675,8.29
2020-10-27 13:42:00,5.75,5.85,5.70,5.75,900,427725,8.29
2020-10-27 13:43:00,5.75,5.90,5.70,5.90,3525,427725,8.29
2020-10-27 13:44:00,5.90,5.90,5.80,5.85,1500,427725,8.29
2020-10-27 13:45:00,5.85,5.90,5.65,5.65,1575,424650,8.29
2020-10-27 13:46:00,5.65,5.65,5.50,5.60,3750,424650,8.28
2020-10-27 13:47:00,5.55,5.55,5.55,5.55,525,424650,8.28
2020-10-27 13:48:00,5.50,5.65,5.50,5.65,1050,425475,8.28
2020-10-27 13:49:00,5.50,5.55,5.50,5.55,300,425475,8.28
2020-10-27 13:50:00,5.55,5.55,5.55,5.55,600,425475,8.28
2020-10-27 13:51:00,5.60,5.65,5.60,5.60,1725,425625,8.28
2020-10-27 13:52:00,5.60,5.75,5.60,5.60,5850,425625,8.27
2020-10-27 13:53:00,5.60,5.65,5.55,5.55,1125,425625,8.27
2020-10-27 13:54:00,5.60,5.60,5.50,5.60,1950,422625,8.27
2020-10-27 13:55:00,5.60,5.65,5.55,5.65,2250,422625,8.27
2020-10-27 13:56:00,5.65,5.70,5.60,5.60,1950,422625,8.26
2020-10-27 13:57:00,5.65,5.75,5.60,5.75,2325,421575,8.26
2020-10-27 13:58:00,5.70,5.75,5.65,5.75,3825,421575,8.26
2020-10-27 13:59:00,5.60,5.70,5.60,5.65,1725,421575,8.25
2020-10-27 14:00:00,5.55,5.55,5.30,5.40,4350,422400,8.25
2020-10-27 14:01:00,5.35,5.40,5.20,5.20,1950,422400,8.25
2020-10-27 14:02:00,5.35,5.45,5.25,5.35,1650,422400,8.25
2020-10-27 14:03:00,5.40,5.40,5.30,5.30,975,421200,8.24
2020-10-27 14:04:00,5.20,5.40,5.20,5.40,450,421200,8.24
2020-10-27 14:05:00,5.45,5.45,5.35,5.35,750,421200,8.24
2020-10-27 14:06:00,5.35,5.35,5.30,5.30,225,422550,8.24
2020-10-27 14:07:00,5.30,5.30,5.30,5.30,225,422550,8.24
2020-10-27 14:08:00,5.30,5.30,5.25,5.25,675,422550,8.24
2020-10-27 14:09:00,5.25,5.30,5.25,5.25,1500,423300,8.24
2020-10-27 14:10:00,5.30,5.30,5.20,5.30,3600,423300,8.24
2020-10-27 14:11:00,5.25,5.30,5.10,5.10,3675,423300,8.23
2020-10-27 14:12:00,5.20,5.30,5.15,5.25,825,423750,8.23
2020-10-27 14:13:00,5.10,5.25,5.05,5.05,1350,423750,8.23
2020-10-27 14:14:00,5.15,5.15,5.05,5.05,375,423750,8.23
2020-10-27 14:15:00,5.05,5.10,5.00,5.10,1875,424125,8.22
2020-10-27 14:16:00,5.10,5.10,5.00,5.05,3225,424125,8.22
2020-10-27 14:17:00,5.00,5.00,4.65,4.85,12000,424125,8.20
2020-10-27 14:18:00,4.90,4.95,4.85,4.85,9000,428550,8.19
2020-10-27 14:19:00,4.65,4.85,4.65,4.65,12900,428550,8.17
2020-10-27 14:20:00,4.65,4.80,4.65,4.70,11925,428550,8.16
2020-10-27 14:21:00,4.60,4.75,4.55,4.60,5775,414900,8.15
2020-10-27 14:22:00,4.65,4.65,4.55,4.60,20175,414900,8.12
2020-10-27 14:23:00,4.55,4.65,4.45,4.55,23475,414900,8.09
2020-10-27 14:24:00,4.50,4.65,4.50,4.55,22275,390750,8.06
2020-10-27 14:25:00,4.60,4.60,4.50,4.50,11025,390750,8.04
2020-10-27 14:26:00,4.55,4.65,4.55,4.60,4275,390750,8.04
2020-10-27 14:27:00,4.60,4.70,4.60,4.65,10500,367725,8.02
2020-10-27 14:28:00,4.70,4.70,4.60,4.70,6750,367725,8.01
2020-10-27 14:29:00,4.70,4.75,4.60,4.60,3975,367725,8.01
2020-10-27 14:30:00,4.65,4.65,4.50,4.55,14850,359625,7.99
2020-10-27 14:31:00,4.50,4.50,4.35,4.45,12600,359625,7.97
2020-10-27 14:32:00,4.45,4.45,4.25,4.25,6375,359625,7.96
2020-10-27 14:33:00,4.25,4.35,4.25,4.25,5025,357825,7.96
2020-10-27 14:34:00,4.30,4.35,4.25,4.35,8475,357825,7.94
2020-10-27 14:35:00,4.30,4.45,4.30,4.45,2850,357825,7.94
2020-10-27 14:36:00,4.45,4.45,4.35,4.35,3525,345600,7.94
2020-10-27 14:37:00,4.40,4.45,4.40,4.40,1950,345600,7.93
2020-10-27 14:38:00,4.35,4.35,4.35,4.35,1500,345600,7.93
2020-10-27 14:39:00,4.40,4.40,4.30,4.40,1800,345225,7.93
2020-10-27 14:40:00,4.35,4.40,4.30,4.35,4200,345225,7.92
2020-10-27 14:41:00,4.35,4.35,4.25,4.25,5625,345225,7.92
2020-10-27 14:42:00,4.25,4.35,4.25,4.35,5025,344475,7.91
2020-10-27 14:43:00,4.35,4.40,4.35,4.40,750,344475,7.91
2020-10-27 14:44:00,4.45,4.50,4.40,4.40,5625,344475,7.90
2020-10-27 14:45:00,4.40,4.45,4.35,4.45,11325,345300,7.89
2020-10-27 14:46:00,4.40,4.40,4.25,4.35,3525,345300,7.88
2020-10-27 14:47:00,4.30,4.35,4.30,4.35,525,345300,7.88
2020-10-27 14:48:00,4.25,4.35,4.25,4.30,1350,350400,7.88
2020-10-27 14:49:00,4.15,4.25,4.15,4.15,6450,350400,7.87
2020-10-27 14:50:00,4.15,4.25,4.15,4.15,1200,350400,7.87
2020-10-27 14:51:00,4.20,4.20,4.10,4.15,2700,346875,7.86
2020-10-27 14:52:00,4.15,4.20,4.15,4.15,6000,346875,7.86
2020-10-27 14:53:00,4.20,4.20,4.15,4.15,3525,346875,7.85
2020-10-27 14:54:00,4.15,4.15,4.05,4.15,3450,337050,7.85
2020-10-27 14:55:00,4.10,4.15,4.10,4.15,525,337050,7.85
2020-10-27 14:56:00,4.10,4.10,3.75,3.75,13950,337050,7.83
2020-10-27 14:57:00,3.75,3.90,3.75,3.80,3075,333225,7.82
2020-10-27 14:58:00,3.85,3.95,3.85,3.95,5025,333225,7.81
2020-10-27 14:59:00,3.95,4.00,3.95,3.95,4875,333225,7.81
2020-10-27 15:00:00,3.85,4.00,3.85,3.90,5625,338250,7.80
2020-10-27 15:01:00,3.65,4.05,3.65,4.05,11250,338250,7.78
2020-10-27 15:02:00,4.05,4.10,4.00,4.05,9000,338250,7.77
2020-10-27 15:03:00,4.10,4.15,4.10,4.15,6225,343275,7.76
2020-10-27 15:04:00,4.15,4.20,4.10,4.10,8850,343275,7.75
2020-10-27 15:05:00,4.10,4.20,4.05,4.10,58650,343275,7.68
2020-10-27 15:06:00,4.15,4.15,4.10,4.15,8325,402300,7.67
2020-10-27 15:07:00,4.15,4.15,4.05,4.15,4350,402300,7.66
2020-10-27 15:08:00,4.15,4.15,4.10,4.15,2025,402300,7.66
2020-10-27 15:09:00,4.05,4.05,3.95,4.00,2400,404700,7.66
2020-10-27 15:10:00,3.90,3.95,3.85,3.85,6975,404700,7.65
2020-10-27 15:11:00,3.80,4.05,3.80,4.00,11850,404700,7.63
2020-10-27 15:12:00,4.05,4.05,3.95,3.95,2925,407475,7.63
2020-10-27 15:13:00,3.95,4.00,3.95,4.00,4350,407475,7.62
2020-10-27 15:14:00,4.00,4.10,4.00,4.10,1950,407475,7.62
2020-10-27 15:15:00,4.10,4.10,4.00,4.10,4200,412050,7.61
2020-10-27 15:16:00,4.10,4.10,4.05,4.05,3525,412050,7.61
2020-10-27 15:17:00,4.10,4.20,4.10,4.10,13425,412050,7.59
2020-10-27 15:18:00,4.10,4.15,4.10,4.15,3750,418800,7.59
2020-10-27 15:19:00,4.05,4.10,4.05,4.10,1800,418800,7.59
2020-10-27 15:20:00,4.20,4.30,4.10,4.25,10275,418800,7.58
2020-10-27 15:21:00,4.20,4.30,4.15,4.15,3900,415050,7.57
2020-10-27 15:22:00,4.05,4.10,3.90,3.90,4500,415050,7.57
2020-10-27 15:23:00,4.00,4.05,4.00,4.05,15900,415050,7.55
2020-10-27 15:24:00,4.05,4.10,4.05,4.10,3750,408000,7.54
2020-10-27 15:25:00,4.15,4.20,4.10,4.15,4350,408000,7.54
2020-10-27 15:26:00,4.15,4.20,3.90,4.15,12825,408000,7.52
2020-10-27 15:27:00,4.15,4.30,4.10,4.25,8175,403800,7.51
2020-10-27 15:28:00,4.30,4.35,4.20,4.30,7425,403800,7.50
2020-10-27 15:29:01,4.30,4.30,4.15,4.20,6000,403800,7.50
2020-10-28 09:15:00,4.00,4.55,3.00,3.60,26025,394125,3.55
2020-10-28 09:16:00,3.60,3.65,3.30,3.65,26100,394125,3.52
2020-10-28 09:17:00,3.65,3.65,3.50,3.50,6375,403725,3.52
2020-10-28 09:18:00,3.60,3.60,3.45,3.50,9825,403725,3.52
2020-10-28 09:19:00,3.50,3.60,3.40,3.55,14700,403725,3.52
2020-10-28 09:20:00,3.45,3.55,3.45,3.50,7500,415125,3.51
2020-10-28 09:21:00,3.55,3.70,3.55,3.65,5175,415125,3.52
2020-10-28 09:22:00,3.60,3.60,3.45,3.45,4050,415125,3.52
2020-10-28 09:23:00,3.40,3.40,3.25,3.25,9975,412275,3.51
2020-10-28 09:24:00,3.30,3.35,3.25,3.30,6375,412275,3.49
2020-10-28 09:25:00,3.25,3.25,3.05,3.10,18300,412275,3.45
2020-10-28 09:26:00,3.05,3.10,2.95,2.95,26925,402000,3.38
2020-10-28 09:27:00,3.00,3.00,2.90,3.00,15375,402000,3.34
2020-10-28 09:28:00,3.00,3.00,2.90,2.95,2625,402000,3.34
2020-10-28 09:29:00,2.90,2.95,2.80,2.95,4500,391575,3.33
2020-10-28 09:30:00,2.90,2.95,2.80,2.80,8475,391575,3.31
2020-10-28 09:31:00,2.75,2.80,2.70,2.80,5175,391575,3.29
2020-10-28 09:32:00,2.80,2.80,2.55,2.60,6525,388275,3.27
2020-10-28 09:33:00,2.55,2.60,2.50,2.60,5025,388275,3.26
2020-10-28 09:34:00,2.60,2.75,2.60,2.75,5700,388275,3.24
2020-10-28 09:35:00,2.75,2.80,2.75,2.80,9000,388200,3.22
2020-10-28 09:36:00,2.90,2.95,2.80,2.90,8250,388200,3.21
2020-10-28 09:37:00,2.95,2.95,2.90,2.90,1575,388200,3.21
2020-10-28 09:38:00,2.85,3.00,2.85,3.00,1275,377550,3.21
2020-10-28 09:39:00,3.00,3.00,2.90,3.00,6300,377550,3.20
2020-10-28 09:40:00,2.95,3.05,2.95,3.00,2700,377550,3.20
2020-10-28 09:41:00,2.95,3.00,2.95,3.00,1125,378300,3.20
2020-10-28 09:42:00,2.90,2.95,2.90,2.95,150,378300,3.20
2020-10-28 09:43:00,3.00,3.00,3.00,3.00,1350,378300,3.20
2020-10-28 09:44:00,3.00,3.15,3.00,3.10,2325,378825,3.19
2020-10-28 09:45:00,3.05,3.05,2.95,2.95,3825,378825,3.19
2020-10-28 09:46:00,3.00,3.00,2.80,2.90,2325,378825,3.19
2020-10-28 09:47:00,2.90,2.90,2.85,2.85,1350,377700,3.19
2020-10-28 09:48:00,2.95,2.95,2.95,2.95,1875,377700,3.19
2020-10-28 09:49:00,2.95,2.95,2.95,2.95,75,377700,3.19
2020-10-28 09:50:00,2.95,3.00,2.90,2.90,3450,378525,3.18
2020-10-28 09:51:00,2.90,3.05,2.90,2.95,2550,378525,3.18
2020-10-28 09:52:00,3.00,3.05,3.00,3.05,825,378525,3.18
2020-10-28 09:53:00,3.10,3.15,3.05,3.05,975,379950,3.18
2020-10-28 09:54:00,3.05,3.05,3.05,3.05,525,379950,3.18
2020-10-28 09:55:00,3.05,3.15,3.00,3.15,2625,379950,3.18
2020-10-28 09:56:00,3.20,3.45,3.20,3.40,7425,381075,3.18
2020-10-28 09:57:00,3.45,3.60,3.40,3.60,4725,381075,3.18
2020-10-28 09:58:00,3.70,3.75,3.70,3.70,2475,381075,3.19
2020-10-28 09:59:00,3.75,3.85,3.65,3.65,15825,372600,3.22
2020-10-28 10:00:00,3.70,3.80,3.65,3.80,4125,372600,3.23
2020-10-28 10:01:00,3.80,3.85,3.75,3.80,6375,372600,3.24
2020-10-28 10:02:00,3.80,3.80,3.70,3.70,8775,378975,3.25
2020-10-28 10:03:00,3.80,4.10,3.80,4.05,5700,378975,3.27
2020-10-28 10:04:00,4.05,4.30,4.05,4.25,13425,378975,3.31
2020-10-28 10:05:00,4.25,4.25,3.95,3.95,2550,381750,3.31
2020-10-28 10:06:00,3.90,3.90,3.65,3.70,11100,381750,3.33
2020-10-28 10:07:00,3.70,3.70,3.45,3.50,1200,381750,3.33
2020-10-28 10:08:00,3.55,3.70,3.50,3.70,2850,380325,3.33
2020-10-28 10:09:00,3.70,3.80,3.70,3.75,3825,380325,3.34
2020-10-28 10:10:00,3.80,3.90,3.75,3.75,4425,380325,3.34
2020-10-28 10:11:00,3.85,3.85,3.75,3.75,7875,384600,3.35
2020-10-28 10:12:00,3.80,3.85,3.65,3.65,25200,384600,3.38
2020-10-28 10:13:00,3.45,3.45,3.40,3.45,2025,384600,3.38
2020-10-28 10:14:00,3.40,3.40,3.30,3.30,600,393675,3.38
2020-10-28 10:15:00,3.25,3.25,3.15,3.15,900,393675,3.38
2020-10-28 10:16:00,3.20,3.20,3.20,3.20,75,393675,3.38
2020-10-28 10:18:00,3.20,3.45,3.20,3.45,1050,393300,3.38
2020-10-28 10:19:00,3.45,3.45,3.25,3.40,4800,393300,3.38
2020-10-28 10:20:00,3.45,3.55,3.45,3.55,17400,388800,3.38
2020-10-28 10:21:00,3.55,3.60,3.55,3.60,600,388800,3.38
2020-10-28 10:22:00,3.60,3.65,3.60,3.60,1500,388800,3.38
2020-10-28 10:23:00,3.60,3.60,3.55,3.60,1725,397500,3.39
2020-10-28 10:24:00,3.50,3.50,3.50,3.50,450,397500,3.39
2020-10-28 10:25:00,3.50,3.50,3.50,3.50,750,397500,3.39
2020-10-28 10:26:00,3.50,3.50,3.45,3.45,2025,397950,3.39
2020-10-28 10:27:00,3.45,3.45,3.35,3.40,1350,397950,3.39
2020-10-28 10:28:00,3.45,3.55,3.40,3.40,3750,397950,3.39
2020-10-28 10:29:00,3.40,3.40,3.40,3.40,1050,389550,3.39
2020-10-28 10:30:00,3.30,3.30,3.25,3.25,825,389550,3.39
2020-10-28 10:31:00,3.30,3.30,3.25,3.30,2025,389550,3.39
2020-10-28 10:32:00,3.30,3.35,3.30,3.30,750,389550,3.39
2020-10-28 10:33:00,3.40,3.40,3.40,3.40,2625,388800,3.39
2020-10-28 10:34:00,3.25,3.25,3.25,3.25,975,388800,3.39
2020-10-28 10:35:00,3.30,3.30,3.25,3.30,2775,389625,3.38
2020-10-28 10:36:00,3.30,3.90,3.25,3.65,9375,389625,3.39
2020-10-28 10:37:00,3.70,3.80,3.55,3.75,11100,389625,3.39
2020-10-28 10:38:00,3.80,3.80,3.45,3.45,4725,387825,3.39
2020-10-28 10:39:00,3.50,3.60,3.40,3.45,12900,387825,3.40
2020-10-28 10:40:00,3.55,3.60,3.50,3.60,2400,387825,3.40
2020-10-28 10:41:00,3.65,3.90,3.65,3.80,1275,393225,3.40
2020-10-28 10:42:00,3.70,3.80,3.65,3.70,2925,393225,3.40
2020-10-28 10:43:00,3.65,3.80,3.60,3.70,4875,393225,3.41
2020-10-28 10:44:00,3.65,3.80,3.65,3.80,1575,396375,3.41
2020-10-28 10:45:00,3.90,3.90,3.75,3.85,4575,396375,3.41
2020-10-28 10:46:00,3.85,3.85,3.50,3.50,6975,396375,3.41
2020-10-28 10:47:00,3.60,3.60,3.35,3.40,4575,395550,3.41
2020-10-28 10:48:00,3.40,3.40,3.20,3.40,4950,395550,3.41
2020-10-28 10:49:00,3.30,3.35,3.20,3.30,2250,395550,3.41
2020-10-28 10:50:00,3.30,3.35,3.20,3.30,6975,400350,3.41
2020-10-28 10:51:00,3.25,3.25,3.15,3.20,825,400350,3.41
2020-10-28 10:52:00,3.20,3.20,3.10,3.10,1950,400350,3.41
2020-10-28 10:53:00,3.05,3.10,3.00,3.00,2400,400125,3.41
2020-10-28 10:54:00,3.00,3.00,3.00,3.00,2400,400125,3.41
2020-10-28 10:55:00,3.05,3.05,2.85,2.85,3150,400125,3.40
2020-10-28 10:56:00,2.85,3.00,2.85,3.00,900,400425,3.40
2020-10-28 10:57:00,2.95,2.95,2.90,2.90,600,400425,3.40
2020-10-28 10:58:00,3.00,3.00,2.95,3.00,975,400425,3.40
2020-10-28 10:59:00,3.00,3.10,3.00,3.10,5550,400575,3.40
2020-10-28 11:00:00,3.15,3.15,2.85,2.85,2250,400575,3.40
2020-10-28 11:01:00,2.85,2.85,2.75,2.75,2250,400575,3.39
2020-10-28 11:02:00,2.80,2.85,2.75,2.75,1500,404250,3.39
2020-10-28 11:03:00,2.75,2.75,2.65,2.65,9225,404250,3.38
2020-10-28 11:04:00,2.65,2.70,2.65,2.70,23400,404250,3.35
2020-10-28 11:05:00,2.65,2.70,2.65,2.70,5775,400500,3.34
2020-10-28 11:06:00,2.70,2.70,2.60,2.70,3075,400500,3.34
2020-10-28 11:07:00,2.65,2.65,2.60,2.60,450,400500,3.34
2020-10-28 11:08:00,2.55,2.65,2.55,2.65,7650,393825,3.33
2020-10-28 11:09:00,2.65,2.70,2.65,2.65,7425,393825,3.32
2020-10-28 11:10:00,2.65,2.70,2.65,2.65,6600,393825,3.32
2020-10-28 11:11:00,2.70,2.70,2.70,2.70,4950,395250,3.31
2020-10-28 11:12:00,2.70,2.70,2.70,2.70,1575,395250,3.31
2020-10-28 11:13:00,2.80,2.80,2.75,2.75,1350,395250,3.31
2020-10-28 11:14:00,2.80,2.85,2.80,2.80,3150,394875,3.31
2020-10-28 11:15:00,2.80,2.80,2.70,2.70,5475,394875,3.30
2020-10-28 11:16:00,2.65,2.65,2.60,2.65,3975,394875,3.30
2020-10-28 11:17:00,2.70,2.70,2.65,2.65,600,395250,3.30
2020-10-28 11:18:00,2.70,2.70,2.60,2.60,1575,395250,3.29
2020-10-28 11:19:00,2.60,2.70,2.60,2.65,2175,395250,3.29
2020-10-28 11:20:00,2.65,2.65,2.65,2.65,600,395250,3.29
2020-10-28 11:21:00,2.70,2.70,2.65,2.65,375,398400,3.29
2020-10-28 11:22:00,2.65,2.65,2.55,2.55,11100,398400,3.28
2020-10-28 11:23:00,2.55,2.60,2.55,2.60,5775,399075,3.27
2020-10-28 11:24:00,2.55,2.60,2.35,2.50,20925,399075,3.25
2020-10-28 11:25:00,2.50,2.50,2.35,2.35,5400,399075,3.24
2020-10-28 11:26:00,2.40,2.45,2.35,2.40,10875,404775,3.23
2020-10-28 11:27:00,2.40,2.45,2.40,2.45,4275,404775,3.22
2020-10-28 11:28:00,2.45,2.50,2.35,2.40,7050,404775,3.22
2020-10-28 11:29:00,2.35,2.35,2.20,2.20,4200,401025,3.21
2020-10-28 11:30:00,2.20,2.20,2.05,2.10,13950,401025,3.19
2020-10-28 11:31:00,2.15,2.15,2.00,2.10,9750,401025,3.18
2020-10-28 11:32:00,2.15,2.15,2.15,2.15,2550,397500,3.17
2020-10-28 11:33:00,2.10,2.10,2.10,2.10,1500,397500,3.17
2020-10-28 11:34:00,2.10,2.10,2.05,2.10,3900,397500,3.16
2020-10-28 11:35:00,2.05,2.15,2.05,2.05,8400,378150,3.15
2020-10-28 11:36:00,2.05,2.05,2.00,2.00,3225,378150,3.15
2020-10-28 11:37:00,2.00,2.00,1.95,1.95,3750,378150,3.14
2020-10-28 11:38:00,2.00,2.05,2.00,2.05,1425,378750,3.14
2020-10-28 11:39:00,2.00,2.05,2.00,2.05,1050,378750,3.14
2020-10-28 11:40:00,2.00,2.10,2.00,2.05,7875,378750,3.13
2020-10-28 11:41:00,2.10,2.15,2.00,2.15,10050,378300,3.11
2020-10-28 11:42:00,2.10,2.15,2.10,2.15,4650,378300,3.11
2020-10-28 11:43:00,2.15,2.15,2.10,2.15,2700,378300,3.10
2020-10-28 11:44:00,2.15,2.20,2.15,2.20,900,378300,3.10
2020-10-28 11:45:00,2.20,2.25,2.20,2.25,3825,378525,3.10
2020-10-28 11:46:00,2.30,2.35,2.25,2.25,7875,378525,3.09
2020-10-28 11:47:00,2.25,2.25,2.20,2.20,1725,378525,3.09
2020-10-28 11:48:00,2.20,2.30,2.20,2.25,7800,373050,3.08
2020-10-28 11:49:00,2.25,2.25,2.15,2.20,5325,373050,3.07
2020-10-28 11:50:00,2.20,2.25,2.20,2.20,14325,373050,3.06
2020-10-28 11:51:00,2.15,2.20,2.15,2.20,5550,370500,3.05
2020-10-28 11:52:00,2.15,2.20,2.15,2.20,8475,370500,3.04
2020-10-28 11:53:00,2.20,2.25,2.15,2.25,3075,370275,3.04
2020-10-28 11:54:00,2.20,2.20,2.20,2.20,75,370275,3.04
2020-10-28 11:55:00,2.25,2.25,2.20,2.25,2550,370275,3.04
2020-10-28 11:56:00,2.30,2.30,2.25,2.25,1575,373425,3.04
2020-10-28 11:57:00,2.20,2.25,2.20,2.25,1650,373425,3.04
2020-10-28 11:58:00,2.25,2.25,2.20,2.20,2700,373425,3.03
2020-10-28 11:59:00,2.20,2.25,2.20,2.20,9225,373425,3.02
2020-10-28 12:00:00,2.20,2.20,2.15,2.15,2175,371475,3.02
2020-10-28 12:01:00,2.15,2.15,2.15,2.15,150,371475,3.02
2020-10-28 12:02:00,2.15,2.15,2.10,2.15,1650,371475,3.02
2020-10-28 12:03:00,2.20,2.20,2.20,2.20,300,370350,3.02
2020-10-28 12:04:00,2.15,2.15,2.15,2.15,300,370350,3.02
2020-10-28 12:05:00,2.20,2.20,2.15,2.15,6750,370350,3.01
2020-10-28 12:06:00,2.20,2.20,2.20,2.20,525,370425,3.01
2020-10-28 12:07:00,2.20,2.20,2.20,2.20,825,370425,3.01
2020-10-28 12:08:00,2.20,2.20,2.15,2.20,1575,369225,3.01
2020-10-28 12:09:00,2.20,2.25,2.15,2.25,4050,369225,3.01
2020-10-28 12:10:00,2.25,2.25,2.25,2.25,8700,369225,3.00
2020-10-28 12:12:00,2.25,2.25,2.25,2.25,1875,375300,3.00
2020-10-28 12:14:00,2.30,2.30,2.30,2.30,75,374025,3.00
2020-10-28 12:15:00,2.30,2.30,2.30,2.30,3000,374025,3.00
2020-10-28 12:16:00,2.35,2.35,2.30,2.30,525,374025,2.99
2020-10-28 12:17:00,2.30,2.30,2.25,2.25,300,374025,2.99
2020-10-28 12:18:00,2.30,2.30,2.30,2.30,6000,375150,2.99
2020-10-28 12:19:00,2.30,2.30,2.30,2.30,150,375150,2.99
2020-10-28 12:20:00,2.25,2.25,2.20,2.20,2100,370575,2.99
2020-10-28 12:21:00,2.15,2.20,2.15,2.20,7875,370575,2.98
2020-10-28 12:22:00,2.15,2.15,2.10,2.15,2250,370575,2.98
2020-10-28 12:23:00,2.10,2.25,2.10,2.25,14250,370575,2.97
2020-10-28 12:24:00,2.25,2.30,2.25,2.30,9225,367800,2.96
2020-10-28 12:25:00,2.30,2.40,2.30,2.40,3150,367800,2.96
2020-10-28 12:26:00,2.40,2.65,2.40,2.60,11850,372675,2.95
2020-10-28 12:27:00,2.65,2.95,2.65,2.85,11700,372675,2.95
2020-10-28 12:28:00,2.90,3.50,2.90,3.05,12075,372675,2.95
2020-10-28 12:29:00,3.05,3.20,3.05,3.10,5025,374775,2.96
2020-10-28 12:30:00,3.15,3.50,3.15,3.40,11850,374775,2.96
2020-10-28 12:31:00,3.45,3.45,3.15,3.25,11400,374775,2.96
2020-10-28 12:32:00,3.20,3.30,3.15,3.20,5400,376275,2.97
2020-10-28 12:33:00,3.10,3.15,2.80,2.95,12450,376275,2.96
2020-10-28 12:34:00,3.00,3.10,2.85,2.95,6150,376275,2.96
2020-10-28 12:35:00,3.15,3.25,3.05,3.20,6075,376275,2.97
2020-10-28 12:36:00,3.15,3.25,3.10,3.25,4125,377550,2.97
2020-10-28 12:37:00,3.25,3.35,3.25,3.35,5475,377550,2.97
2020-10-28 12:38:00,3.40,3.65,3.35,3.60,17100,377400,2.98
2020-10-28 12:39:00,3.55,3.90,3.55,3.85,9750,377400,2.98
2020-10-28 12:40:00,3.90,3.90,3.25,3.25,13350,377400,2.99
2020-10-28 12:41:00,3.25,3.50,3.20,3.40,4200,377400,2.99
2020-10-28 12:42:00,3.50,3.50,3.25,3.35,11175,373425,3.00
2020-10-28 12:43:00,3.35,3.35,3.10,3.20,12600,373425,3.00
2020-10-28 12:44:00,3.20,3.40,3.20,3.25,12900,380775,3.00
2020-10-28 12:45:00,3.20,3.45,3.20,3.30,11550,380775,3.00
2020-10-28 12:46:00,3.30,3.35,3.25,3.35,7200,380775,3.01
2020-10-28 12:47:00,3.35,3.40,3.25,3.30,6450,378225,3.01
2020-10-28 12:48:00,3.25,3.40,3.25,3.35,6450,378225,3.01
2020-10-28 12:49:00,3.40,3.50,3.35,3.40,12900,378225,3.02
2020-10-28 12:50:00,3.50,3.55,3.45,3.50,10050,378300,3.02
2020-10-28 12:51:00,3.50,3.70,3.30,3.70,13350,378300,3.02
2020-10-28 12:52:00,3.35,3.65,3.35,3.45,13275,378300,3.03
2020-10-28 12:53:00,3.45,3.55,3.20,3.55,7875,378300,3.03
2020-10-28 12:54:00,3.45,3.45,3.30,3.40,6975,373575,3.03
2020-10-28 12:55:00,3.40,3.60,3.10,3.10,6375,373575,3.03
2020-10-28 12:56:00,3.20,3.25,3.00,3.10,12525,373575,3.04
2020-10-28 12:57:00,3.00,3.25,3.00,3.25,20625,381525,3.04
2020-10-28 12:58:00,3.20,3.30,3.15,3.15,5175,381525,3.04
2020-10-28 12:59:00,3.30,3.30,3.20,3.20,4275,381525,3.04
2020-10-28 13:00:00,3.20,3.25,3.15,3.15,2025,390150,3.04
2020-10-28 13:01:00,3.10,3.10,2.85,2.85,6750,390150,3.04
2020-10-28 13:02:00,3.00,3.00,2.95,2.95,1350,390150,3.04
2020-10-28 13:03:00,2.90,2.95,2.55,2.65,14850,387450,3.03
2020-10-28 13:04:00,2.75,2.80,2.75,2.75,5175,387450,3.03
2020-10-28 13:05:00,2.85,2.95,2.85,2.90,9075,387450,3.03
2020-10-28 13:06:00,2.95,3.00,2.95,2.95,5175,384375,3.03
2020-10-28 13:07:00,2.95,3.00,2.95,2.95,3300,384375,3.03
2020-10-28 13:08:00,2.95,3.00,2.90,2.90,3225,384375,3.03
2020-10-28 13:09:00,2.95,3.00,2.90,3.00,6825,385050,3.03
2020-10-28 13:10:00,3.00,3.00,2.90,2.90,7800,385050,3.03
2020-10-28 13:11:00,2.95,3.00,2.90,2.90,6450,385050,3.03
2020-10-28 13:12:00,2.95,2.95,2.85,2.85,3750,387900,3.03
2020-10-28 13:13:00,2.90,2.90,2.85,2.90,2100,387900,3.03
2020-10-28 13:14:00,2.85,2.90,2.80,2.85,2700,387900,3.03
2020-10-28 13:15:00,2.85,2.85,2.70,2.70,4650,385725,3.03
2020-10-28 13:16:00,2.75,2.75,2.65,2.65,2100,385725,3.03
2020-10-28 13:17:00,2.70,2.70,2.60,2.60,3675,385725,3.03
2020-10-28 13:18:00,2.60,2.60,2.55,2.55,1650,382650,3.03
2020-10-28 13:19:00,2.50,2.55,2.35,2.40,4500,382650,3.02
2020-10-28 13:20:00,2.40,2.40,2.25,2.30,9075,382650,3.02
2020-10-28 13:21:00,2.30,2.30,2.30,2.30,6900,381075,3.02
2020-10-28 13:22:00,2.30,2.35,2.30,2.35,2850,381075,3.02
2020-10-28 13:23:00,2.35,2.35,2.25,2.30,8025,381075,3.01
2020-10-28 13:24:00,2.25,2.30,2.25,2.25,4875,386025,3.01
2020-10-28 13:25:00,2.25,2.30,2.25,2.30,2625,386025,3.01
2020-10-28 13:26:00,2.30,2.65,2.30,2.60,4425,386025,3.01
2020-10-28 13:27:00,2.55,2.85,2.55,2.75,3675,382950,3.00
2020-10-28 13:28:00,2.80,2.85,2.70,2.80,21075,382950,3.00
2020-10-28 13:29:00,2.85,2.90,2.80,2.90,3900,382950,3.00
2020-10-28 13:30:00,2.85,2.90,2.55,2.55,6750,391200,3.00
2020-10-28 13:31:00,2.55,2.60,2.50,2.55,2025,391200,3.00
2020-10-28 13:32:00,2.55,2.60,2.55,2.60,1425,391200,3.00
2020-10-28 13:33:00,2.65,2.70,2.60,2.65,2100,390150,3.00
2020-10-28 13:34:00,2.65,2.65,2.65,2.65,450,390150,3.00
2020-10-28 13:35:00,2.65,2.65,2.55,2.55,2250,390150,3.00
2020-10-28 13:36:00,2.50,2.50,2.35,2.40,2775,389400,3.00
2020-10-28 13:37:00,2.55,2.65,2.50,2.55,3150,389400,3.00
2020-10-28 13:38:00,2.55,2.60,2.55,2.60,2625,389400,2.99
2020-10-28 13:39:00,2.60,2.60,2.55,2.55,5775,382275,2.99
2020-10-28 13:40:00,2.55,2.65,2.55,2.55,5400,382275,2.99
2020-10-28 13:41:00,2.55,2.85,2.55,2.75,15150,382275,2.99
2020-10-28 13:42:00,2.70,3.05,2.70,2.95,16350,382350,2.99
2020-10-28 13:43:00,2.90,3.10,2.90,3.00,7350,382350,2.99
2020-10-28 13:44:00,3.00,3.15,2.95,3.10,6450,382350,2.99
2020-10-28 13:45:00,3.15,3.30,3.10,3.15,13275,390525,2.99
2020-10-28 13:46:00,3.15,3.25,3.15,3.25,6375,390525,2.99
2020-10-28 13:47:00,3.15,3.15,3.00,3.15,3300,390525,2.99
2020-10-28 13:48:00,3.20,3.25,3.10,3.15,5850,391950,2.99
2020-10-28 13:49:00,3.10,3.20,3.10,3.10,3750,391950,2.99
2020-10-28 13:50:00,3.10,3.40,3.10,3.15,27000,391950,3.00
2020-10-28 13:51:00,3.20,3.20,2.95,3.00,9075,398025,3.00
2020-10-28 13:52:00,2.95,3.20,2.95,3.15,4200,398025,3.00
2020-10-28 13:53:00,3.15,3.15,3.00,3.10,8400,398025,3.00
2020-10-28 13:54:00,3.10,3.10,2.95,3.00,3600,395775,3.00
2020-10-28 13:55:00,3.00,3.10,3.00,3.05,8025,395775,3.00
2020-10-28 13:56:00,3.05,3.55,3.00,3.45,17325,395775,3.00
2020-10-28 13:57:00,3.40,3.60,3.40,3.60,2850,393675,3.00
2020-10-28 13:58:00,3.65,3.90,3.60,3.65,14625,393675,3.01
2020-10-28 13:59:00,3.65,3.90,3.55,3.90,10725,393675,3.01
2020-10-28 14:00:00,3.95,4.05,3.70,4.05,12900,399075,3.02
2020-10-28 14:01:00,4.15,4.55,4.15,4.55,50400,399075,3.06
2020-10-28 14:02:00,4.55,5.00,4.55,5.00,29475,399075,3.08
2020-10-28 14:03:00,4.90,4.95,4.50,4.60,12375,421875,3.10
2020-10-28 14:04:00,4.80,5.10,4.80,4.80,32775,421875,3.13
2020-10-28 14:05:00,4.85,5.00,4.30,4.30,32625,421875,3.15
2020-10-28 14:06:00,4.30,4.45,4.25,4.35,5925,415950,3.16
2020-10-28 14:07:00,4.25,4.55,4.25,4.50,13200,415950,3.17
2020-10-28 14:08:00,4.50,4.75,4.45,4.45,6225,415950,3.17
2020-10-28 14:09:00,4.35,4.35,4.15,4.20,16650,419100,3.18
2020-10-28 14:10:00,4.20,4.30,4.15,4.25,13950,419100,3.19
2020-10-28 14:11:00,4.20,4.20,3.90,3.90,11925,419100,3.19
2020-10-28 14:12:00,3.90,3.90,3.70,3.80,15225,427575,3.20
2020-10-28 14:13:00,3.80,3.80,2.90,3.20,24675,427575,3.20
2020-10-28 14:14:00,3.15,3.15,2.80,2.95,21150,427575,3.20
2020-10-28 14:15:00,3.00,3.15,2.90,3.05,8475,424650,3.20
2020-10-28 14:16:00,3.05,3.30,3.05,3.25,8775,424650,3.20
2020-10-28 14:17:00,3.40,3.40,3.20,3.40,14175,424650,3.20
2020-10-28 14:18:00,3.40,3.45,3.20,3.30,4050,440175,3.20
2020-10-28 14:19:00,3.30,3.30,3.10,3.15,8100,440175,3.20
2020-10-28 14:20:00,3.10,3.10,2.60,2.70,32550,440175,3.19
2020-10-28 14:21:00,2.65,2.65,2.35,2.50,25650,439650,3.18
2020-10-28 14:22:00,2.45,2.60,2.40,2.60,12150,439650,3.18
2020-10-28 14:23:00,2.60,2.65,2.60,2.65,2250,439650,3.18
2020-10-28 14:24:00,2.60,2.65,2.60,2.65,6000,437175,3.18
2020-10-28 14:25:00,2.60,2.65,2.55,2.60,7800,437175,3.17
2020-10-28 14:26:00,2.60,2.60,2.45,2.55,5475,437175,3.17
2020-10-28 14:27:00,2.50,2.50,2.40,2.45,5400,435375,3.17
2020-10-28 14:28:00,2.45,2.45,2.40,2.40,3375,435375,3.17
2020-10-28 14:29:00,2.35,2.40,2.20,2.25,12225,435375,3.16
2020-10-28 14:30:00,2.20,2.45,2.20,2.45,11700,433875,3.16
2020-10-28 14:31:00,2.45,2.45,2.35,2.40,2775,433875,3.16
2020-10-28 14:32:00,2.40,2.60,2.35,2.60,19125,433875,3.15
2020-10-28 14:33:00,2.60,3.05,2.60,3.05,17850,424725,3.15
2020-10-28 14:34:00,3.00,3.25,2.95,3.25,16125,424725,3.15
2020-10-28 14:35:00,3.30,3.30,3.00,3.00,19275,424725,3.15
2020-10-28 14:36:00,3.00,3.00,2.80,2.90,16875,426150,3.15
2020-10-28 14:37:00,2.90,2.95,2.65,2.70,12450,426150,3.14
2020-10-28 14:38:00,2.65,2.65,2.40,2.50,8925,426150,3.14
2020-10-28 14:39:00,2.45,2.55,2.35,2.50,10425,425025,3.14
2020-10-28 14:40:00,2.50,2.65,2.45,2.50,6000,425025,3.14
2020-10-28 14:41:00,2.50,2.50,2.30,2.35,3900,425025,3.13
2020-10-28 14:42:00,2.35,2.35,2.25,2.30,3675,422550,3.13
2020-10-28 14:43:00,2.25,2.25,1.90,2.00,24375,422550,3.12
2020-10-28 14:44:00,2.10,2.20,2.10,2.15,6975,422550,3.12
2020-10-28 14:45:00,2.25,2.25,2.10,2.15,5700,419025,3.12
2020-10-28 14:46:00,2.20,2.30,2.15,2.30,8325,419025,3.11
2020-10-28 14:47:00,2.30,2.35,2.25,2.30,3450,419025,3.11
2020-10-28 14:48:00,2.30,2.30,2.10,2.20,5925,420150,3.11
2020-10-28 14:49:00,2.20,2.20,2.10,2.10,7725,420150,3.11
2020-10-28 14:50:00,2.15,2.30,2.15,2.25,17025,420150,3.10
2020-10-28 14:51:00,2.25,2.25,2.20,2.25,13800,401700,3.09
2020-10-28 14:52:00,2.25,2.30,2.20,2.30,2850,401700,3.09
2020-10-28 14:53:00,2.40,2.40,2.35,2.40,10800,401700,3.09
2020-10-28 14:54:00,2.45,2.60,2.35,2.45,14100,411525,3.09
2020-10-28 14:55:00,2.45,2.50,2.35,2.50,2925,411525,3.09
2020-10-28 14:56:00,2.45,2.50,2.40,2.40,4425,411525,3.08
2020-10-28 14:57:00,2.40,2.45,2.35,2.35,6300,410775,3.08
2020-10-28 14:58:00,2.40,2.40,2.30,2.35,2550,410775,3.08
2020-10-28 14:59:00,2.35,2.40,2.30,2.30,3000,410775,3.08
2020-10-28 15:00:00,2.35,2.35,2.25,2.35,11775,409050,3.08
2020-10-28 15:01:00,2.30,2.35,2.30,2.30,9075,409050,3.07
2020-10-28 15:02:00,2.40,2.45,2.30,2.40,5550,409050,3.07
2020-10-28 15:03:00,2.45,2.45,2.25,2.30,5775,401250,3.07
2020-10-28 15:04:00,2.25,2.30,2.25,2.30,11550,401250,3.07
2020-10-28 15:05:00,2.25,2.25,2.15,2.15,8925,401250,3.06
2020-10-28 15:06:00,2.20,2.25,2.15,2.15,19425,404325,3.06
2020-10-28 15:07:00,2.15,2.20,2.10,2.20,14925,404325,3.05
2020-10-28 15:08:00,2.15,2.25,2.10,2.15,5925,404325,3.05
2020-10-28 15:09:00,2.20,2.25,2.10,2.10,12375,403200,3.05
2020-10-28 15:10:00,2.15,2.15,2.05,2.05,7425,403200,3.04
2020-10-28 15:11:00,2.10,2.15,2.10,2.10,11100,403200,3.04
2020-10-28 15:12:00,2.10,2.20,2.10,2.15,14475,410700,3.03
2020-10-28 15:13:00,2.20,2.20,2.10,2.10,1275,410700,3.03
2020-10-28 15:14:00,2.15,2.15,2.05,2.10,5850,410700,3.03
2020-10-28 15:15:00,2.05,2.10,2.00,2.05,18675,419100,3.02
2020-10-28 15:16:00,2.10,2.15,2.05,2.10,13125,419100,3.02
2020-10-28 15:17:00,2.05,2.05,2.00,2.05,6450,419100,3.02
2020-10-28 15:18:00,2.00,2.10,1.95,1.95,21450,422025,3.01
2020-10-28 15:19:00,1.95,2.05,1.95,2.05,24525,422025,3.00
2020-10-28 15:20:00,2.00,2.15,2.00,2.15,22050,422025,2.99
2020-10-28 15:21:00,2.15,2.20,2.10,2.15,20475,444975,2.98
2020-10-28 15:22:00,2.20,2.20,2.15,2.15,10950,444975,2.98
2020-10-28 15:23:00,2.15,2.15,2.10,2.15,25500,444975,2.97
2020-10-28 15:24:00,2.10,2.15,2.10,2.10,23475,461325,2.97
2020-10-28 15:25:00,2.10,2.10,2.00,2.00,12075,461325,2.96
2020-10-28 15:26:00,1.95,2.00,1.80,1.95,38625,461325,2.95
2020-10-28 15:27:00,1.90,1.95,1.55,1.65,35550,459225,2.93
2020-10-28 15:28:00,1.65,1.70,1.60,1.70,21075,459225,2.92
2020-10-28 15:29:01,1.80,2.10,1.80,2.10,20100,459225,2.91
2020-10-29 09:15:00,4.90,4.90,1.20,2.00,172725,474825,2.67
2020-10-29 09:16:00,1.80,2.15,1.70,2.15,114075,474825,2.35
2020-10-29 09:17:00,2.20,2.85,2.20,2.70,108375,536475,2.42
2020-10-29 09:18:00,2.70,3.65,2.65,3.65,190800,536475,2.61
2020-10-29 09:19:00,3.80,4.00,3.35,3.35,201300,536475,2.87
2020-10-29 09:20:00,3.30,3.65,2.60,2.60,144150,716475,2.92
2020-10-29 09:21:00,2.60,2.70,2.35,2.55,122700,716475,2.88
2020-10-29 09:22:00,2.50,2.60,2.35,2.40,124200,716475,2.83
2020-10-29 09:23:00,2.35,2.50,2.15,2.25,100200,798375,2.79
2020-10-29 09:24:00,2.20,2.30,1.85,1.90,131925,798375,2.73
2020-10-29 09:25:00,1.90,1.90,1.60,1.65,109200,798375,2.66
2020-10-29 09:26:00,1.70,1.90,1.70,1.80,46650,847950,2.63
2020-10-29 09:27:00,1.80,1.90,1.70,1.70,60150,847950,2.60
2020-10-29 09:28:00,1.65,2.00,1.65,1.90,68700,847950,2.57
2020-10-29 09:29:00,1.85,1.85,1.65,1.75,48450,885075,2.55
2020-10-29 09:30:00,1.70,2.15,1.70,2.15,55725,885075,2.53
2020-10-29 09:31:00,2.15,2.15,2.05,2.05,54525,885075,2.52
2020-10-29 09:32:00,2.00,2.15,2.00,2.00,27675,918825,2.51
2020-10-29 09:33:00,2.00,2.10,1.95,1.95,52575,918825,2.50
2020-10-29 09:34:00,1.90,2.05,1.85,2.00,50025,918825,2.48
2020-10-29 09:35:00,1.95,2.00,1.85,1.85,59025,935850,2.46
2020-10-29 09:36:00,1.85,1.95,1.75,1.80,101700,935850,2.44
2020-10-29 09:37:00,1.80,1.80,1.55,1.60,44175,935850,2.42
2020-10-29 09:38:00,1.65,1.65,1.55,1.55,56025,948975,2.40
2020-10-29 09:39:00,1.50,1.65,1.50,1.65,68325,948975,2.38
2020-10-29 09:40:00,1.60,1.60,1.50,1.50,88200,948975,2.35
2020-10-29 09:41:00,1.50,1.50,1.35,1.40,37650,978900,2.33
2020-10-29 09:42:00,1.40,1.50,1.40,1.45,46350,978900,2.32
2020-10-29 09:43:00,1.45,1.50,1.40,1.40,54600,978900,2.30
2020-10-29 09:44:00,1.40,1.40,1.35,1.40,55950,981150,2.28
2020-10-29 09:45:00,1.35,1.55,1.35,1.55,58500,981150,2.26
2020-10-29 09:46:00,1.55,1.55,1.40,1.45,40350,981150,2.25
2020-10-29 09:47:00,1.45,1.45,1.35,1.35,15150,997650,2.24
2020-10-29 09:48:00,1.30,1.30,1.15,1.20,55200,997650,2.22
2020-10-29 09:49:00,1.20,1.25,1.15,1.15,23400,997650,2.21
2020-10-29 09:50:00,1.15,1.20,1.10,1.15,72900,1013325,2.19
2020-10-29 09:51:00,1.15,1.15,1.10,1.10,46275,1013325,2.17
2020-10-29 09:52:00,1.10,1.20,1.05,1.10,73725,1013325,2.14
2020-10-29 09:53:00,1.05,1.10,1.00,1.05,44625,1038750,2.13
2020-10-29 09:54:00,1.05,1.05,1.00,1.00,48975,1038750,2.11
2020-10-29 09:55:00,1.00,1.15,1.00,1.10,78525,1038750,2.08
2020-10-29 09:56:00,1.15,1.20,1.10,1.20,77400,1064175,2.06
2020-10-29 09:57:00,1.15,1.15,1.05,1.05,35025,1064175,2.05
2020-10-29 09:58:00,1.10,1.15,1.05,1.15,58350,1064175,2.03
2020-10-29 09:59:00,1.15,1.15,1.05,1.10,46200,1115250,2.02
2020-10-29 10:00:00,1.10,1.10,0.95,1.00,88350,1115250,1.99
2020-10-29 10:01:00,1.05,1.20,1.05,1.15,60675,1115250,1.98
2020-10-29 10:02:00,1.15,1.20,1.10,1.15,55875,1129275,1.97
2020-10-29 10:03:00,1.15,1.20,1.10,1.15,44700,1129275,1.96
2020-10-29 10:04:00,1.15,1.15,1.10,1.15,14625,1129275,1.95
2020-10-29 10:05:00,1.10,1.20,1.10,1.20,45150,1139475,1.94
2020-10-29 10:06:00,1.15,1.15,1.10,1.10,18750,1139475,1.94
2020-10-29 10:07:00,1.10,1.10,1.00,1.00,42150,1139475,1.93
2020-10-29 10:08:00,1.00,1.05,1.00,1.00,20025,1161825,1.92
2020-10-29 10:09:00,1.05,1.05,1.00,1.05,22575,1161825,1.92
2020-10-29 10:10:00,1.05,1.05,0.95,1.00,19425,1161825,1.91
2020-10-29 10:11:00,0.95,1.00,0.90,0.90,128775,1171500,1.88
2020-10-29 10:12:00,0.90,0.95,0.85,0.90,69000,1171500,1.87
2020-10-29 10:13:00,0.85,0.90,0.85,0.90,70500,1171500,1.85
2020-10-29 10:14:00,0.90,0.95,0.90,0.90,62325,1156500,1.83
2020-10-29 10:15:00,0.90,0.95,0.85,0.90,34350,1156500,1.83
2020-10-29 10:16:00,0.90,1.05,0.90,1.00,55200,1156500,1.81
2020-10-29 10:17:00,1.00,1.05,0.95,0.95,22950,1167750,1.81
2020-10-29 10:18:00,1.00,1.05,0.95,1.00,23475,1167750,1.81
2020-10-29 10:19:00,1.05,1.10,1.00,1.10,51750,1167750,1.80
2020-10-29 10:20:00,1.10,1.20,1.10,1.20,45225,1155750,1.79
2020-10-29 10:21:00,1.25,1.25,1.15,1.20,68175,1155750,1.78
2020-10-29 10:22:00,1.20,1.20,1.15,1.15,41100,1155750,1.77
2020-10-29 10:23:00,1.15,1.25,1.15,1.15,30450,1165200,1.77
2020-10-29 10:24:00,1.15,1.15,1.10,1.10,2700,1165200,1.77
2020-10-29 10:25:00,1.10,1.10,1.05,1.10,18750,1165200,1.77
2020-10-29 10:26:00,1.10,1.10,1.10,1.10,13800,1171050,1.77
2020-10-29 10:27:00,1.15,1.20,1.10,1.10,10650,1171050,1.76
2020-10-29 10:28:00,1.15,1.15,1.10,1.10,5400,1171050,1.76
2020-10-29 10:29:00,1.10,1.10,1.05,1.05,8250,1181100,1.76
2020-10-29 10:30:00,1.10,1.35,1.10,1.30,95700,1181100,1.75
2020-10-29 10:31:00,1.30,1.40,1.30,1.35,69225,1181100,1.74
2020-10-29 10:32:00,1.40,1.40,1.30,1.40,19425,1191375,1.74
2020-10-29 10:33:00,1.40,1.50,1.35,1.35,56550,1191375,1.74
2020-10-29 10:34:00,1.35,1.45,1.35,1.40,27675,1191375,1.74
2020-10-29 10:35:00,1.45,1.60,1.40,1.55,77775,1175025,1.73
2020-10-29 10:36:00,1.50,1.50,1.45,1.50,30375,1175025,1.73
2020-10-29 10:37:00,1.45,1.45,1.35,1.35,27225,1175025,1.73
2020-10-29 10:38:00,1.35,1.35,1.15,1.15,56400,1162425,1.72
2020-10-29 10:39:00,1.15,1.20,1.10,1.10,26100,1162425,1.72
2020-10-29 10:40:00,1.15,1.20,1.10,1.15,20850,1162425,1.72
2020-10-29 10:41:00,1.15,1.15,1.00,1.10,69450,1193100,1.71
2020-10-29 10:42:00,1.10,1.10,1.05,1.05,18150,1193100,1.71
2020-10-29 10:43:00,1.05,1.15,1.05,1.10,36300,1193100,1.70
2020-10-29 10:44:00,1.10,1.25,1.05,1.20,95925,1219200,1.69
2020-10-29 10:45:00,1.25,1.30,1.10,1.15,46275,1219200,1.69
2020-10-29 10:46:00,1.15,1.25,1.15,1.25,48450,1219200,1.69
2020-10-29 10:47:00,1.25,1.25,1.15,1.20,25125,1217850,1.68
2020-10-29 10:48:00,1.20,1.20,1.10,1.10,23850,1217850,1.68
2020-10-29 10:49:00,1.10,1.10,1.05,1.10,27675,1217850,1.68
2020-10-29 10:50:00,1.05,1.10,1.00,1.05,22125,1216725,1.68
2020-10-29 10:51:00,1.10,1.10,1.05,1.10,28875,1216725,1.67
2020-10-29 10:52:00,1.10,1.10,1.05,1.05,18825,1216725,1.67
2020-10-29 10:53:00,1.05,1.10,1.05,1.10,9600,1219575,1.67
2020-10-29 10:54:00,1.05,1.05,1.05,1.05,2925,1219575,1.67
2020-10-29 10:55:00,1.05,1.15,1.05,1.10,20925,1219575,1.67
2020-10-29 10:56:00,1.05,1.10,1.05,1.10,16500,1220100,1.66
2020-10-29 10:57:00,1.05,1.10,1.05,1.05,9225,1220100,1.66
2020-10-29 10:58:00,1.05,1.05,1.00,1.05,4125,1220100,1.66
2020-10-29 10:59:00,1.00,1.05,1.00,1.00,9225,1213875,1.66
2020-10-29 11:00:00,1.00,1.10,1.00,1.05,57225,1213875,1.66
2020-10-29 11:01:00,1.05,1.05,1.00,1.00,9525,1213875,1.65
2020-10-29 11:02:00,1.00,1.00,0.95,1.00,14925,1243500,1.65
2020-10-29 11:03:00,0.95,0.95,0.90,0.90,30375,1243500,1.65
2020-10-29 11:04:00,0.85,0.90,0.85,0.85,6300,1243500,1.65
2020-10-29 11:05:00,0.85,0.85,0.80,0.80,23100,1250100,1.65
2020-10-29 11:06:00,0.85,0.85,0.80,0.80,8700,1250100,1.64
2020-10-29 11:07:00,0.85,0.85,0.80,0.85,9900,1250100,1.64
2020-10-29 11:08:00,0.80,0.85,0.80,0.85,14625,1259700,1.64
2020-10-29 11:09:00,0.85,0.85,0.80,0.80,8175,1259700,1.64
2020-10-29 11:10:00,0.85,0.90,0.85,0.85,25500,1259700,1.64
2020-10-29 11:11:00,0.85,0.90,0.85,0.90,5475,1275750,1.63
2020-10-29 11:12:00,0.90,0.90,0.90,0.90,20850,1275750,1.63
2020-10-29 11:13:00,0.90,0.95,0.90,0.90,14850,1275750,1.63
2020-10-29 11:14:00,0.85,0.90,0.85,0.90,11025,1277325,1.63
2020-10-29 11:15:00,0.90,0.90,0.90,0.90,8700,1277325,1.63
2020-10-29 11:16:00,0.90,0.95,0.90,0.90,18000,1277325,1.63
2020-10-29 11:17:00,0.90,0.90,0.85,0.90,36375,1275450,1.62
2020-10-29 11:18:00,0.95,0.95,0.90,0.95,7725,1275450,1.62
2020-10-29 11:19:00,0.90,0.90,0.85,0.85,12225,1275450,1.62
2020-10-29 11:20:00,0.90,0.95,0.90,0.95,30450,1286850,1.62
2020-10-29 11:21:00,1.00,1.00,0.85,0.85,14400,1286850,1.61
2020-10-29 11:22:00,0.90,0.90,0.80,0.85,22650,1286850,1.61
2020-10-29 11:23:00,0.85,0.85,0.80,0.80,22200,1301625,1.61
2020-10-29 11:24:00,0.85,0.85,0.75,0.80,9975,1301625,1.61
2020-10-29 11:25:00,0.80,0.80,0.80,0.80,19650,1301625,1.60
2020-10-29 11:26:00,0.75,0.75,0.75,0.75,13950,1285875,1.60
2020-10-29 11:27:00,0.75,0.80,0.75,0.75,3300,1285875,1.60
2020-10-29 11:28:00,0.80,0.80,0.75,0.75,2850,1285875,1.60
2020-10-29 11:29:00,0.75,0.80,0.75,0.75,7050,1285125,1.60
2020-10-29 11:30:00,0.75,0.75,0.70,0.75,12600,1285125,1.60
2020-10-29 11:31:00,0.75,0.75,0.70,0.70,5100,1285125,1.60
2020-10-29 11:32:00,0.75,0.75,0.75,0.75,1800,1285725,1.60
2020-10-29 11:33:00,0.75,0.80,0.75,0.75,43725,1285725,1.59
2020-10-29 11:34:00,0.80,0.85,0.75,0.85,66225,1285725,1.58
2020-10-29 11:35:00,0.90,1.00,0.90,0.90,11625,1291425,1.58
2020-10-29 11:36:00,0.95,1.00,0.90,0.95,17700,1291425,1.58
2020-10-29 11:37:00,0.95,0.95,0.85,0.85,15150,1291425,1.58
2020-10-29 11:38:00,0.85,0.90,0.85,0.85,22050,1286250,1.58
2020-10-29 11:39:00,0.80,0.85,0.80,0.85,5325,1286250,1.58
2020-10-29 11:40:00,0.85,0.85,0.80,0.85,8025,1286250,1.57
2020-10-29 11:41:00,0.80,0.85,0.80,0.80,11775,1294950,1.57
2020-10-29 11:42:00,0.75,0.85,0.75,0.80,17175,1294950,1.57
2020-10-29 11:43:00,0.80,0.85,0.80,0.80,16425,1294950,1.57
2020-10-29 11:44:00,0.85,0.85,0.75,0.80,13125,1296750,1.57
2020-10-29 11:45:00,0.80,0.80,0.80,0.80,11475,1296750,1.57
2020-10-29 11:46:00,0.85,0.90,0.85,0.90,16500,1296750,1.56
2020-10-29 11:47:00,1.00,1.00,0.90,0.95,18000,1296750,1.56
2020-10-29 11:48:00,0.95,1.00,0.90,0.90,16875,1308375,1.56
2020-10-29 11:49:00,0.90,0.90,0.85,0.85,26400,1308375,1.56
2020-10-29 11:50:00,0.80,0.80,0.75,0.75,66075,1313550,1.55
2020-10-29 11:51:00,0.80,0.80,0.75,0.75,11475,1313550,1.55
2020-10-29 11:52:00,0.80,0.80,0.70,0.75,25200,1313550,1.55
2020-10-29 11:53:00,0.75,0.75,0.65,0.65,94500,1325775,1.53
2020-10-29 11:54:00,0.65,0.70,0.60,0.65,61950,1325775,1.52
2020-10-29 11:55:00,0.65,0.65,0.60,0.60,45825,1325775,1.52
2020-10-29 11:56:00,0.60,0.70,0.60,0.70,23325,1325775,1.52
2020-10-29 11:57:00,0.70,0.70,0.65,0.65,8100,1305750,1.51
2020-10-29 11:58:00,0.70,0.70,0.65,0.70,28800,1305750,1.51
2020-10-29 11:59:00,0.65,0.70,0.65,0.65,28425,1282275,1.51
2020-10-29 12:00:00,0.65,0.65,0.60,0.65,24600,1282275,1.50
2020-10-29 12:01:00,0.60,0.70,0.60,0.65,24300,1282275,1.50
2020-10-29 12:02:00,0.65,0.65,0.60,0.60,6975,1272525,1.50
2020-10-29 12:03:00,0.60,0.65,0.60,0.65,13500,1272525,1.50
2020-10-29 12:04:00,0.60,0.65,0.60,0.65,13200,1272525,1.50
2020-10-29 12:05:00,0.65,0.65,0.60,0.60,12900,1272525,1.50
2020-10-29 12:06:00,0.60,0.65,0.55,0.60,44775,1276050,1.49
2020-10-29 12:07:00,0.60,0.60,0.55,0.60,27375,1276050,1.49
2020-10-29 12:08:00,0.60,0.60,0.60,0.60,300,1276050,1.49
2020-10-29 12:09:00,0.60,0.75,0.60,0.75,85650,1270500,1.48
2020-10-29 12:10:00,0.75,0.75,0.70,0.75,40200,1270500,1.47
2020-10-29 12:11:00,0.75,0.75,0.65,0.70,15675,1262775,1.47
2020-10-29 12:12:00,0.65,0.70,0.65,0.70,2475,1262775,1.47
2020-10-29 12:13:00,0.70,0.75,0.70,0.70,31200,1262775,1.47
2020-10-29 12:14:00,0.70,0.85,0.70,0.85,26100,1264125,1.46
2020-10-29 12:15:00,0.80,0.85,0.70,0.75,36150,1264125,1.46
2020-10-29 12:16:00,0.75,0.95,0.75,0.85,28425,1264125,1.46
2020-10-29 12:17:00,0.90,0.90,0.85,0.85,10200,1264125,1.46
2020-10-29 12:18:00,0.85,0.85,0.80,0.80,3900,1278000,1.46
2020-10-29 12:19:00,0.75,0.75,0.70,0.75,17475,1278000,1.46
2020-10-29 12:20:00,0.75,0.75,0.70,0.70,16425,1278000,1.45
2020-10-29 12:21:00,0.70,0.75,0.70,0.70,18525,1281600,1.45
2020-10-29 12:22:00,0.75,0.80,0.70,0.75,25200,1281600,1.45
2020-10-29 12:23:00,0.75,0.80,0.70,0.75,23250,1280700,1.45
2020-10-29 12:24:00,0.75,0.75,0.70,0.75,15225,1280700,1.45
2020-10-29 12:25:00,0.75,0.75,0.70,0.70,15900,1280700,1.44
2020-10-29 12:26:00,0.70,0.75,0.70,0.75,37275,1280700,1.44
2020-10-29 12:27:00,0.65,0.75,0.65,0.75,18225,1300575,1.44
2020-10-29 12:28:00,0.75,0.75,0.70,0.70,2625,1300575,1.44
2020-10-29 12:29:00,0.70,0.75,0.70,0.75,3675,1300575,1.44
2020-10-29 12:30:00,0.70,0.75,0.70,0.75,2400,1297800,1.44
2020-10-29 12:31:00,0.75,0.75,0.75,0.75,7950,1297800,1.44
2020-10-29 12:32:00,0.75,0.75,0.75,0.75,8250,1297800,1.44
2020-10-29 12:33:00,0.75,0.85,0.70,0.85,37950,1295550,1.43
2020-10-29 12:34:00,0.85,0.85,0.80,0.80,7050,1295550,1.43
2020-10-29 12:35:00,0.80,0.85,0.80,0.85,22725,1295550,1.43
2020-10-29 12:36:00,0.90,0.90,0.75,0.85,44550,1294350,1.43
2020-10-29 12:37:00,0.80,0.85,0.80,0.80,13125,1294350,1.43
2020-10-29 12:38:00,0.80,0.80,0.75,0.80,18225,1294350,1.43
2020-10-29 12:39:00,0.80,0.85,0.80,0.85,20400,1299075,1.42
2020-10-29 12:40:00,0.85,0.85,0.75,0.75,17625,1299075,1.42
2020-10-29 12:41:00,0.75,0.75,0.70,0.75,16050,1299075,1.42
2020-10-29 12:42:00,0.70,0.75,0.70,0.75,33825,1310850,1.42
2020-10-29 12:43:00,0.75,0.80,0.75,0.75,11175,1310850,1.42
2020-10-29 12:44:00,0.75,0.75,0.75,0.75,5925,1310850,1.42
2020-10-29 12:45:00,0.75,0.80,0.75,0.80,9375,1310100,1.42
2020-10-29 12:46:00,0.75,0.75,0.75,0.75,13575,1310100,1.41
2020-10-29 12:47:00,0.80,0.80,0.80,0.80,13875,1310100,1.41
2020-10-29 12:48:00,0.85,0.85,0.85,0.85,12075,1304325,1.41
2020-10-29 12:49:00,0.85,0.85,0.85,0.85,2025,1304325,1.41
2020-10-29 12:50:00,0.85,0.85,0.80,0.80,7875,1304325,1.41
2020-10-29 12:51:00,0.75,0.75,0.75,0.75,2100,1306275,1.41
2020-10-29 12:52:00,0.75,0.75,0.70,0.70,15375,1306275,1.41
2020-10-29 12:53:00,0.70,0.75,0.65,0.65,9825,1306275,1.41
2020-10-29 12:54:00,0.65,0.70,0.65,0.65,3150,1300350,1.41
2020-10-29 12:55:00,0.65,0.65,0.65,0.65,2250,1300350,1.41
2020-10-29 12:56:00,0.70,0.75,0.65,0.70,44775,1300350,1.40
2020-10-29 12:57:00,0.75,0.75,0.75,0.75,4725,1314600,1.40
2020-10-29 12:58:00,0.75,0.75,0.70,0.70,5025,1314600,1.40
2020-10-29 12:59:00,0.70,0.70,0.65,0.65,10350,1314600,1.40
2020-10-29 13:00:00,0.70,0.75,0.70,0.75,16650,1313250,1.40
2020-10-29 13:01:00,0.70,0.70,0.70,0.70,27075,1313250,1.40
2020-10-29 13:02:00,0.70,0.75,0.70,0.70,5400,1313250,1.40
2020-10-29 13:03:00,0.70,0.85,0.70,0.85,20250,1321950,1.40
2020-10-29 13:04:00,0.90,0.90,0.80,0.80,17775,1321950,1.40
2020-10-29 13:05:00,0.80,0.90,0.70,0.70,35550,1321950,1.39
2020-10-29 13:06:00,0.75,0.80,0.70,0.80,12975,1316175,1.39
2020-10-29 13:07:00,0.80,0.80,0.70,0.75,6300,1316175,1.39
2020-10-29 13:08:00,0.75,0.80,0.75,0.80,7125,1316175,1.39
2020-10-29 13:09:00,0.75,0.80,0.70,0.70,5400,1315800,1.39
2020-10-29 13:10:00,0.70,0.70,0.65,0.65,3300,1315800,1.39
2020-10-29 13:11:00,0.70,0.70,0.65,0.65,50025,1315800,1.39
2020-10-29 13:12:00,0.65,0.80,0.65,0.80,39900,1344225,1.38
2020-10-29 13:13:00,0.80,0.80,0.70,0.75,29325,1344225,1.38
2020-10-29 13:14:00,0.75,0.85,0.75,0.80,24525,1344225,1.38
2020-10-29 13:15:00,0.85,1.00,0.80,0.90,41025,1325550,1.38
2020-10-29 13:16:00,0.95,0.95,0.80,0.80,22275,1325550,1.37
2020-10-29 13:17:00,0.80,0.80,0.70,0.70,17100,1325550,1.37
2020-10-29 13:18:00,0.75,0.85,0.70,0.70,49425,1353450,1.37
2020-10-29 13:19:00,0.70,0.85,0.70,0.85,32100,1353450,1.37
2020-10-29 13:20:00,0.80,0.85,0.75,0.75,13875,1353450,1.37
2020-10-29 13:21:00,0.80,0.80,0.75,0.80,19200,1357950,1.37
2020-10-29 13:22:00,0.80,0.80,0.70,0.70,27900,1357950,1.36
2020-10-29 13:23:00,0.70,0.70,0.60,0.60,54300,1357950,1.36
2020-10-29 13:24:00,0.65,0.65,0.50,0.50,84225,1351125,1.35
2020-10-29 13:25:00,0.50,0.50,0.40,0.45,68400,1351125,1.34
2020-10-29 13:26:00,0.40,0.50,0.40,0.45,72525,1351125,1.34
2020-10-29 13:27:00,0.45,0.45,0.40,0.45,22650,1371825,1.33
2020-10-29 13:28:00,0.45,0.45,0.45,0.45,6825,1371825,1.33
2020-10-29 13:29:00,0.40,0.45,0.35,0.35,55650,1371825,1.33
2020-10-29 13:30:00,0.35,0.40,0.35,0.40,18825,1364850,1.33
2020-10-29 13:31:00,0.40,0.40,0.35,0.35,26025,1364850,1.32
2020-10-29 13:32:00,0.40,0.40,0.30,0.30,15075,1364850,1.32
2020-10-29 13:33:00,0.30,0.35,0.30,0.35,30675,1354650,1.32
2020-10-29 13:34:00,0.30,0.35,0.30,0.30,21750,1354650,1.31
2020-10-29 13:35:00,0.35,0.35,0.30,0.35,13425,1354650,1.31
2020-10-29 13:36:00,0.30,0.35,0.30,0.30,10425,1331550,1.31
2020-10-29 13:37:00,0.30,0.35,0.30,0.35,8025,1331550,1.31
2020-10-29 13:38:00,0.35,0.35,0.30,0.35,14325,1331550,1.31
2020-10-29 13:39:00,0.35,0.40,0.35,0.35,19575,1320450,1.31
2020-10-29 13:40:00,0.35,0.35,0.35,0.35,23175,1320450,1.31
2020-10-29 13:41:00,0.30,0.35,0.30,0.35,8550,1320450,1.30
2020-10-29 13:42:00,0.30,0.35,0.25,0.30,27300,1328100,1.30
2020-10-29 13:43:00,0.30,0.30,0.25,0.30,7125,1328100,1.30
2020-10-29 13:44:00,0.30,0.35,0.25,0.35,6900,1328100,1.30
2020-10-29 13:45:00,0.35,0.35,0.35,0.35,10125,1324425,1.30
2020-10-29 13:46:00,0.30,0.45,0.30,0.45,27000,1324425,1.30
2020-10-29 13:47:00,0.45,0.50,0.35,0.50,36450,1324425,1.29
2020-10-29 13:48:00,0.45,0.45,0.35,0.35,10575,1302750,1.29
2020-10-29 13:49:00,0.40,0.45,0.40,0.45,14175,1302750,1.29
2020-10-29 13:50:00,0.45,0.50,0.40,0.40,35100,1302750,1.29
2020-10-29 13:51:00,0.40,0.40,0.35,0.35,32100,1315125,1.28
2020-10-29 13:52:00,0.30,0.35,0.30,0.30,11625,1315125,1.28
2020-10-29 13:53:00,0.35,0.35,0.25,0.25,29400,1315125,1.28
2020-10-29 13:54:00,0.25,0.30,0.25,0.30,31200,1292325,1.28
2020-10-29 13:55:00,0.25,0.30,0.25,0.25,2925,1292325,1.28
2020-10-29 13:56:00,0.25,0.30,0.25,0.30,3525,1292325,1.28
2020-10-29 13:57:00,0.30,0.30,0.25,0.30,9600,1268400,1.27
2020-10-29 13:58:00,0.30,0.30,0.30,0.30,1500,1268400,1.27
2020-10-29 13:59:00,0.25,0.30,0.25,0.30,3375,1268400,1.27
2020-10-29 14:00:00,0.30,0.30,0.25,0.25,23700,1264425,1.27
2020-10-29 14:01:00,0.25,0.30,0.25,0.30,9900,1264425,1.27
2020-10-29 14:02:00,0.25,0.30,0.25,0.25,3075,1264425,1.27
2020-10-29 14:03:00,0.25,0.30,0.25,0.30,6075,1277775,1.27
2020-10-29 14:04:00,0.30,0.30,0.25,0.25,13725,1277775,1.27
2020-10-29 14:05:00,0.30,0.30,0.25,0.25,12525,1277775,1.27
2020-10-29 14:06:00,0.25,0.25,0.25,0.25,3225,1258875,1.27
2020-10-29 14:07:00,0.25,0.30,0.25,0.25,1125,1258875,1.27
2020-10-29 14:08:00,0.25,0.25,0.25,0.25,1050,1258875,1.27
2020-10-29 14:09:00,0.25,0.30,0.25,0.30,2400,1258425,1.27
2020-10-29 14:10:00,0.30,0.30,0.25,0.25,5700,1258425,1.26
2020-10-29 14:11:00,0.25,0.25,0.25,0.25,1875,1258425,1.26
2020-10-29 14:12:00,0.25,0.25,0.25,0.25,8025,1260975,1.26
2020-10-29 14:13:00,0.25,0.30,0.25,0.25,6900,1260975,1.26
2020-10-29 14:14:00,0.30,0.30,0.20,0.25,7500,1260975,1.26
2020-10-29 14:15:00,0.20,0.25,0.20,0.20,31500,1257225,1.26
2020-10-29 14:16:00,0.20,0.20,0.20,0.20,3450,1257225,1.26
2020-10-29 14:17:00,0.20,0.20,0.20,0.20,1275,1257225,1.26
2020-10-29 14:18:00,0.25,0.25,0.20,0.25,9675,1248375,1.26
2020-10-29 14:19:00,0.20,0.20,0.20,0.20,3300,1248375,1.26
2020-10-29 14:20:00,0.25,0.25,0.20,0.25,11175,1248375,1.26
2020-10-29 14:21:00,0.20,0.25,0.20,0.25,26850,1240200,1.25
2020-10-29 14:22:00,0.25,0.25,0.20,0.25,10050,1240200,1.25
2020-10-29 14:23:00,0.25,0.25,0.20,0.20,7500,1240200,1.25
2020-10-29 14:24:00,0.20,0.25,0.20,0.20,17775,1204875,1.25
2020-10-29 14:25:00,0.20,0.25,0.20,0.20,1575,1204875,1.25
2020-10-29 14:26:00,0.25,0.25,0.20,0.20,3750,1204875,1.25
2020-10-29 14:27:00,0.25,0.25,0.20,0.20,67875,1203825,1.24
2020-10-29 14:28:00,0.20,0.20,0.15,0.20,30075,1203825,1.24
2020-10-29 14:29:00,0.20,0.20,0.15,0.15,1125,1203825,1.24
2020-10-29 14:30:00,0.15,0.20,0.15,0.20,12975,1172850,1.24
2020-10-29 14:31:00,0.15,0.20,0.15,0.20,11175,1172850,1.23
2020-10-29 14:32:00,0.15,0.20,0.15,0.15,12600,1172850,1.23
2020-10-29 14:33:00,0.15,0.20,0.15,0.20,4425,1157925,1.23
2020-10-29 14:34:00,0.20,0.20,0.15,0.20,3075,1157925,1.23
2020-10-29 14:35:00,0.15,0.20,0.15,0.15,9825,1157925,1.23
2020-10-29 14:36:00,0.20,0.20,0.15,0.15,13575,1150350,1.23
2020-10-29 14:37:00,0.20,0.20,0.15,0.15,18300,1150350,1.23
2020-10-29 14:38:00,0.15,0.20,0.15,0.20,15225,1150350,1.23
2020-10-29 14:39:00,0.15,0.20,0.15,0.20,1425,1145775,1.23
2020-10-29 14:40:00,0.15,0.20,0.15,0.15,10950,1145775,1.22
2020-10-29 14:41:00,0.15,0.20,0.15,0.15,36825,1145775,1.22
2020-10-29 14:42:00,0.15,0.15,0.15,0.15,32775,1128825,1.22
2020-10-29 14:43:00,0.15,0.20,0.15,0.15,11700,1128825,1.22
2020-10-29 14:44:00,0.15,0.20,0.15,0.15,13125,1128825,1.21
2020-10-29 14:45:00,0.15,0.20,0.15,0.15,13800,1100025,1.21
2020-10-29 14:46:00,0.15,0.15,0.10,0.10,53625,1100025,1.21
2020-10-29 14:47:00,0.15,0.15,0.10,0.10,8625,1100025,1.21
2020-10-29 14:48:00,0.15,0.15,0.10,0.10,5925,1100025,1.21
2020-10-29 14:49:00,0.15,0.15,0.10,0.10,23925,1091625,1.20
2020-10-29 14:50:00,0.15,0.15,0.10,0.15,41700,1091625,1.20
2020-10-29 14:51:00,0.15,0.15,0.15,0.15,22500,1091625,1.20
2020-10-29 14:52:00,0.10,0.15,0.10,0.15,2550,1047825,1.20
2020-10-29 14:53:00,0.10,0.15,0.10,0.10,7575,1047825,1.20
2020-10-29 14:54:00,0.10,0.15,0.10,0.10,6150,1033800,1.19
2020-10-29 14:55:00,0.10,0.10,0.10,0.10,25125,1033800,1.19
2020-10-29 14:56:00,0.10,0.10,0.10,0.10,5475,1033800,1.19
2020-10-29 14:57:00,0.10,0.15,0.10,0.15,11250,1037550,1.19
2020-10-29 14:58:00,0.10,0.15,0.10,0.10,5250,1037550,1.19
2020-10-29 14:59:00,0.15,0.15,0.10,0.10,975,1037550,1.19
2020-10-29 15:00:00,0.10,0.15,0.10,0.15,5850,1025850,1.19
2020-10-29 15:01:00,0.10,0.15,0.10,0.10,24675,1025850,1.19
2020-10-29 15:02:00,0.10,0.15,0.10,0.15,11925,1025850,1.18
2020-10-29 15:03:00,0.10,0.15,0.10,0.10,12750,1001175,1.18
2020-10-29 15:04:00,0.10,0.15,0.10,0.15,30750,1001175,1.18
2020-10-29 15:05:00,0.10,0.15,0.10,0.15,30975,1001175,1.18
2020-10-29 15:06:00,0.15,0.15,0.10,0.15,27300,967350,1.17
2020-10-29 15:07:00,0.15,0.15,0.10,0.10,8175,967350,1.17
2020-10-29 15:08:00,0.15,0.15,0.10,0.10,11625,967350,1.17
2020-10-29 15:09:00,0.15,0.15,0.05,0.10,16650,947625,1.17
2020-10-29 15:10:00,0.05,0.10,0.05,0.10,34725,947625,1.17
2020-10-29 15:11:00,0.05,0.10,0.05,0.10,15450,947625,1.17
2020-10-29 15:12:00,0.05,0.10,0.05,0.05,7875,922800,1.16
2020-10-29 15:13:00,0.05,0.10,0.05,0.10,3975,922800,1.16
2020-10-29 15:14:00,0.05,0.10,0.05,0.05,9675,922800,1.16
2020-10-29 15:15:00,0.05,0.10,0.05,0.10,32400,913650,1.16
2020-10-29 15:16:00,0.05,0.10,0.05,0.10,14550,913650,1.16
2020-10-29 15:17:00,0.05,0.10,0.05,0.10,8400,913650,1.16
2020-10-29 15:18:00,0.05,0.10,0.05,0.10,41475,890850,1.15
2020-10-29 15:19:00,0.05,0.10,0.05,0.05,6375,890850,1.15
2020-10-29 15:20:00,0.05,0.05,0.05,0.05,3900,890850,1.15
2020-10-29 15:21:00,0.05,0.10,0.05,0.05,12450,876600,1.15
2020-10-29 15:22:00,0.05,0.10,0.05,0.05,2250,876600,1.15
2020-10-29 15:23:00,0.05,0.10,0.05,0.10,21225,876600,1.15
2020-10-29 15:24:00,0.05,0.15,0.05,0.15,17325,860100,1.15
2020-10-29 15:25:00,0.05,0.15,0.05,0.05,62325,860100,1.14
2020-10-29 15:26:00,0.05,0.15,0.05,0.15,74250,860100,1.13
2020-10-29 15:27:00,0.10,0.10,0.05,0.05,15150,831225,1.13
2020-10-29 15:28:00,0.05,0.10,0.05,0.05,64125,831225,1.13
2020-10-29 15:29:01,0.05,0.05,0.05,0.05,7500,831225,1.12
