date,open,high,low,close,volume,oi,vwap
2020-08-10 09:16:00,87.00,87.00,78.00,78.00,175,0,85.71
2020-08-10 09:26:00,78.00,78.00,78.00,78.00,100,175,82.90
2020-08-10 12:45:00,85.00,85.00,85.00,85.00,25,275,83.08
2020-08-10 12:50:00,85.00,85.00,85.00,85.00,175,300,83.78
2020-08-10 13:46:00,99.00,99.00,99.00,99.00,50,475,85.23
2020-08-10 13:49:00,99.00,99.00,99.00,99.00,100,475,87.44
2020-08-10 14:35:00,70.00,70.00,70.00,70.00,100,525,85.03
2020-08-10 15:18:00,92.90,92.90,92.90,92.90,25,575,85.29
2020-08-10 15:29:01,74.95,74.95,74.95,74.95,100,600,84.07
2020-09-10 10:15:00,74.95,74.95,74.95,74.95,25,0,74.95
2020-09-10 10:43:00,75.00,75.00,75.00,75.00,200,725,74.99
2020-09-10 10:45:00,85.00,85.00,85.00,85.00,25,725,75.99
2020-09-10 10:47:00,85.00,85.00,85.00,85.00,50,725,77.49
2020-09-10 11:13:00,95.45,95.50,95.45,95.45,50,675,80.06
2020-09-10 11:25:00,95.45,95.45,95.45,95.45,25,650,81.09
2020-09-10 11:29:00,87.35,87.35,87.35,87.35,25,650,81.48
2020-09-10 11:32:00,84.30,84.30,84.30,84.30,100,650,82.04
2020-09-10 12:45:00,120.00,120.00,120.00,120.00,100,650,88.37
2020-09-10 12:52:00,126.00,126.00,126.00,126.00,25,750,89.87
2020-09-10 13:02:00,100.05,100.05,100.05,100.05,25,750,90.26
2020-09-10 13:40:00,100.00,100.00,100.00,100.00,125,775,91.84
2020-09-10 13:46:00,80.05,80.05,80.05,80.05,250,800,89.70
2020-09-10 13:59:00,103.75,103.75,103.75,103.75,25,450,90.03
2020-09-10 14:05:00,99.90,99.90,99.90,99.90,25,450,90.26
2020-09-10 14:11:00,101.25,101.25,101.25,101.25,25,450,90.51
2020-09-10 14:12:00,104.95,104.95,104.95,104.95,25,450,90.83
2020-09-10 14:13:00,119.95,119.95,119.95,119.95,100,500,93.21
2020-09-10 14:15:00,126.25,126.25,126.25,126.25,25,600,93.87
2020-09-10 14:20:00,127.05,127.05,127.05,127.05,25,625,94.52
2020-09-10 14:27:00,136.55,136.55,136.55,136.55,100,600,97.57
2020-09-10 14:40:00,133.85,133.85,133.85,133.85,50,650,98.85
2020-09-10 14:45:00,137.10,137.10,137.10,137.10,25,650,99.51
2020-09-10 14:47:00,138.00,139.70,138.00,139.70,50,650,100.82
2020-09-10 14:49:00,137.60,137.60,137.60,137.60,25,700,101.42
2020-09-10 15:02:00,138.00,138.00,138.00,138.00,25,725,102.01
2020-09-10 15:06:00,138.00,138.00,138.00,138.00,25,750,102.58
2020-09-10 15:08:00,140.00,140.00,140.00,140.00,25,750,103.17
2020-09-10 15:14:00,139.30,139.30,139.30,139.30,25,775,103.72
2020-09-10 15:25:00,156.65,156.65,156.65,156.65,25,750,104.52
2020-09-10 15:27:00,122.00,157.95,122.00,122.00,75,775,105.80
2020-09-10 15:28:00,161.45,161.45,161.45,161.45,25,775,106.60
2020-12-10 09:15:00,227.90,240.75,227.90,238.55,125,825,234.73
2020-12-10 09:16:00,204.95,204.95,204.95,204.95,25,825,229.76
2020-12-10 09:17:00,204.95,204.95,204.95,204.95,25,975,226.22
2020-12-10 09:18:00,204.00,252.30,204.00,248.05,150,975,233.22
2020-12-10 09:19:00,197.95,197.95,192.05,192.75,75,975,225.91
2020-12-10 09:20:00,198.55,198.55,176.65,176.65,350,1025,205.34
2020-12-10 09:21:00,187.75,191.95,184.85,191.95,75,1025,203.78
2020-12-10 09:22:00,199.90,199.90,199.90,199.90,25,1025,203.67
2020-12-10 09:23:00,248.95,248.95,248.95,248.95,75,1200,206.38
2020-12-10 09:24:00,210.00,210.00,206.35,206.35,50,1200,206.47
2020-12-10 09:25:00,205.00,211.85,199.65,199.65,175,1200,206.73
2020-12-10 09:26:00,200.05,200.05,200.05,200.05,25,1275,206.59
2020-12-10 09:27:00,200.15,211.30,200.15,211.30,50,1275,206.55
2020-12-10 09:28:00,201.20,201.20,201.20,201.20,25,1275,206.44
2020-12-10 09:29:00,237.60,237.60,237.60,237.60,50,1275,207.12
2020-12-10 09:30:00,200.35,201.50,200.35,201.50,100,1375,206.70
2020-12-10 09:31:00,199.85,199.85,199.85,199.85,75,1375,206.35
2020-12-10 09:32:00,195.00,195.00,195.00,195.00,100,1550,205.62
2020-12-10 09:33:00,192.80,194.40,190.85,194.40,325,1550,203.17
2020-12-10 09:34:00,190.35,190.35,190.35,190.35,75,1550,202.68
2020-12-10 09:35:00,182.30,182.55,180.90,180.90,300,1975,199.89
2020-12-10 09:36:00,180.90,187.25,180.90,186.15,275,1975,198.13
2020-12-10 09:37:00,186.00,190.15,186.00,187.20,125,1975,197.64
2020-12-10 09:38:00,190.30,202.35,190.30,202.35,275,2500,197.68
2020-12-10 09:40:00,195.60,195.60,195.60,195.60,25,2500,197.66
2020-12-10 09:42:00,195.00,195.00,195.00,195.00,50,2500,197.62
2020-12-10 09:43:00,198.15,198.15,198.15,198.15,25,2500,197.62
2020-12-10 09:44:00,200.30,203.15,200.30,203.15,50,2575,197.69
2020-12-10 09:45:00,200.55,204.45,200.55,204.45,75,2575,197.79
2020-12-10 09:46:00,205.00,205.00,203.20,203.20,250,2575,198.22
2020-12-10 09:47:00,203.90,204.25,199.95,199.95,350,3075,198.70
2020-12-10 09:48:00,201.30,201.35,201.30,201.35,50,3075,198.74
2020-12-10 09:49:00,201.35,201.40,201.35,201.40,75,3075,198.79
2020-12-10 09:50:00,202.50,204.80,201.40,204.80,150,3150,198.91
2020-12-10 09:52:00,195.05,195.05,195.05,195.05,25,3150,198.89
2020-12-10 09:54:00,192.95,194.00,192.95,194.00,250,3300,198.55
2020-12-10 09:56:00,187.00,187.00,186.95,186.95,100,3525,198.29
2020-12-10 09:57:00,186.20,187.40,186.20,187.40,100,3525,198.04
2020-12-10 09:58:00,188.70,192.85,188.70,192.85,275,3525,197.54
2020-12-10 09:59:00,187.25,187.25,187.25,187.25,50,3525,197.43
2020-12-10 10:00:00,181.80,181.90,181.80,181.90,50,3600,197.28
2020-12-10 10:01:00,177.05,177.05,171.95,171.95,50,3600,197.05
2020-12-10 10:04:00,177.05,178.45,177.05,178.45,50,3600,196.85
2020-12-10 10:05:00,180.75,184.60,180.75,184.60,75,3600,196.64
2020-12-10 10:06:00,182.60,182.60,181.40,181.40,75,3600,196.43
2020-12-10 10:07:00,182.60,184.70,182.60,184.70,50,3600,196.31
2020-12-10 10:11:00,170.05,172.10,170.05,172.10,225,3550,195.23
2020-12-10 10:12:00,172.00,172.00,171.00,171.00,50,3550,195.01
2020-12-10 10:14:00,177.00,177.00,177.00,177.00,25,3550,194.93
2020-12-10 10:15:00,175.95,175.95,175.95,175.95,25,3525,194.84
2020-12-10 10:16:00,170.95,173.50,170.95,173.50,275,3525,193.72
2020-12-10 10:17:00,172.15,172.15,171.25,171.25,50,3625,193.53
2020-12-10 10:18:00,170.75,170.75,170.75,170.75,100,3625,193.16
2020-12-10 10:19:00,175.40,177.70,175.40,177.70,75,3625,192.96
2020-12-10 10:22:00,170.80,170.80,170.80,170.80,25,3550,192.87
2020-12-10 10:24:00,173.35,173.90,173.35,173.90,50,3575,192.71
2020-12-10 10:25:00,170.00,171.05,170.00,171.05,50,3575,192.53
2020-12-10 10:26:00,171.10,171.10,171.10,171.10,25,3575,192.45
2020-12-10 10:27:00,161.70,162.50,161.65,162.50,125,3575,191.84
2020-12-10 10:28:00,161.45,161.45,160.05,160.05,50,3575,191.59
2020-12-10 10:30:00,157.35,157.35,157.35,157.35,25,3550,191.46
2020-12-10 10:31:00,159.10,163.35,159.10,163.35,100,3550,190.98
2020-12-10 10:32:00,165.00,165.00,165.00,165.00,25,3550,190.88
2020-12-10 10:34:00,167.40,167.40,167.40,167.40,200,3575,190.18
2020-12-10 10:35:00,172.35,180.15,172.35,177.70,175,3575,189.84
2020-12-10 10:36:00,177.75,179.25,177.00,177.00,100,3575,189.67
2020-12-10 10:38:00,174.50,176.30,174.50,175.55,75,3700,189.52
2020-12-10 10:39:00,173.05,173.05,173.05,173.05,25,3700,189.46
2020-12-10 10:40:00,168.70,168.70,168.70,168.70,25,3700,189.39
2020-12-10 10:41:00,173.75,173.75,173.65,173.65,50,3725,189.28
2020-12-10 10:43:00,168.40,168.40,168.40,168.40,25,3725,189.21
2020-12-10 10:44:00,166.00,166.00,166.00,166.00,25,3775,189.13
2020-12-10 10:46:00,168.45,168.45,168.45,168.45,25,3775,189.05
2020-12-10 10:53:00,170.10,170.10,170.10,170.10,25,3725,188.99
2020-12-10 10:56:00,169.15,169.15,169.15,169.15,25,3700,188.92
2020-12-10 10:58:00,170.45,172.70,170.45,172.70,50,3700,188.80
2020-12-10 10:59:00,176.25,176.25,176.25,176.25,25,3700,188.76
2020-12-10 11:05:00,158.05,158.05,158.05,158.05,25,3700,188.66
2020-12-10 11:10:00,152.15,152.15,152.15,152.15,25,3700,188.53
2020-12-10 11:14:00,159.45,160.40,159.45,160.40,50,3700,188.34
2020-12-10 11:16:00,157.50,160.85,157.50,160.85,100,3700,187.94
2020-12-10 11:20:00,162.60,163.90,162.60,163.85,75,3500,187.70
2020-12-10 11:21:00,164.90,164.90,164.90,164.90,25,3550,187.63
2020-12-10 11:22:00,164.95,164.95,164.95,164.95,25,3550,187.55
2020-12-10 11:24:00,159.80,159.80,159.80,159.80,25,3525,187.46
2020-12-10 11:29:00,164.95,164.95,164.95,164.95,25,3525,187.39
2020-12-10 11:30:00,169.10,169.10,169.10,169.10,25,3525,187.33
2020-12-10 11:33:00,168.25,168.25,168.25,168.25,25,3525,187.27
2020-12-10 11:38:00,164.45,164.45,164.45,164.45,25,3525,187.20
2020-12-10 11:39:00,165.15,165.15,165.15,165.15,25,3525,187.13
2020-12-10 11:43:00,162.80,165.15,162.80,165.10,75,3500,186.91
2020-12-10 11:44:00,164.25,165.70,164.25,165.70,100,3500,186.64
2020-12-10 11:45:00,162.00,162.00,162.00,162.00,75,3525,186.41
2020-12-10 11:46:00,164.10,164.10,163.90,163.90,50,3525,186.27
2020-12-10 11:47:00,162.15,162.15,162.15,162.15,25,3525,186.20
2020-12-10 11:49:00,168.15,168.15,167.70,167.70,75,3550,186.03
2020-12-10 11:55:00,160.80,160.80,160.80,160.80,25,3575,185.95
2020-12-10 11:57:00,160.45,162.60,160.45,162.60,75,3575,185.73
2020-12-10 11:58:00,160.75,160.75,160.75,160.75,25,3575,185.65
2020-12-10 12:03:00,157.95,157.95,157.95,157.95,25,3625,185.57
2020-12-10 12:04:00,156.95,157.10,154.80,154.80,100,3625,185.22
2020-12-10 12:05:00,155.80,155.80,155.80,155.80,25,3625,185.13
2020-12-10 12:09:00,154.90,154.90,154.90,154.90,25,3625,185.05
2020-12-10 12:14:00,146.90,146.90,146.90,146.90,25,3625,184.93
2020-12-10 12:17:00,144.95,144.95,144.95,144.95,50,3625,184.70
2020-12-10 12:19:00,149.80,149.80,149.80,149.80,25,3600,184.60
2020-12-10 12:20:00,150.25,150.25,150.25,150.25,25,3600,184.50
2020-12-10 12:21:00,151.60,151.60,151.60,151.60,25,3600,184.41
2020-12-10 12:22:00,153.50,155.80,153.50,155.80,50,3600,184.24
2020-12-10 12:26:00,155.15,155.15,153.05,153.05,50,3675,184.06
2020-12-10 12:27:00,150.90,150.90,150.90,150.90,25,3700,183.97
2020-12-10 12:38:00,154.30,154.30,153.55,153.55,50,3575,183.80
2020-12-10 12:39:00,155.90,169.70,155.90,169.70,75,3625,183.62
2020-12-10 12:40:00,173.25,173.25,169.65,169.65,75,3625,183.51
2020-12-10 12:41:00,170.00,170.00,170.00,170.00,25,3650,183.47
2020-12-10 12:42:00,170.10,170.10,170.10,170.10,75,3650,183.36
2020-12-10 12:43:00,169.45,173.40,169.45,173.40,50,3650,183.30
2020-12-10 12:44:00,173.55,173.55,173.55,173.55,25,3650,183.27
2020-12-10 12:46:00,159.10,159.10,159.10,159.10,100,3650,183.01
2020-12-10 12:48:00,162.30,163.45,162.30,163.45,75,3650,182.85
2020-12-10 12:49:00,165.35,166.95,164.35,165.95,150,3650,182.57
2020-12-10 12:50:00,165.40,165.40,161.50,161.50,50,3650,182.47
2020-12-10 12:51:00,156.40,156.40,156.25,156.25,50,3575,182.33
2020-12-10 12:52:00,157.45,157.45,156.05,156.05,50,3575,182.20
2020-12-10 12:53:00,156.75,156.75,156.75,156.75,25,3575,182.13
2020-12-10 12:54:00,156.25,156.25,156.25,156.25,25,3600,182.07
2020-12-10 12:56:00,161.15,161.15,161.15,161.15,25,3600,182.01
2020-12-10 12:57:00,162.50,162.50,162.50,162.50,25,3600,181.96
2020-12-10 12:59:00,163.70,163.70,163.70,163.70,25,3600,181.92
2020-12-10 13:00:00,160.55,160.55,160.55,160.55,25,3550,181.86
2020-12-10 13:01:00,144.15,151.95,144.15,151.95,50,3550,181.69
2020-12-10 13:02:00,159.75,159.75,159.75,159.75,25,3550,181.64
2020-12-10 13:03:00,158.00,158.00,158.00,158.00,25,3500,181.58
2020-12-10 13:05:00,154.35,154.35,154.35,154.35,25,3500,181.51
2020-12-10 13:06:00,155.40,155.40,155.40,155.40,25,3525,181.44
2020-12-10 13:07:00,149.95,149.95,147.80,147.80,50,3525,181.28
2020-12-10 13:08:00,150.10,150.10,150.10,150.10,25,3525,181.20
2020-12-10 13:09:00,149.25,149.25,149.25,149.25,25,3525,181.12
2020-12-10 13:10:00,145.25,145.25,145.25,145.25,25,3525,181.03
2020-12-10 13:11:00,149.20,149.20,149.20,149.20,75,3525,180.80
2020-12-10 13:12:00,153.30,153.30,153.30,153.30,50,3500,180.66
2020-12-10 13:14:00,150.85,150.85,150.85,150.85,25,3500,180.59
2020-12-10 13:15:00,149.60,149.60,149.60,149.60,25,3475,180.51
2020-12-10 13:17:00,145.05,145.05,142.45,142.45,100,3475,180.15
2020-12-10 13:18:00,140.80,140.80,140.80,140.80,25,3425,180.06
2020-12-10 13:19:00,140.25,140.25,131.40,131.45,150,3425,179.42
2020-12-10 13:20:00,131.45,134.35,131.45,134.35,50,3425,179.20
2020-12-10 13:21:00,137.90,137.90,137.90,137.90,25,3425,179.10
2020-12-10 13:22:00,139.15,139.15,136.10,136.10,50,3425,178.91
2020-12-10 13:24:00,135.95,135.95,135.95,135.95,25,3325,178.81
2020-12-10 13:25:00,132.65,132.65,132.65,132.65,25,3325,178.70
2020-12-10 13:26:00,123.40,123.40,121.60,121.60,75,3325,178.31
2020-12-10 13:28:00,120.60,121.70,118.30,121.70,175,3350,177.38
2020-12-10 13:29:00,121.65,121.65,121.65,121.65,50,3350,177.12
2020-12-10 13:30:00,121.00,121.00,118.65,119.70,75,3275,176.74
2020-12-10 13:31:00,119.05,122.25,119.05,122.15,100,3275,176.24
2020-12-10 13:32:00,122.00,122.40,120.65,120.65,100,3275,175.76
2020-12-10 13:33:00,123.90,128.95,123.90,127.25,200,3325,174.89
2020-12-10 13:34:00,125.35,125.35,125.35,125.35,25,3325,174.78
2020-12-10 13:37:00,123.80,123.90,123.80,123.90,50,3300,174.56
2020-12-10 13:38:00,121.65,122.65,121.65,121.85,75,3300,174.22
2020-12-10 13:39:00,120.45,120.55,118.95,120.55,150,2950,173.53
2020-12-10 13:40:00,119.55,120.55,119.25,120.55,75,2950,173.19
2020-12-10 13:41:00,121.05,121.05,120.50,120.50,50,2950,172.97
2020-12-10 13:42:00,122.35,127.35,120.95,127.00,300,2975,171.77
2020-12-10 13:44:00,130.25,130.95,130.25,130.95,75,2975,171.52
2020-12-10 13:46:00,131.00,131.00,130.10,130.10,50,2900,171.35
2020-12-10 13:47:00,122.45,123.80,122.45,123.80,75,2900,171.06
2020-12-10 13:48:00,124.75,124.95,123.60,123.60,100,2800,170.69
2020-12-10 13:50:00,125.15,125.85,123.85,125.85,125,2800,170.24
2020-12-10 13:51:00,126.80,126.80,126.80,126.80,50,2850,170.07
2020-12-10 13:53:00,129.65,129.65,129.65,129.65,50,2850,169.91
2020-12-10 13:54:00,129.75,136.35,129.75,136.35,125,2800,169.56
2020-12-10 13:55:00,136.20,136.20,134.35,134.85,75,2800,169.36
2020-12-10 13:56:00,135.50,136.45,135.50,136.45,75,2800,169.17
2020-12-10 13:57:00,137.30,141.50,137.30,141.50,75,2850,169.00
2020-12-10 13:58:00,139.15,139.20,139.15,139.20,50,2850,168.89
2020-12-10 13:59:00,129.95,134.20,129.95,134.20,100,2850,168.61
2020-12-10 14:00:00,136.70,136.70,136.70,136.70,25,2825,168.55
2020-12-10 14:01:00,136.45,137.50,131.70,135.90,325,2825,167.76
2020-12-10 14:02:00,135.30,135.35,135.30,135.35,75,2825,167.58
2020-12-10 14:03:00,135.45,137.10,135.45,137.10,100,2650,167.35
2020-12-10 14:04:00,137.30,137.70,136.70,137.70,100,2650,167.13
2020-12-10 14:05:00,135.75,135.75,133.15,133.15,75,2650,166.96
2020-12-10 14:06:00,135.20,144.30,135.20,141.70,150,2600,166.67
2020-12-10 14:07:00,145.95,146.25,143.85,146.25,200,2600,166.37
2020-12-10 14:08:00,145.40,145.40,145.15,145.15,50,2600,166.29
2020-12-10 14:09:00,147.20,147.20,147.05,147.05,50,2600,166.23
2020-12-10 14:11:00,141.55,142.20,140.90,140.90,75,2600,166.10
2020-12-10 14:13:00,130.30,131.65,130.30,130.95,125,2625,165.79
2020-12-10 14:14:00,123.45,123.45,123.45,123.45,50,2625,165.65
2020-12-10 14:15:00,125.55,125.55,118.05,120.65,275,2575,164.84
2020-12-10 14:16:00,120.50,123.00,120.50,121.60,200,2575,164.27
2020-12-10 14:17:00,123.20,124.55,123.20,124.55,275,2575,163.55
2020-12-10 14:18:00,123.05,123.05,121.35,121.40,75,2750,163.35
2020-12-10 14:19:00,126.10,126.10,126.10,126.10,75,2750,163.17
2020-12-10 14:20:00,123.70,123.70,123.70,123.70,50,2750,163.04
2020-12-10 14:21:00,115.85,115.85,114.80,114.80,75,2775,162.82
2020-12-10 14:22:00,115.10,116.05,115.10,116.05,100,2775,162.52
2020-12-10 14:23:00,118.35,118.35,118.35,118.35,75,2775,162.31
2020-12-10 14:24:00,120.00,120.20,119.75,119.75,125,2625,161.98
2020-12-10 14:25:00,117.80,119.50,116.65,119.50,125,2625,161.63
2020-12-10 14:26:00,120.60,122.55,120.60,122.55,150,2625,161.27
2020-12-10 14:27:00,124.15,124.15,121.75,121.75,75,2625,161.09
2020-12-10 14:28:00,120.60,123.15,116.55,116.55,125,2625,160.77
2020-12-10 14:29:00,116.65,116.65,112.40,112.40,50,2625,160.63
2020-12-10 14:30:00,118.45,120.45,118.45,120.45,50,2450,160.51
2020-12-10 14:31:00,122.35,124.00,121.85,124.00,100,2450,160.28
2020-12-10 14:32:00,124.75,124.75,124.75,124.75,25,2450,160.23
2020-12-10 14:34:00,127.05,127.05,127.05,127.05,200,2475,159.83
2020-12-10 14:35:00,121.55,123.75,121.55,122.30,175,2475,159.45
2020-12-10 14:36:00,121.40,121.40,121.40,121.40,25,2450,159.39
2020-12-10 14:37:00,124.65,124.65,124.65,124.65,25,2450,159.34
2020-12-10 14:38:00,122.70,123.70,122.70,123.70,75,2450,159.18
2020-12-10 14:39:00,121.55,123.95,121.55,123.95,100,2375,158.97
2020-12-10 14:40:00,122.45,125.50,122.45,125.50,100,2375,158.78
2020-12-10 14:41:00,126.05,128.60,126.05,128.60,50,2375,158.68
2020-12-10 14:42:00,126.40,126.40,126.40,126.40,25,2400,158.64
2020-12-10 14:43:00,124.60,125.40,124.60,125.40,50,2400,158.54
2020-12-10 14:44:00,125.55,125.55,124.70,124.70,75,2400,158.40
2020-12-10 14:45:00,127.75,127.75,127.75,127.75,25,2400,158.36
2020-12-10 14:46:00,126.35,131.25,126.35,131.25,50,2200,158.27
2020-12-10 14:47:00,130.70,132.45,130.35,130.35,100,2200,158.12
2020-12-10 14:48:00,130.30,131.05,129.85,129.90,200,2200,157.81
2020-12-10 14:49:00,128.65,128.65,126.95,127.00,150,2200,157.56
2020-12-10 14:50:00,125.35,125.35,125.35,125.35,25,2200,157.52
2020-12-10 14:51:00,122.55,122.55,122.55,122.55,25,2200,157.47
2020-12-10 14:52:00,123.15,124.30,123.15,124.30,175,2225,157.15
2020-12-10 14:53:00,124.80,125.55,124.80,125.55,100,2225,156.97
2020-12-10 14:54:00,127.35,128.05,126.60,126.60,75,2200,156.85
2020-12-10 14:55:00,127.00,127.00,127.00,127.00,25,2200,156.81
2020-12-10 14:56:00,125.15,125.20,123.25,123.25,150,2200,156.55
2020-12-10 15:00:00,131.85,133.85,131.85,132.05,150,2150,156.36
2020-12-10 15:01:00,134.70,134.70,134.70,134.70,50,2150,156.30
2020-12-10 15:02:00,129.10,129.10,129.10,129.10,25,2150,156.27
2020-12-10 15:07:00,131.00,131.00,131.00,131.00,25,2125,156.23
2020-12-10 15:11:00,130.30,130.30,130.30,130.30,25,2125,156.20
2020-12-10 15:15:00,129.25,129.25,129.25,129.25,25,2100,156.16
2020-12-10 15:17:00,131.85,131.85,131.85,131.85,25,2100,156.13
2020-12-10 15:21:00,131.95,131.95,131.95,131.95,25,2150,156.10
2020-12-10 15:22:00,131.95,131.95,131.35,131.35,50,2150,156.03
2020-12-10 15:23:00,130.00,130.00,129.55,129.55,50,2150,155.97
2020-12-10 15:27:00,128.85,128.85,128.85,128.85,25,2150,155.93
2020-12-10 15:29:01,129.05,129.05,129.05,129.05,25,2150,155.90
2020-10-13 09:16:00,102.00,102.00,85.35,85.45,150,2125,88.16
2020-10-13 09:17:00,87.60,87.60,87.60,87.60,75,2125,87.86
2020-10-13 09:20:00,90.25,90.25,90.25,90.25,25,2150,88.10
2020-10-13 09:21:00,91.00,92.95,91.00,92.95,100,2150,89.34
2020-10-13 09:22:00,90.50,90.50,90.50,90.50,25,2150,89.42
2020-10-13 09:23:00,90.45,90.60,90.45,90.60,50,2050,89.55
2020-10-13 09:24:00,87.60,89.90,87.60,89.55,150,2050,89.38
2020-10-13 09:25:00,90.45,91.95,90.45,91.95,125,2050,89.65
2020-10-13 09:26:00,92.65,93.40,92.60,93.40,125,2025,90.14
2020-10-13 09:27:00,93.10,93.10,93.10,93.10,25,0,90.23
2020-10-13 09:28:00,92.20,92.20,92.20,92.20,25,2025,90.29
2020-10-13 09:29:00,90.00,90.00,90.00,90.00,100,2025,90.25
2020-10-13 09:30:00,90.15,90.15,87.75,87.75,50,2025,90.19
2020-10-13 09:31:00,91.75,92.00,91.75,92.00,75,2025,90.31
2020-10-13 09:34:00,95.55,95.60,89.45,89.45,100,1900,90.59
2020-10-13 09:35:00,94.90,94.90,94.90,94.90,50,1925,90.80
2020-10-13 09:36:00,97.45,101.95,97.45,101.95,150,1925,91.79
2020-10-13 09:37:00,97.95,97.95,97.95,97.95,50,1925,92.06
2020-10-13 09:42:00,97.45,97.45,97.45,97.45,25,1925,92.16
2020-10-13 09:44:00,96.00,97.00,96.00,97.00,50,1925,92.30
2020-10-13 09:46:00,102.45,102.45,102.45,102.45,25,1925,92.46
2020-10-13 09:50:00,97.15,97.15,97.15,97.15,25,1950,92.54
2020-10-13 09:51:00,96.00,96.00,96.00,96.00,75,1950,92.69
2020-10-13 09:52:00,96.60,96.60,96.60,96.60,25,1950,92.75
2020-10-13 09:53:00,94.05,94.05,94.05,94.05,25,2025,92.77
2020-10-13 09:57:00,93.30,93.30,93.30,93.30,25,2025,92.78
2020-10-13 09:58:00,93.40,93.40,93.40,93.40,25,2025,92.79
2020-10-13 10:00:00,93.75,93.75,93.75,93.75,25,2000,92.80
2020-10-13 10:01:00,93.10,93.10,93.10,93.10,75,2000,92.73
2020-10-13 10:02:00,94.60,94.60,94.60,94.60,25,2050,92.76
2020-10-13 10:04:00,98.20,98.20,98.20,98.20,100,2050,93.03
2020-10-13 10:07:00,94.00,94.00,94.00,94.00,25,2125,93.05
2020-10-13 10:11:00,91.95,91.95,91.95,91.95,25,2150,93.03
2020-10-13 10:12:00,93.85,93.85,92.00,92.00,75,2150,93.03
2020-10-13 10:25:00,102.50,102.50,102.50,102.50,25,2125,93.14
2020-10-13 10:27:00,102.15,102.15,102.15,102.15,25,2125,93.24
2020-10-13 10:31:00,98.50,98.50,98.50,98.50,25,2150,93.30
2020-10-13 10:34:00,97.75,97.75,97.75,97.75,25,2125,93.36
2020-10-13 10:40:00,117.00,117.00,117.00,117.00,100,2125,94.38
2020-10-13 10:41:00,116.00,116.00,112.85,112.85,50,2225,94.81
2020-10-13 10:44:00,112.00,112.00,111.90,111.90,75,2250,95.34
2020-10-13 10:45:00,121.60,121.60,121.60,121.60,50,2250,95.87
2020-10-13 10:46:00,130.15,130.15,130.15,130.15,25,2250,96.21
2020-10-13 10:47:00,126.15,126.15,126.15,126.15,25,0,96.51
2020-10-13 10:48:00,122.70,122.70,122.70,122.70,25,2200,96.76
2020-10-13 10:49:00,125.85,125.85,124.75,124.75,75,2200,97.58
2020-10-13 10:54:00,126.75,126.75,123.55,123.55,125,2225,98.83
2020-10-13 10:55:00,120.50,120.50,120.50,120.50,25,2225,99.03
2020-10-13 10:57:00,124.45,124.45,124.45,124.45,25,2300,99.26
2020-10-13 10:58:00,121.15,121.15,120.00,120.00,50,2300,99.63
2020-10-13 11:00:00,118.00,118.00,118.00,118.00,25,2350,99.79
2020-10-13 11:01:00,117.00,117.65,117.00,117.65,100,2350,100.37
2020-10-13 11:02:00,119.05,119.05,119.05,119.05,25,2375,100.53
2020-10-13 11:03:00,119.10,119.10,119.10,119.10,25,2375,100.68
2020-10-13 11:04:00,123.60,123.60,123.60,123.60,100,2375,101.42
2020-10-13 11:06:00,122.60,122.60,116.55,116.55,225,2500,102.65
2020-10-13 11:07:00,116.15,116.15,116.00,116.00,50,2500,102.84
2020-10-13 11:08:00,116.15,118.25,116.15,118.25,150,2725,103.46
2020-10-13 11:10:00,116.45,117.50,115.15,117.50,100,2725,103.82
2020-10-13 11:11:00,117.30,118.75,117.30,118.75,50,2725,104.01
2020-10-13 11:12:00,115.50,117.00,115.50,117.00,100,2775,104.33
2020-10-13 11:13:00,117.00,117.00,117.00,117.00,25,2775,104.41
2020-10-13 11:14:00,115.95,117.15,115.90,117.15,250,2825,105.14
2020-10-13 11:16:00,116.40,116.40,114.90,115.70,75,2825,105.33
2020-10-13 11:17:00,115.75,117.95,115.35,117.95,200,2825,105.86
2020-10-13 11:18:00,117.65,118.85,117.65,118.30,125,2825,106.21
2020-10-13 11:19:00,116.80,117.60,116.80,117.60,100,2825,106.45
2020-10-13 11:20:00,116.60,117.25,116.35,116.90,150,3000,106.78
2020-10-13 11:21:00,118.10,118.10,118.10,118.10,25,3000,106.84
2020-10-13 11:25:00,120.50,120.50,120.00,120.00,50,2975,106.98
2020-10-13 11:27:00,115.00,115.00,115.00,115.00,25,2950,107.02
2020-10-13 11:29:00,115.15,115.15,110.00,111.30,100,2950,107.12
2020-10-13 11:30:00,114.35,115.50,114.35,115.50,75,3000,107.24
2020-10-13 11:32:00,113.95,113.95,113.95,113.95,25,3000,107.27
2020-10-13 11:35:00,115.65,115.65,115.65,115.65,50,3200,107.36
2020-10-13 11:36:00,116.05,116.15,116.05,116.15,50,3200,107.44
2020-10-13 11:40:00,117.50,117.50,116.80,116.80,50,3025,107.53
2020-10-13 11:41:00,117.00,117.65,116.65,116.65,175,3125,107.85
2020-10-13 11:44:00,114.05,114.05,114.05,114.05,25,3125,107.88
2020-10-13 11:46:00,113.20,114.05,113.20,114.00,225,3175,108.11
2020-10-13 11:47:00,116.70,116.70,116.70,116.70,75,3175,108.23
2020-10-13 11:48:00,119.00,119.00,119.00,119.00,50,3175,108.32
2020-10-13 11:59:00,122.80,122.80,121.80,121.80,50,3150,108.44
2020-10-13 12:00:00,123.30,123.30,120.50,120.50,100,3150,108.67
2020-10-13 12:01:00,117.00,117.00,106.20,113.30,225,3150,108.87
2020-10-13 12:02:00,113.35,114.65,113.35,114.65,75,3150,108.93
2020-10-13 12:03:00,114.30,115.85,113.40,113.40,175,3150,109.10
2020-10-13 12:04:00,112.30,112.30,112.30,112.30,25,3150,109.11
2020-10-13 12:05:00,110.65,110.65,107.95,107.95,100,3175,109.11
2020-10-13 12:06:00,109.15,109.15,109.15,109.15,25,3175,109.11
2020-10-13 12:09:00,108.15,108.15,108.15,108.15,25,3200,109.11
2020-10-13 12:10:00,110.40,110.40,110.40,110.40,25,3200,109.11
2020-10-13 12:11:00,110.40,110.40,110.40,110.40,25,3200,109.12
2020-10-13 12:13:00,109.85,109.85,109.85,109.85,25,3200,109.12
2020-10-13 12:15:00,103.45,103.45,103.25,103.25,150,3200,108.98
2020-10-13 12:16:00,99.40,99.40,99.10,99.10,100,3200,108.84
2020-10-13 12:17:00,100.30,100.30,100.30,100.30,50,3200,108.78
2020-10-13 12:18:00,99.95,100.85,99.95,100.85,50,3275,108.72
2020-10-13 12:20:00,101.80,101.80,101.80,101.80,25,3250,108.70
2020-10-13 12:21:00,101.50,102.00,101.50,102.00,50,3250,108.65
2020-10-13 12:24:00,100.35,101.20,99.80,101.20,125,3275,108.51
2020-10-13 12:25:00,100.00,100.00,100.00,100.00,25,3275,108.48
2020-10-13 12:26:00,100.70,101.75,100.70,101.75,150,3225,108.33
2020-10-13 12:28:00,104.35,104.35,103.00,103.55,125,3225,108.25
2020-10-13 12:29:00,106.05,106.05,104.25,104.25,50,3225,108.23
2020-10-13 12:31:00,103.10,103.10,103.10,103.10,25,3250,108.21
2020-10-13 12:34:00,100.95,100.95,100.95,100.95,25,3225,108.19
2020-10-13 12:35:00,100.00,100.00,100.00,100.00,100,3225,108.08
2020-10-13 12:36:00,100.00,100.00,99.70,99.70,125,3125,107.95
2020-10-13 12:38:00,97.35,97.35,97.35,97.35,75,3125,107.85
2020-10-13 12:39:00,98.45,98.45,98.45,98.45,25,2975,107.82
2020-10-13 12:40:00,97.85,97.85,97.85,97.85,25,2975,107.79
2020-10-13 12:42:00,100.00,102.10,100.00,102.10,75,3025,107.73
2020-10-13 12:43:00,99.85,99.85,99.45,99.45,100,3025,107.63
2020-10-13 12:45:00,95.60,95.60,95.60,95.60,25,3100,107.59
2020-10-13 12:46:00,91.70,91.70,91.70,91.70,25,3100,107.54
2020-10-13 12:47:00,91.70,91.70,91.00,91.00,50,3100,107.44
2020-10-13 12:48:00,92.35,92.35,92.35,92.35,125,3075,107.18
2020-10-13 12:49:00,91.10,93.40,91.10,93.40,75,3075,107.05
2020-10-13 12:50:00,87.00,90.65,87.00,90.65,150,3075,106.75
2020-10-13 12:52:00,92.00,92.00,90.60,90.60,175,2975,106.45
2020-10-13 12:53:00,90.30,91.25,90.25,90.25,200,2975,106.10
2020-10-13 12:54:00,90.95,90.95,89.25,89.25,75,3150,105.96
2020-10-13 12:55:00,87.60,90.00,87.60,90.00,225,3150,105.57
2020-10-13 12:56:00,90.00,91.50,89.25,90.00,400,3150,104.93
2020-10-13 12:57:00,90.00,91.00,89.95,91.00,350,3450,104.41
2020-10-13 12:58:00,89.65,89.65,89.65,89.65,25,3450,104.37
2020-10-13 12:59:00,89.95,93.65,89.95,93.65,650,3450,103.62
2020-10-13 13:01:00,90.70,91.00,90.70,91.00,125,3800,103.47
2020-10-13 13:03:00,89.35,89.35,89.20,89.20,50,3875,103.40
2020-10-13 13:04:00,89.60,90.75,89.60,90.75,50,3875,103.34
2020-10-13 13:06:00,88.00,88.00,87.45,87.45,100,3175,103.20
2020-10-13 13:08:00,90.35,92.05,90.35,92.05,50,3175,103.15
2020-10-13 13:09:00,92.85,92.90,92.85,92.90,100,3150,103.06
2020-10-13 13:17:00,96.35,96.35,96.35,96.35,25,3150,103.04
2020-10-13 13:21:00,97.70,97.70,97.00,97.55,100,3175,102.99
2020-10-13 13:24:00,96.10,96.10,96.10,96.10,25,3175,102.97
2020-10-13 13:25:00,89.90,89.90,89.90,89.90,25,3175,102.94
2020-10-13 13:26:00,91.65,91.65,91.65,91.65,25,3175,102.92
2020-10-13 13:27:00,92.65,92.65,92.65,92.65,25,3175,102.90
2020-10-13 13:29:00,92.50,92.50,92.50,92.50,25,3175,102.87
2020-10-13 13:39:00,95.00,95.00,94.80,94.80,50,3175,102.84
2020-10-13 13:45:00,92.70,92.70,92.70,92.70,50,3225,102.79
2020-10-13 13:46:00,85.05,86.05,85.05,86.05,125,3225,102.60
2020-10-13 13:47:00,85.95,85.95,85.95,85.95,25,3225,102.57
2020-10-13 13:48:00,86.75,86.75,82.45,83.55,125,3350,102.38
2020-10-13 13:49:00,83.90,85.35,83.90,84.55,150,3350,102.15
2020-10-13 13:50:00,83.10,83.10,81.75,81.75,100,3350,101.98
2020-10-13 13:51:00,78.55,84.40,78.55,84.40,75,3475,101.86
2020-10-13 13:52:00,86.95,86.95,86.00,86.00,100,3475,101.73
2020-10-13 13:53:00,83.50,83.65,83.50,83.65,100,3475,101.59
2020-10-13 13:55:00,84.50,84.50,83.55,83.55,150,3475,101.39
2020-10-13 13:56:00,86.50,87.95,86.50,87.95,100,3475,101.27
2020-10-13 13:57:00,85.15,87.55,85.15,85.70,125,3350,101.11
2020-10-13 14:00:00,85.00,85.00,85.00,85.00,50,3350,101.05
2020-10-13 14:01:00,89.25,89.25,89.25,89.25,25,3425,101.03
2020-10-13 14:02:00,91.40,91.40,88.60,90.30,175,3425,100.88
2020-10-13 14:05:00,91.95,91.95,91.95,91.95,25,3375,100.86
2020-10-13 14:06:00,87.65,87.65,87.65,87.65,100,3375,100.76
2020-10-13 14:08:00,87.65,87.65,87.65,87.65,25,3350,100.74
2020-10-13 14:09:00,85.10,86.45,85.10,86.45,100,3350,100.63
2020-10-13 14:12:00,86.00,86.00,86.00,86.00,200,3375,100.41
2020-10-13 14:13:00,87.00,87.05,87.00,87.05,75,3375,100.33
2020-10-13 14:15:00,91.55,91.55,91.55,91.55,150,3525,100.22
2020-10-13 14:16:00,92.15,92.25,92.05,92.20,225,3525,100.09
2020-10-13 14:17:00,92.00,92.00,92.00,92.00,100,3525,100.03
2020-10-13 14:18:00,91.25,91.25,91.25,91.25,25,3400,100.01
2020-10-13 14:19:00,93.35,93.35,91.00,91.00,200,3400,99.89
2020-10-13 14:20:00,90.80,90.80,86.35,86.35,200,3400,99.73
2020-10-13 14:21:00,84.80,84.80,81.65,82.35,75,3650,99.64
2020-10-13 14:22:00,82.35,82.35,81.35,81.35,75,3650,99.55
2020-10-13 14:23:00,82.70,82.70,82.70,82.70,25,3650,99.52
2020-10-13 14:24:00,81.45,81.45,81.45,81.45,75,0,99.43
2020-10-13 14:25:00,80.00,80.00,80.00,80.00,25,3700,99.40
2020-10-13 14:26:00,80.80,82.30,80.00,82.05,450,3700,98.85
2020-10-13 14:27:00,81.75,82.80,80.95,81.85,175,3800,98.66
2020-10-13 14:28:00,82.65,82.65,82.65,82.65,25,3800,98.63
2020-10-13 14:29:00,79.20,79.20,78.60,78.60,50,3800,98.57
2020-10-13 14:31:00,78.40,78.40,78.40,78.40,75,3975,98.47
2020-10-13 14:32:00,82.35,82.35,79.40,81.95,475,3975,97.97
2020-10-13 14:33:00,81.95,83.20,81.95,82.55,400,4100,97.58
2020-10-13 14:44:00,84.75,84.75,84.75,84.75,25,4300,97.56
2020-10-13 14:45:00,84.25,84.25,84.25,84.25,75,4300,97.50
2020-10-13 14:46:00,81.60,81.60,81.60,81.60,25,4300,97.48
2020-10-13 14:48:00,78.55,78.55,78.55,78.55,125,4350,97.37
2020-10-13 14:54:00,81.40,82.45,81.40,82.45,1075,4350,96.40
2020-10-13 14:55:00,82.95,82.95,82.95,82.95,125,4350,96.30
2020-10-13 14:59:00,85.00,85.00,85.00,85.00,50,5400,96.27
2020-10-13 15:03:00,82.95,82.95,82.95,82.95,50,4775,96.23
2020-10-13 15:04:00,80.60,80.60,80.60,80.60,25,4775,96.21
2020-10-13 15:15:00,78.40,78.40,78.40,78.40,25,4725,96.19
2020-10-13 15:19:00,81.30,81.30,81.30,81.30,25,4700,96.16
2020-10-13 15:22:00,81.05,81.05,81.05,81.05,50,4700,96.12
2020-10-13 15:23:00,78.30,78.30,77.90,78.30,50,4700,96.07
2020-10-13 15:24:00,78.40,78.40,78.40,78.40,75,4675,96.00
2020-10-13 15:25:00,77.90,77.90,77.45,77.45,125,4675,95.87
2020-10-13 15:26:00,77.30,77.30,76.95,76.95,75,4675,95.79
2020-10-13 15:28:00,75.50,75.50,75.50,75.50,25,4600,95.77
2020-10-13 15:29:01,78.85,78.85,72.55,72.55,50,4600,95.71
2020-10-14 09:18:00,55.60,55.60,55.60,55.60,25,4550,55.60
2020-10-14 09:19:00,55.05,55.05,55.00,55.05,125,4550,55.10
2020-10-14 09:20:00,54.00,54.00,54.00,54.00,200,4525,54.47
2020-10-14 09:21:00,58.80,58.80,52.25,52.25,75,4525,54.77
2020-10-14 09:22:00,55.95,55.95,55.95,55.95,25,4525,54.84
2020-10-14 09:23:00,54.60,54.60,52.00,52.00,1075,4525,54.54
2020-10-14 09:24:00,54.00,55.80,54.00,55.80,125,4200,54.53
2020-10-14 09:25:00,54.95,54.95,51.80,54.00,275,4200,54.33
2020-10-14 09:27:00,54.00,54.00,54.00,54.00,100,4150,54.31
2020-10-14 09:28:00,52.80,53.00,52.80,53.00,75,4150,54.26
2020-10-14 09:29:00,53.00,53.00,53.00,53.00,175,4125,54.17
2020-10-14 09:30:00,53.00,53.00,53.00,53.00,125,4125,54.10
2020-10-14 09:31:00,50.00,50.00,50.00,50.00,50,4125,54.02
2020-10-14 09:32:00,47.15,47.15,47.15,47.15,25,4300,53.95
2020-10-14 09:33:00,46.85,47.25,46.85,47.25,625,4300,52.56
2020-10-14 09:34:00,48.55,48.55,48.50,48.50,75,4300,52.46
2020-10-14 09:35:00,49.00,49.15,49.00,49.15,125,4300,52.33
2020-10-14 09:36:00,48.10,48.50,48.10,48.50,175,4300,52.14
2020-10-14 09:37:00,48.30,48.55,48.30,48.40,275,4300,51.87
2020-10-14 09:38:00,50.55,50.55,50.55,50.55,25,4275,51.86
2020-10-14 09:39:00,49.00,49.00,49.00,49.00,25,4275,51.84
2020-10-14 09:41:00,50.75,50.75,50.75,50.75,25,4275,51.83
2020-10-14 09:42:00,53.30,53.30,53.30,53.30,75,4275,51.80
2020-10-14 09:49:00,48.50,48.50,48.50,48.50,25,3425,51.78
2020-10-14 09:50:00,46.55,46.55,46.55,46.55,25,3450,51.75
2020-10-14 09:55:00,50.05,50.05,50.05,50.05,500,3425,51.56
2020-10-14 09:56:00,49.20,49.20,49.20,49.20,25,3925,51.54
2020-10-14 09:57:00,49.25,49.25,49.15,49.15,1075,3925,51.08
2020-10-14 09:58:00,51.00,51.00,50.00,50.00,100,3925,51.07
2020-10-14 09:59:00,49.50,49.50,48.55,48.55,150,4200,51.00
2020-10-14 10:00:00,50.80,50.80,50.80,50.80,50,4200,51.00
2020-10-14 10:01:00,50.05,50.05,50.05,50.05,50,4200,50.99
2020-10-14 10:03:00,51.00,51.00,51.00,51.00,2050,4225,50.93
2020-10-14 10:04:00,50.00,50.00,50.00,50.00,25,4225,50.93
2020-10-14 10:06:00,50.00,50.00,50.00,50.00,25,6175,50.93
2020-10-14 10:10:00,49.90,50.20,49.25,50.20,175,6175,50.90
2020-10-14 10:19:00,49.75,50.85,49.75,50.85,250,5650,50.88
2020-10-14 10:28:00,48.00,48.00,48.00,48.00,25,5775,50.88
2020-10-14 10:30:00,47.25,47.25,47.25,47.25,25,5775,50.86
2020-10-14 10:31:00,48.05,48.05,48.05,48.05,50,5775,50.85
2020-10-14 10:42:00,49.25,49.25,49.10,49.10,75,5725,50.83
2020-10-14 10:44:00,48.60,48.60,48.60,48.60,25,5725,50.83
2020-10-14 10:52:00,47.75,47.75,47.75,47.75,25,5775,50.82
2020-10-14 10:59:00,48.20,48.20,48.20,48.20,100,5775,50.79
2020-10-14 11:06:00,45.00,45.00,45.00,45.00,25,5875,50.77
2020-10-14 11:08:00,43.35,43.35,43.35,43.35,25,5875,50.75
2020-10-14 11:09:00,44.00,44.00,44.00,44.00,25,5875,50.73
2020-10-14 11:10:00,44.05,44.05,44.05,44.05,25,5875,50.71
2020-10-14 11:11:00,43.35,43.35,43.35,43.35,25,5875,50.69
2020-10-14 11:20:00,40.95,40.95,40.55,40.55,50,5900,50.64
2020-10-14 11:21:00,41.00,41.00,41.00,41.00,25,5900,50.61
2020-10-14 11:29:00,41.65,41.65,41.10,41.10,75,5850,50.54
2020-10-14 11:30:00,40.00,42.00,40.00,42.00,175,5850,50.35
2020-10-14 11:35:00,42.05,42.05,42.05,42.05,25,5925,50.33
2020-10-14 11:38:00,42.10,42.60,42.10,42.60,50,5925,50.28
2020-10-14 11:39:00,41.85,41.85,41.85,41.85,25,5925,50.26
2020-10-14 11:45:00,41.15,41.15,41.15,41.15,50,5900,50.21
2020-10-14 11:47:00,42.50,42.50,42.50,42.50,25,5850,50.19
2020-10-14 11:50:00,44.00,44.00,44.00,44.00,100,5850,50.13
2020-10-14 11:51:00,43.00,43.00,43.00,43.00,100,5850,50.05
2020-10-14 11:52:00,43.00,43.00,43.00,43.00,200,5850,49.91
2020-10-14 11:53:00,43.70,43.70,43.00,43.00,75,5850,49.86
2020-10-14 11:56:00,42.75,42.75,42.75,42.75,25,6175,49.84
2020-10-14 12:02:00,50.60,50.60,50.60,50.60,25,6175,49.84
2020-10-14 12:10:00,42.05,42.05,42.05,42.05,25,6175,49.82
2020-10-14 12:13:00,47.80,47.80,47.80,47.80,50,6175,49.81
2020-10-14 12:14:00,43.05,43.05,43.00,43.00,150,6175,49.71
2020-10-14 12:16:00,42.30,42.30,42.30,42.30,25,6175,49.69
2020-10-14 12:24:00,46.40,46.40,46.40,46.40,25,6350,49.68
2020-10-14 12:25:00,47.45,50.85,47.45,50.85,275,6350,49.63
2020-10-14 12:26:00,48.10,48.10,48.10,48.10,25,6350,49.63
2020-10-14 12:32:00,46.30,46.30,46.30,46.30,50,6250,49.61
2020-10-14 12:50:00,51.75,51.75,51.75,51.75,25,6200,49.62
2020-10-14 13:02:00,46.10,46.10,42.10,42.10,250,6225,49.48
2020-10-14 13:03:00,40.55,40.55,40.55,40.55,25,6275,49.46
2020-10-14 13:23:00,42.15,42.15,42.15,42.15,25,6275,49.44
2020-10-14 13:25:00,42.30,42.30,42.30,42.30,225,6250,49.30
2020-10-14 13:30:00,43.45,43.80,43.45,43.80,50,6350,49.27
2020-10-14 13:31:00,43.80,43.95,43.70,43.95,350,6350,49.12
2020-10-14 13:33:00,43.60,43.65,43.60,43.65,225,6475,49.01
2020-10-14 13:36:00,43.55,43.55,43.55,43.55,50,6325,48.99
2020-10-14 13:40:00,44.75,45.05,44.75,45.05,75,6275,48.97
2020-10-14 13:44:00,45.20,45.20,45.20,45.20,25,6325,48.96
2020-10-14 13:48:00,43.25,43.25,42.60,42.60,150,6150,48.88
2020-10-14 13:49:00,43.40,43.40,43.40,43.40,350,6150,48.72
2020-10-14 13:51:00,43.90,44.20,43.90,44.20,150,6425,48.66
2020-10-14 13:56:00,43.35,43.35,43.35,43.35,100,6450,48.62
2020-10-14 13:57:00,43.95,43.95,43.95,43.95,25,6550,48.61
2020-10-14 13:58:00,45.00,45.00,45.00,45.00,200,6550,48.55
2020-10-14 13:59:00,45.95,45.95,45.95,45.95,25,6550,48.55
2020-10-14 14:00:00,46.00,49.55,45.95,45.95,550,6650,48.52
2020-10-14 14:01:00,46.50,46.50,45.75,45.75,175,6650,48.49
2020-10-14 14:04:00,44.80,44.90,44.80,44.90,75,6525,48.47
2020-10-14 14:07:00,44.50,45.45,44.50,45.45,150,6350,48.43
2020-10-14 14:08:00,45.65,45.65,45.65,45.65,50,6350,48.42
2020-10-14 14:11:00,46.95,48.40,46.95,47.15,125,6350,48.41
2020-10-14 14:12:00,47.00,47.00,46.80,46.85,225,6425,48.38
2020-10-14 14:13:00,47.05,47.90,47.05,47.40,100,6425,48.38
2020-10-14 14:14:00,46.55,47.00,46.55,47.00,75,6425,48.37
2020-10-14 14:15:00,46.80,46.80,46.75,46.75,75,6400,48.36
2020-10-14 14:16:00,47.40,47.95,47.40,47.95,175,6400,48.35
2020-10-14 14:17:00,48.15,48.15,48.15,48.15,25,6400,48.35
2020-10-14 14:18:00,48.30,48.30,47.75,47.80,200,6400,48.35
2020-10-14 14:19:00,48.15,50.65,48.15,50.65,325,6400,48.35
2020-10-14 14:20:00,52.35,57.00,52.35,57.00,1050,6400,48.90
2020-10-14 14:21:00,59.90,62.90,59.90,62.30,1300,6475,49.79
2020-10-14 14:22:00,62.70,67.95,62.70,67.95,225,6475,49.99
2020-10-14 14:23:00,69.50,69.50,63.85,64.20,175,6475,50.13
2020-10-14 14:24:00,66.00,66.00,66.00,66.00,250,6225,50.35
2020-10-14 14:25:00,65.75,68.20,65.75,68.20,75,6225,50.42
2020-10-14 14:26:00,67.40,68.20,67.40,68.20,75,6225,50.49
2020-10-14 14:27:00,67.75,69.90,67.75,67.75,50,6225,50.54
2020-10-14 14:28:00,71.40,72.75,71.40,72.00,150,6175,50.72
2020-10-14 14:29:00,71.30,74.20,71.05,74.20,75,6175,50.80
2020-10-14 14:30:00,75.55,78.75,74.20,74.20,1175,6100,52.28
2020-10-14 14:31:00,77.15,77.15,76.30,76.30,125,6100,52.44
2020-10-14 14:32:00,77.00,77.00,77.00,77.00,125,6100,52.59
2020-10-14 14:33:00,77.00,78.35,77.00,78.35,175,6175,52.81
2020-10-14 14:34:00,78.15,78.15,73.75,73.75,125,6175,52.95
2020-10-14 14:35:00,70.00,71.20,68.25,68.25,325,6175,53.21
2020-10-14 14:36:00,69.20,69.20,69.20,69.20,50,6300,53.25
2020-10-14 14:38:00,69.20,69.60,68.40,69.60,125,6300,53.35
2020-10-14 14:39:00,69.90,69.90,69.90,69.90,25,5600,53.37
2020-10-14 14:40:00,72.00,72.00,72.00,72.00,225,5600,53.57
2020-10-14 14:41:00,70.80,73.10,70.80,73.10,125,5600,53.68
2020-10-14 14:42:00,73.05,74.20,72.40,72.40,150,5575,53.81
2020-10-14 14:43:00,71.80,76.45,71.80,74.35,1050,5575,54.77
2020-10-14 14:44:00,75.35,75.35,75.35,75.35,25,5575,54.79
2020-10-14 14:45:00,80.75,80.75,78.15,78.70,275,5900,55.08
2020-10-14 14:46:00,76.50,77.70,76.50,77.70,50,5900,55.13
2020-10-14 14:47:00,76.00,76.00,76.00,76.00,50,5900,55.18
2020-10-14 14:48:00,74.90,76.00,74.90,76.00,50,5825,55.22
2020-10-14 14:49:00,77.90,79.60,77.90,79.60,250,5825,55.47
2020-10-14 14:50:00,79.05,79.20,77.60,78.30,425,5825,55.88
2020-10-14 14:51:00,78.65,78.65,77.80,78.10,425,5600,56.27
2020-10-14 14:52:00,77.90,78.65,77.10,78.65,125,5600,56.39
2020-10-14 14:53:00,76.00,76.55,75.65,76.20,750,5600,56.98
2020-10-14 14:54:00,75.40,76.30,73.90,75.35,325,5775,57.21
2020-10-14 14:55:00,76.65,79.80,76.65,79.80,300,5775,57.45
2020-10-14 14:56:00,81.35,89.75,81.35,89.75,175,5775,57.64
2020-10-14 14:57:00,90.00,90.65,86.90,87.40,375,5850,58.07
2020-10-14 14:58:00,87.70,88.85,87.70,88.85,300,5850,58.43
2020-10-14 14:59:00,89.50,92.10,89.50,92.10,100,5850,58.55
2020-10-14 15:00:00,94.00,97.95,94.00,97.20,1100,5925,60.04
2020-10-14 15:01:00,97.25,104.80,97.25,102.00,700,5925,61.01
2020-10-14 15:02:00,100.00,101.40,100.00,100.00,500,5925,61.70
2020-10-14 15:03:00,101.00,101.50,99.70,99.70,1125,6525,63.16
2020-10-14 15:04:00,100.45,102.35,99.80,100.25,400,6525,63.65
2020-10-14 15:05:00,96.95,98.05,95.30,98.05,400,6525,64.09
2020-10-14 15:06:00,98.45,99.65,98.45,99.50,300,6225,64.42
2020-10-14 15:07:00,96.70,98.25,96.70,98.25,50,6225,64.48
2020-10-14 15:08:00,97.75,100.00,97.75,99.55,125,6225,64.62
2020-10-14 15:09:00,98.15,99.45,98.15,98.90,100,6175,64.73
2020-10-14 15:10:00,100.00,102.35,100.00,102.05,225,6175,64.99
2020-10-14 15:11:00,101.05,101.05,99.65,99.65,50,6175,65.04
2020-10-14 15:12:00,98.85,99.20,98.85,99.20,100,6125,65.15
2020-10-14 15:13:00,98.50,98.50,98.50,98.50,75,6125,65.23
2020-10-14 15:15:00,99.55,99.55,99.55,99.55,25,6125,65.26
2020-10-14 15:16:00,102.00,102.30,102.00,102.25,100,6100,65.37
2020-10-14 15:17:00,102.85,104.75,102.85,104.75,75,6100,65.46
2020-10-14 15:18:00,105.00,110.00,105.00,110.00,150,6175,65.66
2020-10-14 15:19:00,109.55,109.55,108.00,109.15,225,6175,65.96
2020-10-14 15:20:00,112.00,113.55,112.00,113.55,175,6175,66.21
2020-10-14 15:21:00,113.05,118.20,112.85,118.20,700,6125,67.23
2020-10-14 15:22:00,114.70,115.20,113.00,113.00,200,6125,67.51
2020-10-14 15:23:00,110.00,110.00,107.75,107.75,100,6125,67.63
2020-10-14 15:24:00,105.70,107.20,104.00,105.70,350,6425,68.03
2020-10-14 15:25:00,105.70,105.70,101.40,101.40,750,6425,68.82
2020-10-14 15:27:00,105.95,108.85,105.80,108.40,375,6725,69.23
2020-10-14 15:28:00,102.75,109.00,102.75,105.75,475,6725,69.73
2020-10-14 15:29:01,103.45,112.25,103.45,112.25,150,6725,69.88
2020-10-15 09:15:00,94.65,94.70,67.00,74.35,150,6400,77.46
2020-10-15 09:16:00,68.35,68.35,60.20,60.20,375,6400,66.88
2020-10-15 09:17:00,62.20,63.25,61.00,61.30,325,6725,65.02
2020-10-15 09:18:00,60.00,60.25,60.00,60.00,175,6725,64.17
2020-10-15 09:19:00,57.50,61.00,57.50,58.45,3050,6725,60.43
2020-10-15 09:20:00,57.90,57.95,56.55,57.95,175,6550,60.30
2020-10-15 09:21:00,56.25,58.00,56.25,56.25,125,6550,60.19
2020-10-15 09:22:00,55.95,56.90,54.25,55.00,1075,6550,59.37
2020-10-15 09:23:00,55.60,57.20,55.50,56.90,1075,6675,58.91
2020-10-15 09:24:00,56.80,56.80,55.60,55.60,200,6675,58.84
2020-10-15 09:25:00,57.00,57.10,56.00,56.00,150,6675,58.79
2020-10-15 09:26:00,54.05,54.05,52.95,53.00,200,6825,58.63
2020-10-15 09:27:00,52.65,52.65,51.35,51.55,275,6825,58.39
2020-10-15 09:28:00,51.35,53.10,51.35,53.10,200,6825,58.23
2020-10-15 09:29:00,53.40,54.25,53.40,54.00,150,6450,58.14
2020-10-15 09:30:00,51.75,52.85,51.75,52.85,225,6450,57.97
2020-10-15 09:32:00,53.05,54.00,53.05,54.00,225,6325,57.85
2020-10-15 09:33:00,55.25,56.65,55.25,56.00,325,6325,57.77
2020-10-15 09:34:00,56.00,56.00,55.50,55.50,300,6325,57.70
2020-10-15 09:35:00,55.15,55.15,55.15,55.15,50,6675,57.68
2020-10-15 09:36:00,55.15,58.20,55.15,58.20,225,6675,57.64
2020-10-15 09:37:00,58.60,63.95,58.60,63.20,1250,6675,58.00
2020-10-15 09:38:00,63.10,68.50,63.10,67.00,750,7475,58.49
2020-10-15 09:39:00,67.00,67.00,65.05,65.10,450,7475,58.77
2020-10-15 09:40:00,67.15,70.90,67.15,69.60,850,7475,59.54
2020-10-15 09:41:00,70.00,70.25,69.10,70.25,550,7600,59.98
2020-10-15 09:42:00,70.80,71.90,70.80,71.45,100,7600,60.06
2020-10-15 09:43:00,70.65,70.65,70.00,70.00,250,7600,60.26
2020-10-15 09:44:00,71.25,71.25,70.40,70.40,225,7775,60.44
2020-10-15 09:45:00,72.70,72.70,71.40,72.10,625,7775,60.96
2020-10-15 09:46:00,72.15,72.30,71.40,71.40,225,7775,61.13
2020-10-15 09:47:00,72.00,80.40,72.00,80.40,700,7550,61.80
2020-10-15 09:48:00,80.85,87.05,80.85,83.05,775,7550,62.90
2020-10-15 09:49:00,87.00,93.80,87.00,93.80,750,7550,64.18
2020-10-15 09:50:00,96.70,97.55,90.05,90.55,575,7650,65.18
2020-10-15 09:51:00,91.50,98.50,90.00,97.80,775,7650,66.51
2020-10-15 09:52:00,97.50,102.60,97.50,102.60,550,7650,67.51
2020-10-15 09:53:00,106.50,109.20,105.85,109.20,2625,7625,72.49
2020-10-15 09:54:00,107.60,107.60,91.30,95.00,1400,7625,74.13
2020-10-15 09:55:00,96.00,96.00,85.65,87.15,650,7625,74.53
2020-10-15 09:56:00,87.35,88.50,87.35,88.50,50,9625,74.56
2020-10-15 09:57:00,88.70,89.40,87.40,87.40,225,9625,74.69
2020-10-15 09:58:00,84.90,90.00,84.90,89.70,450,9625,74.94
2020-10-15 09:59:00,90.35,92.45,90.35,91.50,525,9700,75.29
2020-10-15 10:00:00,93.90,94.80,93.30,94.80,325,9700,75.54
2020-10-15 10:01:00,96.35,97.20,95.25,95.60,450,9700,75.90
2020-10-15 10:02:00,95.00,95.00,89.00,89.70,325,9775,76.10
2020-10-15 10:03:00,92.45,95.40,92.45,94.35,425,9775,76.38
2020-10-15 10:04:00,94.45,96.10,92.85,92.85,625,9775,76.81
2020-10-15 10:05:00,92.10,92.70,90.55,92.00,250,10075,76.96
2020-10-15 10:06:00,94.35,95.35,94.35,95.00,150,10075,77.06
2020-10-15 10:07:00,94.00,94.00,93.65,93.65,300,10075,77.24
2020-10-15 10:08:00,94.25,94.25,91.80,91.85,300,10025,77.41
2020-10-15 10:09:00,92.40,93.50,92.40,93.50,50,10025,77.43
2020-10-15 10:10:00,91.00,92.55,90.55,92.55,75,10025,77.47
2020-10-15 10:11:00,92.50,94.25,92.50,93.55,325,9850,77.65
2020-10-15 10:12:00,95.50,95.65,95.20,95.20,100,9850,77.72
2020-10-15 10:13:00,96.00,96.80,95.40,95.40,200,9850,77.85
2020-10-15 10:14:00,95.65,95.65,94.55,94.55,150,9800,77.94
2020-10-15 10:15:00,94.80,95.00,92.45,95.00,375,9800,78.15
2020-10-15 10:16:00,95.00,95.85,95.00,95.85,125,9800,78.22
2020-10-15 10:17:00,94.65,94.90,94.65,94.90,50,9950,78.25
2020-10-15 10:18:00,93.60,93.60,93.60,93.60,25,9950,78.26
2020-10-15 10:19:00,94.00,94.75,93.75,94.75,75,9950,78.31
2020-10-15 10:21:00,93.45,95.35,93.45,95.35,275,9900,78.45
2020-10-15 10:22:00,93.95,94.20,93.35,93.35,750,9900,78.84
2020-10-15 10:23:00,92.85,92.85,83.15,84.25,1075,9625,79.13
2020-10-15 10:24:00,78.30,78.30,76.15,78.20,350,9625,79.11
2020-10-15 10:25:00,76.65,76.65,73.40,74.85,325,9625,79.07
2020-10-15 10:26:00,74.45,74.45,68.35,70.00,800,9950,78.87
2020-10-15 10:27:00,70.40,73.15,70.40,73.15,250,9950,78.82
2020-10-15 10:28:00,73.65,74.05,73.65,73.65,600,9950,78.73
2020-10-15 10:29:00,73.00,73.00,72.65,72.65,575,9900,78.63
2020-10-15 10:30:00,71.20,71.20,66.65,67.05,550,9900,78.46
2020-10-15 10:31:00,69.95,69.95,68.85,69.70,175,9900,78.42
2020-10-15 10:32:00,70.65,73.10,70.20,73.10,125,9900,78.39
2020-10-15 10:33:00,74.15,81.00,74.15,77.35,275,9900,78.39
2020-10-15 10:34:00,81.35,81.35,80.70,80.70,125,9900,78.40
2020-10-15 10:35:00,82.05,82.95,81.65,82.95,225,10050,78.42
2020-10-15 10:36:00,80.65,80.65,78.10,78.10,125,10050,78.42
2020-10-15 10:37:00,77.50,77.50,76.80,76.80,425,10050,78.41
2020-10-15 10:38:00,75.30,77.10,75.30,77.00,225,10275,78.39
2020-10-15 10:39:00,76.60,76.60,76.60,76.60,25,10275,78.39
2020-10-15 10:40:00,76.90,76.90,76.90,76.90,25,10275,78.39
2020-10-15 10:41:00,77.70,77.70,77.70,77.70,25,10225,78.39
2020-10-15 10:42:00,79.10,80.55,77.95,78.05,175,10225,78.39
2020-10-15 10:43:00,79.65,79.65,79.65,79.65,50,10225,78.40
2020-10-15 10:44:00,79.65,79.65,78.85,78.85,75,10275,78.40
2020-10-15 10:45:00,79.20,79.20,76.85,76.85,775,10275,78.37
2020-10-15 10:46:00,77.50,81.00,77.50,81.00,375,10275,78.37
2020-10-15 10:47:00,79.85,79.85,79.85,79.85,25,10200,78.37
2020-10-15 10:48:00,79.55,80.85,79.55,80.10,150,10200,78.38
2020-10-15 10:49:00,81.00,81.00,79.40,79.40,300,10200,78.40
2020-10-15 10:50:00,81.70,82.65,81.70,82.65,200,10350,78.42
2020-10-15 10:51:00,80.30,80.30,80.30,80.30,75,10350,78.42
2020-10-15 10:52:00,80.95,81.75,80.15,81.20,175,10350,78.43
2020-10-15 10:53:00,80.75,82.05,80.75,81.85,475,10300,78.47
2020-10-15 10:54:00,81.30,81.45,81.30,81.45,75,10300,78.48
2020-10-15 10:55:00,82.25,86.40,82.25,86.40,275,10300,78.51
2020-10-15 10:56:00,83.40,83.40,83.30,83.30,75,10275,78.52
2020-10-15 10:57:00,82.95,82.95,80.90,80.90,350,10275,78.56
2020-10-15 10:58:00,82.75,82.75,82.75,82.75,50,10275,78.57
2020-10-15 10:59:00,83.20,83.85,83.10,83.85,100,10275,78.58
2020-10-15 11:00:00,82.45,85.00,82.45,85.00,125,10275,78.59
2020-10-15 11:01:00,83.30,83.30,83.25,83.25,200,10275,78.62
2020-10-15 11:02:00,81.90,82.35,81.90,82.35,175,10275,78.63
2020-10-15 11:03:00,82.70,82.70,82.70,82.70,25,10300,78.64
2020-10-15 11:04:00,83.50,83.50,82.00,82.00,200,10300,78.66
2020-10-15 11:05:00,84.00,84.00,83.30,83.30,75,10300,78.66
2020-10-15 11:06:00,82.65,82.65,80.65,80.80,75,10325,78.67
2020-10-15 11:07:00,79.70,79.70,77.30,77.30,75,10325,78.67
2020-10-15 11:08:00,77.30,78.80,76.10,78.80,100,10225,78.67
2020-10-15 11:09:00,77.65,77.65,77.65,77.65,50,0,78.66
2020-10-15 11:10:00,76.25,76.25,76.25,76.25,25,10225,78.66
2020-10-15 11:13:00,77.85,79.00,77.30,77.30,150,10250,78.66
2020-10-15 11:15:00,77.35,77.35,75.55,75.55,525,10225,78.63
2020-10-15 11:16:00,76.65,76.90,76.65,76.90,100,10225,78.62
2020-10-15 11:19:00,77.00,77.00,77.00,77.00,25,10275,78.62
2020-10-15 11:20:00,77.20,77.20,75.00,75.00,150,10300,78.61
2020-10-15 11:21:00,75.75,75.75,75.75,75.75,25,10300,78.61
2020-10-15 11:22:00,76.20,76.20,74.50,74.50,50,10300,78.61
2020-10-15 11:23:00,75.75,75.75,74.20,74.20,125,10400,78.60
2020-10-15 11:24:00,74.10,74.10,73.75,73.75,125,10400,78.58
2020-10-15 11:25:00,71.20,71.60,70.70,70.90,500,10400,78.49
2020-10-15 11:26:00,71.00,71.00,71.00,71.00,100,10400,78.48
2020-10-15 11:27:00,72.80,72.80,72.80,72.80,50,10325,78.47
2020-10-15 11:30:00,72.40,72.40,71.00,72.35,325,10375,78.42
2020-10-15 11:31:00,72.65,72.65,71.00,71.90,225,10375,78.39
2020-10-15 11:32:00,71.60,71.60,68.00,68.00,225,10475,78.34
2020-10-15 11:33:00,66.60,66.75,64.80,65.90,600,10475,78.17
2020-10-15 11:34:00,67.95,67.95,67.00,67.00,125,10475,78.14
2020-10-15 11:35:00,66.20,66.20,65.30,65.80,75,10725,78.12
2020-10-15 11:36:00,66.00,66.00,66.00,66.00,100,10725,78.09
2020-10-15 11:37:00,64.75,67.05,64.75,67.05,350,10725,77.99
2020-10-15 11:38:00,66.00,66.00,65.90,65.90,75,10725,77.97
2020-10-15 11:39:00,65.00,67.25,65.00,66.60,375,10700,77.88
2020-10-15 11:40:00,65.00,65.00,65.00,65.00,200,10700,77.82
2020-10-15 11:41:00,65.00,68.00,65.00,68.00,1250,12175,77.51
2020-10-15 11:42:00,66.90,68.35,66.90,67.20,825,12175,77.34
2020-10-15 11:43:00,67.05,67.05,65.55,65.55,125,12175,77.31
2020-10-15 11:44:00,65.00,65.00,64.30,64.30,225,11850,77.25
2020-10-15 11:45:00,63.45,65.10,63.45,65.10,200,11850,77.20
2020-10-15 11:46:00,66.45,67.95,66.45,67.00,125,11850,77.17
2020-10-15 11:47:00,66.60,67.95,66.60,67.30,150,11775,77.14
2020-10-15 11:48:00,68.05,68.70,68.05,68.70,100,11775,77.12
2020-10-15 11:49:00,69.00,69.00,69.00,69.00,50,11775,77.12
2020-10-15 11:50:00,68.60,69.60,68.60,69.60,250,11775,77.08
2020-10-15 11:53:00,72.00,72.00,72.00,72.00,125,11625,77.06
2020-10-15 11:55:00,69.95,69.95,69.95,69.95,25,11625,77.06
2020-10-15 11:56:00,72.00,73.30,71.70,73.30,875,12050,76.97
2020-10-15 11:57:00,74.00,75.15,74.00,74.65,275,12050,76.96
2020-10-15 11:58:00,74.90,74.90,73.10,73.10,350,12050,76.94
2020-10-15 11:59:00,71.00,71.50,71.00,71.50,175,11875,76.92
2020-10-15 12:00:00,72.80,72.80,72.80,72.80,100,11875,76.91
2020-10-15 12:01:00,73.60,74.50,73.60,74.45,75,11875,76.90
2020-10-15 12:02:00,73.35,73.35,72.95,72.95,75,11950,76.90
2020-10-15 12:03:00,72.35,72.80,72.35,72.80,100,11950,76.89
2020-10-15 12:06:00,69.60,69.60,69.60,69.60,25,11975,76.89
2020-10-15 12:07:00,69.75,69.75,69.35,69.35,100,11975,76.87
2020-10-15 12:08:00,69.40,69.75,69.40,69.75,50,11975,76.87
2020-10-15 12:09:00,72.95,72.95,71.80,71.80,75,12050,76.86
2020-10-15 12:11:00,73.20,73.20,73.20,73.20,25,12075,76.86
2020-10-15 12:12:00,73.20,73.20,73.20,73.20,75,12075,76.85
2020-10-15 12:13:00,73.10,73.10,73.10,73.10,25,12075,76.85
2020-10-15 12:14:00,74.85,74.85,74.85,74.85,75,12075,76.85
2020-10-15 12:17:00,70.50,70.50,70.30,70.30,50,12075,76.84
2020-10-15 12:18:00,69.80,69.80,69.80,69.80,25,12075,76.84
2020-10-15 12:19:00,68.95,68.95,68.05,68.05,100,12075,76.82
2020-10-15 12:20:00,67.40,69.85,67.40,69.85,200,12100,76.79
2020-10-15 12:21:00,70.00,72.75,70.00,72.75,350,12100,76.76
2020-10-15 12:22:00,72.75,72.75,72.75,72.75,75,12100,76.75
2020-10-15 12:23:00,71.80,72.20,71.80,72.20,175,12100,76.74
2020-10-15 12:24:00,72.00,72.00,72.00,72.00,50,12225,76.73
2020-10-15 12:25:00,70.85,72.40,70.85,72.40,425,12225,76.69
2020-10-15 12:27:00,75.00,75.25,74.60,75.25,100,12325,76.69
2020-10-15 12:28:00,75.70,75.70,75.65,75.65,50,12325,76.69
2020-10-15 12:29:00,75.55,75.55,75.05,75.30,200,12275,76.68
2020-10-15 12:30:00,75.35,76.05,75.35,75.35,275,12275,76.68
2020-10-15 12:31:00,72.50,72.80,72.50,72.80,100,12275,76.67
2020-10-15 12:32:00,71.65,71.65,69.85,69.85,175,12275,76.65
2020-10-15 12:33:00,70.70,71.70,69.90,69.90,300,12200,76.62
2020-10-15 12:34:00,72.55,72.75,72.55,72.75,125,12200,76.61
2020-10-15 12:35:00,70.90,71.25,70.90,71.25,50,12200,76.60
2020-10-15 12:36:00,70.45,70.45,70.00,70.00,50,12400,76.60
2020-10-15 12:37:00,70.00,70.00,68.25,68.25,150,12400,76.58
2020-10-15 12:38:00,66.85,68.40,66.85,68.40,200,12400,76.55
2020-10-15 12:39:00,70.65,72.30,70.65,72.30,150,12275,76.53
2020-10-15 12:40:00,69.45,69.45,69.45,69.45,50,12275,76.52
2020-10-15 12:41:00,67.50,69.10,67.50,69.10,275,12275,76.48
2020-10-15 12:42:00,72.10,72.10,72.10,72.10,25,12375,76.48
2020-10-15 12:43:00,72.95,73.90,72.95,73.90,100,12375,76.48
2020-10-15 12:44:00,73.00,74.95,73.00,73.50,175,12250,76.47
2020-10-15 12:45:00,73.30,73.30,72.00,72.00,100,12250,76.46
2020-10-15 12:46:00,71.00,71.00,69.45,69.45,75,12250,76.45
2020-10-15 12:47:00,69.50,69.50,69.50,69.50,25,12250,76.45
2020-10-15 12:49:00,70.20,71.25,70.20,71.25,100,12225,76.44
2020-10-15 12:50:00,69.60,69.60,69.60,69.60,25,12225,76.44
2020-10-15 12:51:00,67.50,67.50,67.50,67.50,75,12175,76.42
2020-10-15 12:52:00,68.20,69.80,68.20,69.80,100,12175,76.41
2020-10-15 12:53:00,69.95,69.95,69.95,69.95,125,12175,76.40
2020-10-15 12:54:00,69.40,69.40,68.00,68.00,125,12200,76.38
2020-10-15 12:55:00,67.00,69.85,67.00,69.85,225,12200,76.35
2020-10-15 12:56:00,70.00,70.00,69.00,69.00,75,12200,76.34
2020-10-15 12:57:00,69.55,70.80,69.00,69.00,200,12325,76.31
2020-10-15 12:58:00,67.80,68.45,67.45,67.45,225,12325,76.28
2020-10-15 12:59:00,67.05,67.05,67.05,67.05,50,12550,76.27
2020-10-15 13:00:00,67.80,68.80,66.60,66.60,100,12550,76.26
2020-10-15 13:01:00,67.50,67.50,67.50,67.50,50,12550,76.25
2020-10-15 13:02:00,67.45,67.45,67.45,67.45,25,12550,76.25
2020-10-15 13:03:00,63.55,63.55,50.00,56.25,2275,12600,75.52
2020-10-15 13:04:00,55.50,56.85,51.65,55.85,1325,12600,75.06
2020-10-15 13:05:00,55.90,55.90,53.85,55.55,775,12600,74.81
2020-10-15 13:06:00,54.95,55.90,54.95,55.55,475,12850,74.66
2020-10-15 13:07:00,54.90,54.90,53.15,53.75,575,12850,74.47
2020-10-15 13:08:00,53.90,54.00,52.90,53.40,850,12850,74.20
2020-10-15 13:09:00,51.95,51.95,51.00,51.20,150,13850,74.14
2020-10-15 13:10:00,50.15,51.75,46.70,51.60,675,13850,73.90
2020-10-15 13:11:00,51.80,53.60,51.80,53.50,250,13850,73.82
2020-10-15 13:12:00,53.60,54.25,52.95,54.25,350,13775,73.71
2020-10-15 13:13:00,53.50,54.15,53.00,54.15,200,13775,73.65
2020-10-15 13:14:00,54.00,54.15,54.00,54.10,300,13775,73.56
2020-10-15 13:15:00,53.00,53.40,52.80,53.40,425,13025,73.42
2020-10-15 13:16:00,53.45,56.00,53.45,55.05,1150,13025,73.11
2020-10-15 13:17:00,56.70,56.75,55.00,56.75,150,13025,73.07
2020-10-15 13:18:00,56.40,56.40,54.75,54.75,150,13500,73.03
2020-10-15 13:19:00,53.70,54.65,53.70,54.55,575,13500,72.88
2020-10-15 13:20:00,54.30,56.00,54.30,56.00,225,13500,72.82
2020-10-15 13:21:00,55.55,55.80,54.95,55.80,625,13850,72.66
2020-10-15 13:22:00,55.00,55.40,54.00,55.40,350,13850,72.56
2020-10-15 13:23:00,55.60,56.35,55.60,56.35,200,13850,72.52
2020-10-15 13:24:00,55.50,55.80,54.75,54.75,275,14550,72.45
2020-10-15 13:25:00,53.15,53.15,51.55,51.55,575,14550,72.28
2020-10-15 13:26:00,52.35,52.35,49.90,49.90,950,14550,71.99
2020-10-15 13:27:00,49.00,50.60,48.70,49.30,1100,14975,71.65
2020-10-15 13:28:00,50.50,50.85,49.95,50.85,375,14975,71.54
2020-10-15 13:29:00,51.30,51.85,50.15,51.85,625,14975,71.37
2020-10-15 13:30:00,50.00,50.60,49.00,50.00,900,15250,71.11
2020-10-15 13:31:00,49.80,49.80,48.60,49.00,600,15250,70.93
2020-10-15 13:32:00,49.05,50.95,49.05,49.55,975,15250,70.67
2020-10-15 13:33:00,49.60,49.90,49.45,49.45,300,15775,70.58
2020-10-15 13:34:00,48.85,48.85,45.10,46.65,750,15775,70.35
2020-10-15 13:35:00,46.60,48.50,46.60,48.00,475,15775,70.22
2020-10-15 13:36:00,47.55,47.55,45.35,46.00,625,15775,70.03
2020-10-15 13:37:00,46.60,46.90,46.20,46.90,225,15775,69.96
2020-10-15 13:38:00,46.60,47.00,45.95,46.50,475,15775,69.82
2020-10-15 13:39:00,47.25,48.45,47.25,47.95,175,15800,69.77
2020-10-15 13:40:00,48.00,49.85,48.00,49.85,375,15800,69.67
2020-10-15 13:41:00,48.95,50.45,48.95,49.15,350,15800,69.59
2020-10-15 13:42:00,48.50,49.90,48.35,49.40,875,15725,69.37
2020-10-15 13:43:00,50.05,50.05,48.90,49.35,275,15725,69.30
2020-10-15 13:44:00,48.95,48.95,48.35,48.85,75,15725,69.28
2020-10-15 13:45:00,46.65,46.65,43.00,44.65,375,15350,69.17
2020-10-15 13:46:00,43.30,43.90,35.10,41.35,725,15350,68.93
2020-10-15 13:47:00,42.10,42.55,41.55,41.60,1325,15350,68.51
2020-10-15 13:48:00,40.50,40.50,38.50,38.65,2750,16575,67.58
2020-10-15 13:49:00,39.35,39.95,38.85,39.15,1300,16575,67.16
2020-10-15 13:50:00,37.35,40.15,35.05,40.15,1050,16575,66.82
2020-10-15 13:51:00,40.40,40.85,39.35,39.35,1325,18300,66.42
2020-10-15 13:52:00,38.95,38.95,37.95,37.95,325,18300,66.32
2020-10-15 13:53:00,37.90,39.60,37.00,37.20,825,18300,66.06
2020-10-15 13:54:00,37.90,37.90,36.90,36.90,325,18850,65.96
2020-10-15 13:55:00,38.20,38.20,36.45,36.60,650,18850,65.75
2020-10-15 13:56:00,37.30,38.30,37.00,37.05,575,18850,65.58
2020-10-15 13:57:00,37.00,37.55,37.00,37.50,800,19750,65.33
2020-10-15 13:58:00,38.10,38.10,37.85,37.85,825,19750,65.09
2020-10-15 13:59:00,38.65,38.65,36.45,36.70,1850,19750,64.55
2020-10-15 14:00:00,36.45,36.45,35.00,35.50,325,21475,64.45
2020-10-15 14:01:00,37.60,37.60,37.60,37.60,250,21475,64.38
2020-10-15 14:02:00,35.50,36.65,35.50,36.65,125,21475,64.34
2020-10-15 14:03:00,38.00,38.00,38.00,38.00,50,21375,64.33
2020-10-15 14:04:00,37.85,37.90,37.65,37.65,200,21375,64.28
2020-10-15 14:05:00,37.65,38.10,37.10,38.00,425,21375,64.16
2020-10-15 14:06:00,37.40,37.55,36.70,36.70,700,21325,63.97
2020-10-15 14:07:00,36.85,36.85,32.00,33.80,300,21325,63.88
2020-10-15 14:08:00,34.55,34.55,33.05,33.30,450,21325,63.74
2020-10-15 14:09:00,33.35,33.35,27.85,29.75,1650,21750,63.19
2020-10-15 14:10:00,28.65,28.65,25.05,27.60,950,21750,62.84
2020-10-15 14:11:00,27.20,28.00,25.50,26.95,2125,21750,62.11
2020-10-15 14:12:00,27.00,27.70,26.85,27.70,1325,24275,61.67
2020-10-15 14:13:00,28.25,28.25,26.90,26.90,725,24275,61.43
2020-10-15 14:14:00,27.10,27.70,26.40,27.00,3050,24275,60.48
2020-10-15 14:15:00,27.75,30.80,27.75,30.80,575,23825,60.32
2020-10-15 14:16:00,30.65,31.55,30.35,30.70,1000,23825,60.05
2020-10-15 14:17:00,31.30,32.05,30.85,31.60,650,23825,59.88
2020-10-15 14:18:00,31.35,31.50,29.50,29.50,425,22875,59.77
2020-10-15 14:19:00,31.00,31.00,30.35,30.35,2100,22875,59.24
2020-10-15 14:20:00,31.00,33.70,31.00,33.70,475,22875,59.12
2020-10-15 14:21:00,32.15,32.50,31.50,31.85,575,24350,58.99
2020-10-15 14:22:00,33.20,33.20,32.50,33.00,800,24350,58.80
2020-10-15 14:23:00,33.40,33.45,32.80,32.80,300,24350,58.74
2020-10-15 14:24:00,32.50,32.50,31.50,31.50,1800,24325,58.32
2020-10-15 14:25:00,31.50,32.15,31.50,32.15,1650,24325,57.95
2020-10-15 14:26:00,32.45,32.50,32.10,32.25,750,24325,57.79
2020-10-15 14:27:00,32.55,32.95,32.55,32.65,1750,25350,57.42
2020-10-15 14:28:00,31.85,32.55,31.30,32.55,500,25350,57.31
2020-10-15 14:29:00,33.55,33.55,33.30,33.40,75,25350,57.30
2020-10-15 14:30:00,31.55,32.70,31.55,32.35,350,25250,57.23
2020-10-15 14:31:00,32.70,33.80,32.60,32.90,175,25250,57.19
2020-10-15 14:32:00,33.15,33.15,31.05,31.05,200,25250,57.15
2020-10-15 14:33:00,31.00,32.30,30.95,31.65,125,25700,57.12
2020-10-15 14:34:00,30.15,30.15,29.50,29.50,175,25700,57.09
2020-10-15 14:35:00,29.60,29.60,25.00,28.55,825,25700,56.89
2020-10-15 14:36:00,28.75,29.60,27.25,29.60,525,26100,56.77
2020-10-15 14:37:00,30.30,30.30,28.20,28.20,2150,26100,56.30
2020-10-15 14:38:00,29.05,29.15,28.20,29.15,1875,26100,55.91
2020-10-15 14:39:00,28.95,31.35,28.70,31.35,975,26600,55.71
2020-10-15 14:40:00,30.75,30.75,28.95,29.35,675,26600,55.57
2020-10-15 14:41:00,29.35,29.55,29.10,29.55,75,26600,55.56
2020-10-15 14:42:00,29.60,29.60,28.65,28.65,275,26475,55.50
2020-10-15 14:43:00,29.55,29.55,28.85,29.45,400,26475,55.42
2020-10-15 14:44:00,29.40,30.50,29.40,29.70,925,26475,55.25
2020-10-15 14:45:00,30.35,30.35,29.95,29.95,675,26700,55.12
2020-10-15 14:46:00,30.30,30.85,29.85,30.85,925,26700,54.94
2020-10-15 14:47:00,29.50,29.65,29.00,29.00,525,26700,54.84
2020-10-15 14:48:00,28.45,29.05,28.45,28.55,675,26200,54.71
2020-10-15 14:49:00,29.05,29.50,29.05,29.50,75,26200,54.70
2020-10-15 14:50:00,29.35,30.30,29.35,30.30,425,26200,54.62
2020-10-15 14:51:00,30.25,30.25,28.05,28.95,1500,27100,54.34
2020-10-15 14:52:00,28.15,29.70,28.15,29.70,100,27100,54.33
2020-10-15 14:53:00,29.95,30.00,29.05,29.05,300,27100,54.27
2020-10-15 14:54:00,28.25,28.25,27.75,27.75,2200,27900,53.86
2020-10-15 14:55:00,28.35,28.35,27.55,28.25,375,27900,53.79
2020-10-15 14:56:00,28.55,28.55,26.65,26.65,1075,27900,53.59
2020-10-15 14:57:00,27.50,27.50,27.50,27.50,50,27925,53.58
2020-10-15 14:58:00,28.00,28.00,27.75,27.75,425,27925,53.50
2020-10-15 14:59:00,27.75,28.15,27.50,28.00,550,27925,53.40
2020-10-15 15:00:00,29.20,29.20,27.00,27.00,850,27800,53.25
2020-10-15 15:01:00,26.65,27.15,26.05,26.05,750,27800,53.11
2020-10-15 15:02:00,26.95,26.95,26.05,26.05,325,27800,53.05
2020-10-15 15:03:00,25.90,26.25,25.15,26.25,300,27850,53.00
2020-10-15 15:04:00,25.00,25.05,25.00,25.00,175,27850,52.96
2020-10-15 15:05:00,23.55,23.55,21.50,23.50,500,27850,52.86
2020-10-15 15:06:00,22.85,23.40,20.30,22.15,650,27975,52.73
2020-10-15 15:07:00,21.65,22.55,21.50,22.10,400,27975,52.64
2020-10-15 15:08:00,22.20,22.40,21.55,22.25,1075,27975,52.42
2020-10-15 15:09:00,22.20,22.20,21.50,21.50,125,27975,52.39
2020-10-15 15:10:00,20.05,20.90,20.05,20.45,150,27975,52.36
2020-10-15 15:11:00,20.00,20.60,19.80,20.60,325,27975,52.29
2020-10-15 15:12:00,21.95,22.95,21.95,22.50,750,28050,52.14
2020-10-15 15:13:00,22.15,22.15,21.45,21.45,775,28050,51.98
2020-10-15 15:14:00,20.85,21.00,19.70,20.70,825,28050,51.81
2020-10-15 15:15:00,21.00,22.70,19.55,22.70,275,28600,51.75
2020-10-15 15:16:00,21.40,21.40,20.00,20.70,300,28600,51.69
2020-10-15 15:17:00,21.30,21.30,20.05,20.05,1225,28600,51.44
2020-10-15 15:18:00,21.25,21.25,20.00,20.60,150,28650,51.41
2020-10-15 15:19:00,20.60,20.60,20.05,20.05,1200,28650,51.17
2020-10-15 15:20:00,20.05,20.55,20.05,20.55,175,28650,51.13
2020-10-15 15:21:00,20.55,20.95,20.55,20.85,175,28650,51.10
2020-10-15 15:22:00,20.45,20.75,20.10,20.35,1650,28675,50.77
2020-10-15 15:23:00,20.85,21.35,20.70,20.70,700,28675,50.64
2020-10-15 15:24:00,20.90,20.90,20.40,20.50,525,29775,50.53
2020-10-15 15:25:00,21.40,21.45,21.00,21.30,1725,29775,50.22
2020-10-15 15:26:00,21.30,21.30,20.45,20.45,525,29775,50.12
2020-10-15 15:27:00,19.50,19.50,16.75,19.50,1450,28925,49.83
2020-10-15 15:28:00,19.50,19.55,15.95,19.00,3100,28925,49.23
2020-10-15 15:29:01,19.00,19.75,15.40,18.00,825,28925,49.07
2020-10-16 09:15:00,29.25,32.00,20.00,23.65,3775,26725,25.16
2020-10-16 09:16:00,23.90,26.95,23.50,25.05,2725,26725,25.10
2020-10-16 09:17:00,25.25,26.45,24.55,24.55,1275,27750,25.15
2020-10-16 09:18:00,24.70,24.75,23.70,24.05,2600,27750,24.91
2020-10-16 09:19:00,24.10,24.10,23.00,23.70,2250,27750,24.64
2020-10-16 09:20:00,23.70,26.45,23.70,26.05,2150,29525,24.73
2020-10-16 09:21:00,26.10,26.30,25.45,25.50,2325,29525,24.89
2020-10-16 09:22:00,25.35,25.75,25.00,25.00,4100,29525,24.93
2020-10-16 09:23:00,25.00,25.45,24.90,25.05,3125,32425,24.96
2020-10-16 09:24:00,25.00,25.05,24.25,24.25,2900,32425,24.92
2020-10-16 09:25:00,24.25,24.25,22.55,23.00,2300,32425,24.80
2020-10-16 09:26:00,23.10,23.20,22.35,22.95,1100,31425,24.73
2020-10-16 09:27:00,22.90,23.25,22.80,23.05,3325,31425,24.56
2020-10-16 09:28:00,22.95,23.20,22.65,23.00,575,31425,24.54
2020-10-16 09:29:00,23.20,23.20,23.00,23.05,625,31000,24.51
2020-10-16 09:30:00,23.25,26.45,22.95,26.30,4175,31000,24.54
2020-10-16 09:31:00,27.25,27.95,26.20,26.70,4625,31000,24.78
2020-10-16 09:32:00,26.60,28.20,26.40,28.20,2225,31200,24.89
2020-10-16 09:33:00,28.05,29.85,27.95,29.15,2675,31200,25.09
2020-10-16 09:34:00,29.25,29.25,28.40,28.50,1650,31200,25.20
2020-10-16 09:35:00,28.35,28.70,28.00,28.30,3025,31125,25.37
2020-10-16 09:36:00,28.35,29.90,28.35,29.20,1350,31125,25.47
2020-10-16 09:37:00,28.85,29.00,28.00,29.00,575,31125,25.50
2020-10-16 09:38:00,29.10,29.10,28.20,28.60,825,32075,25.54
2020-10-16 09:39:00,28.55,28.65,27.25,27.25,1250,32075,25.59
2020-10-16 09:40:00,27.40,28.25,26.40,27.50,2525,32075,25.66
2020-10-16 09:41:00,27.95,28.55,27.95,28.20,1550,32150,25.72
2020-10-16 09:42:00,28.40,28.40,27.90,28.40,525,32150,25.74
2020-10-16 09:43:00,28.55,28.65,27.30,27.30,600,32150,25.77
2020-10-16 09:44:00,27.05,27.85,26.70,27.85,2175,33250,25.81
2020-10-16 09:45:00,27.55,27.65,26.85,27.25,1025,33250,25.83
2020-10-16 09:46:00,27.35,27.80,26.95,27.80,1775,33250,25.87
2020-10-16 09:47:00,27.75,28.00,26.90,26.90,1050,33250,25.90
2020-10-16 09:48:00,26.80,26.80,23.05,24.65,4475,33250,25.83
2020-10-16 09:49:00,24.55,25.00,23.70,24.20,2250,33250,25.79
2020-10-16 09:50:00,24.40,24.40,22.60,23.40,2400,34825,25.72
2020-10-16 09:51:00,23.40,25.05,23.20,24.10,5850,34825,25.60
2020-10-16 09:52:00,24.10,24.20,23.60,24.00,4850,34825,25.51
2020-10-16 09:53:00,23.65,23.80,22.60,22.60,4575,38225,25.40
2020-10-16 09:54:00,22.55,23.95,22.55,23.35,3225,38225,25.33
2020-10-16 09:55:00,24.05,24.90,23.75,24.35,1075,38225,25.32
2020-10-16 09:56:00,24.40,24.75,24.15,24.15,850,41200,25.31
2020-10-16 09:57:00,24.15,25.45,24.05,25.45,1550,41200,25.30
2020-10-16 09:58:00,25.00,25.80,24.85,25.60,1625,41200,25.30
2020-10-16 09:59:00,25.60,25.60,24.25,25.35,2150,41475,25.30
2020-10-16 10:00:00,25.20,25.20,23.55,24.55,3925,41475,25.25
2020-10-16 10:01:00,24.60,25.15,24.30,24.90,2225,41475,25.25
2020-10-16 10:02:00,24.95,25.25,24.90,24.90,1000,43700,25.24
2020-10-16 10:03:00,25.10,26.25,25.00,25.85,3125,43700,25.25
2020-10-16 10:04:00,26.00,26.60,25.80,26.35,1100,43700,25.26
2020-10-16 10:05:00,26.40,26.50,25.50,25.55,1275,44050,25.27
2020-10-16 10:06:00,25.85,26.20,25.85,26.10,500,44050,25.27
2020-10-16 10:07:00,26.45,27.95,26.30,27.60,1475,44050,25.30
2020-10-16 10:08:00,27.65,27.65,26.80,27.10,800,45175,25.31
2020-10-16 10:09:00,27.05,27.75,26.95,27.25,3825,45175,25.37
2020-10-16 10:10:00,27.25,27.25,26.95,27.15,625,45175,25.38
2020-10-16 10:11:00,26.85,26.85,25.60,25.60,900,47700,25.39
2020-10-16 10:12:00,26.10,26.80,26.10,26.80,200,47700,25.39
2020-10-16 10:13:00,26.75,26.95,26.35,26.60,375,47700,25.39
2020-10-16 10:14:00,26.10,26.40,26.10,26.40,600,48025,25.40
2020-10-16 10:15:00,27.00,27.90,26.85,27.45,1450,48025,25.42
2020-10-16 10:16:00,27.50,28.95,27.50,28.80,2950,48025,25.49
2020-10-16 10:17:00,28.60,28.65,27.55,28.00,400,48975,25.50
2020-10-16 10:18:00,27.85,28.10,27.50,27.50,600,48975,25.51
2020-10-16 10:19:00,27.65,27.70,26.70,27.45,500,48975,25.51
2020-10-16 10:20:00,27.00,27.70,27.00,27.60,425,49200,25.52
2020-10-16 10:21:00,27.60,27.60,26.50,26.50,1400,49200,25.53
2020-10-16 10:22:00,26.30,26.30,24.70,25.05,4925,49200,25.53
2020-10-16 10:23:00,25.00,25.60,24.65,25.60,425,49650,25.53
2020-10-16 10:24:00,25.35,25.50,25.20,25.35,1625,49650,25.53
2020-10-16 10:25:00,25.20,25.20,25.00,25.10,175,49650,25.53
2020-10-16 10:26:00,25.45,25.95,25.45,25.95,425,49700,25.53
2020-10-16 10:27:00,25.65,25.90,25.45,25.50,200,49700,25.53
2020-10-16 10:28:00,25.00,25.30,24.95,25.30,225,49700,25.52
2020-10-16 10:29:00,25.40,26.10,25.40,25.80,525,49975,25.53
2020-10-16 10:30:00,26.10,27.00,25.60,25.65,900,49975,25.53
2020-10-16 10:31:00,26.10,26.35,25.65,25.75,1750,49975,25.54
2020-10-16 10:32:00,25.55,26.20,25.50,25.90,725,50450,25.54
2020-10-16 10:33:00,25.65,26.05,25.65,25.65,425,50450,25.54
2020-10-16 10:34:00,25.90,25.90,25.20,25.80,975,50450,25.54
2020-10-16 10:35:00,25.80,25.95,25.20,25.20,1300,51125,25.54
2020-10-16 10:36:00,25.55,25.65,25.55,25.65,700,51125,25.54
2020-10-16 10:37:00,25.65,26.15,25.65,26.00,575,51125,25.54
2020-10-16 10:38:00,26.25,26.25,25.70,26.10,200,51400,25.54
2020-10-16 10:39:00,26.20,26.25,26.05,26.25,225,51400,25.54
2020-10-16 10:40:00,25.80,26.00,25.15,25.75,625,51400,25.54
2020-10-16 10:41:00,25.80,25.80,25.50,25.55,425,51475,25.54
2020-10-16 10:42:00,25.60,25.75,25.60,25.70,250,51475,25.54
2020-10-16 10:43:00,25.75,26.15,25.60,25.60,3500,51475,25.55
2020-10-16 10:44:00,25.70,25.75,25.60,25.60,300,53050,25.55
2020-10-16 10:45:00,26.00,27.00,25.80,26.60,1550,53050,25.56
2020-10-16 10:46:00,26.50,26.50,26.00,26.40,400,53050,25.56
2020-10-16 10:47:00,26.40,26.60,26.40,26.50,325,52975,25.56
2020-10-16 10:48:00,26.80,28.50,26.80,27.65,2875,52975,25.60
2020-10-16 10:49:00,27.60,27.60,27.00,27.15,450,52975,25.61
2020-10-16 10:50:00,27.35,27.65,27.15,27.40,550,52875,25.61
2020-10-16 10:51:00,27.45,27.45,26.35,26.45,1000,52875,25.62
2020-10-16 10:52:00,26.45,26.80,25.80,26.25,700,52875,25.62
2020-10-16 10:53:00,26.00,26.10,25.40,25.75,700,52550,25.62
2020-10-16 10:54:00,25.80,26.30,25.65,26.15,350,52550,25.62
2020-10-16 10:55:00,26.25,26.25,24.75,25.40,2850,52550,25.61
2020-10-16 10:56:00,25.35,25.75,25.35,25.60,400,53950,25.61
2020-10-16 10:57:00,25.95,25.95,25.10,25.35,575,53950,25.61
2020-10-16 10:58:00,25.85,26.50,25.75,26.50,100,53950,25.61
2020-10-16 10:59:00,26.60,27.10,26.60,26.90,875,53700,25.62
2020-10-16 11:00:00,27.10,27.25,26.05,26.45,1550,53700,25.63
2020-10-16 11:01:00,26.65,26.65,25.60,25.95,1250,53700,25.63
2020-10-16 11:02:00,25.75,26.20,25.75,26.10,75,53700,25.63
2020-10-16 11:03:00,25.45,25.80,25.00,25.55,3275,54825,25.63
2020-10-16 11:04:00,25.45,25.45,25.10,25.10,775,54825,25.62
2020-10-16 11:05:00,25.15,25.15,23.95,24.55,2425,57250,25.61
2020-10-16 11:06:00,24.40,24.45,24.05,24.10,850,57250,25.60
2020-10-16 11:07:00,24.70,25.40,24.70,25.40,325,57250,25.60
2020-10-16 11:08:00,25.35,25.65,25.15,25.40,975,57575,25.60
2020-10-16 11:09:00,25.15,25.55,25.15,25.55,200,57575,25.60
2020-10-16 11:10:00,25.55,25.60,25.55,25.60,275,57575,25.60
2020-10-16 11:11:00,25.40,26.00,25.35,25.35,375,58075,25.60
2020-10-16 11:12:00,25.10,25.10,24.00,24.40,2700,58075,25.58
2020-10-16 11:13:00,24.40,25.00,24.40,25.00,1800,58075,25.57
2020-10-16 11:14:00,25.05,25.05,24.55,24.75,825,58150,25.57
2020-10-16 11:15:00,24.50,24.65,24.40,24.65,325,58150,25.57
2020-10-16 11:16:00,24.25,24.50,24.25,24.50,125,58150,25.56
2020-10-16 11:17:00,24.30,24.30,24.20,24.20,50,58375,25.56
2020-10-16 11:18:00,24.60,24.60,24.10,24.10,100,58375,25.56
2020-10-16 11:19:00,24.50,25.25,24.45,24.80,525,58375,25.56
2020-10-16 11:20:00,24.95,25.05,24.65,24.65,275,58475,25.56
2020-10-16 11:21:00,24.75,24.75,24.50,24.60,500,58475,25.56
2020-10-16 11:22:00,25.00,25.00,24.70,24.70,475,58475,25.56
2020-10-16 11:23:00,24.55,24.65,23.60,24.65,1025,59225,25.55
2020-10-16 11:24:00,24.55,25.05,24.55,25.00,225,59225,25.55
2020-10-16 11:25:00,24.50,25.05,24.50,24.65,900,59225,25.54
2020-10-16 11:26:00,24.90,25.05,24.55,24.55,900,60000,25.54
2020-10-16 11:27:00,24.75,24.85,24.40,24.45,1175,60000,25.53
2020-10-16 11:28:00,24.70,25.20,24.45,24.45,1200,60000,25.53
2020-10-16 11:29:00,24.50,24.50,24.50,24.50,25,60000,25.53
2020-10-16 11:30:00,24.40,25.00,24.40,25.00,625,60275,25.53
2020-10-16 11:31:00,24.85,24.85,24.00,24.30,2800,60275,25.51
2020-10-16 11:32:00,24.60,24.70,24.50,24.65,1000,60500,25.51
2020-10-16 11:33:00,24.95,24.95,24.65,24.65,150,60500,25.51
2020-10-16 11:34:00,24.95,24.95,24.15,24.70,225,60500,25.51
2020-10-16 11:35:00,24.75,24.75,24.50,24.70,700,60350,25.50
2020-10-16 11:36:00,24.55,24.65,23.65,23.90,550,60350,25.50
2020-10-16 11:37:00,23.75,23.80,23.45,23.65,550,60350,25.49
2020-10-16 11:38:00,23.70,23.90,23.70,23.80,575,60000,25.49
2020-10-16 11:39:00,23.75,24.00,23.50,24.00,725,60000,25.48
2020-10-16 11:40:00,23.20,23.85,23.10,23.50,1625,60000,25.47
2020-10-16 11:41:00,23.55,23.55,23.55,23.55,50,60550,25.47
2020-10-16 11:42:00,23.35,24.25,23.35,24.20,450,60550,25.46
2020-10-16 11:43:00,24.10,24.10,23.60,23.65,250,60550,25.46
2020-10-16 11:44:00,23.80,23.90,23.60,23.75,400,60500,25.46
2020-10-16 11:45:00,24.10,24.10,23.55,23.55,850,60500,25.45
2020-10-16 11:46:00,23.65,24.05,23.30,23.80,675,60500,25.45
2020-10-16 11:47:00,23.55,23.55,23.45,23.45,250,60600,25.44
2020-10-16 11:48:00,23.50,23.65,23.35,23.55,1050,60600,25.43
2020-10-16 11:49:00,23.60,24.00,23.40,23.40,400,60600,25.43
2020-10-16 11:50:00,23.75,24.50,23.75,24.50,425,60600,25.43
2020-10-16 11:51:00,24.15,24.15,23.75,23.85,575,60725,25.42
2020-10-16 11:52:00,23.65,23.80,23.60,23.80,375,60725,25.42
2020-10-16 11:53:00,23.70,23.95,23.70,23.95,100,60550,25.42
2020-10-16 11:54:00,24.20,24.20,23.50,23.50,375,60550,25.42
2020-10-16 11:55:00,23.50,24.40,23.50,24.35,725,60550,25.41
2020-10-16 11:56:00,24.10,24.20,24.00,24.00,425,60575,25.41
2020-10-16 11:57:00,23.95,24.20,23.75,24.20,925,60575,25.40
2020-10-16 11:58:00,24.05,24.25,23.55,23.55,775,60575,25.40
2020-10-16 11:59:00,23.55,23.95,23.55,23.70,650,60175,25.39
2020-10-16 12:00:00,24.15,26.75,24.15,25.90,14075,60175,25.41
2020-10-16 12:01:00,25.65,26.95,25.30,26.45,7525,60175,25.43
2020-10-16 12:02:00,26.60,28.55,26.60,28.25,12875,54675,25.57
2020-10-16 12:03:00,28.40,28.75,27.55,28.20,4025,54675,25.61
2020-10-16 12:04:00,27.95,28.10,26.90,27.75,4550,54675,25.65
2020-10-16 12:05:00,27.75,30.85,27.75,29.25,5800,55400,25.74
2020-10-16 12:06:00,29.00,29.00,28.15,28.50,2975,55400,25.77
2020-10-16 12:07:00,28.65,29.55,28.45,29.05,3875,55400,25.81
2020-10-16 12:08:00,28.70,29.50,28.05,28.65,3775,53975,25.85
2020-10-16 12:09:00,28.85,30.00,28.80,29.45,1275,53975,25.87
2020-10-16 12:10:00,29.45,30.75,29.45,29.55,3150,53975,25.92
2020-10-16 12:11:00,29.75,31.00,29.75,31.00,2600,48775,25.96
2020-10-16 12:12:00,30.80,31.05,29.30,30.15,2125,48775,26.00
2020-10-16 12:13:00,29.90,30.20,29.60,29.60,550,48775,26.00
2020-10-16 12:14:00,29.55,29.55,27.70,29.10,3200,49125,26.03
2020-10-16 12:15:00,29.45,30.25,29.10,29.10,4425,49125,26.09
2020-10-16 12:16:00,29.30,29.30,28.10,28.95,3025,49125,26.12
2020-10-16 12:17:00,28.70,28.90,28.05,28.40,2375,50825,26.14
2020-10-16 12:18:00,28.50,28.50,27.00,28.10,2900,50825,26.15
2020-10-16 12:19:00,28.20,28.20,27.80,28.15,1100,50825,26.16
2020-10-16 12:20:00,28.00,28.20,27.30,27.30,550,52150,26.16
2020-10-16 12:21:00,27.30,27.90,26.85,27.90,650,52150,26.16
2020-10-16 12:22:00,27.50,28.50,27.50,28.25,2275,52150,26.18
2020-10-16 12:23:00,28.45,29.30,28.15,29.30,5400,55925,26.22
2020-10-16 12:24:00,29.00,30.90,28.90,30.85,6900,55925,26.30
2020-10-16 12:25:00,30.60,31.25,30.25,30.85,9125,55925,26.43
2020-10-16 12:26:00,30.80,31.00,30.50,30.95,5000,66900,26.50
2020-10-16 12:27:00,30.60,30.60,29.00,29.30,9550,66900,26.58
2020-10-16 12:28:00,30.00,32.10,29.95,31.40,5000,66900,26.64
2020-10-16 12:29:00,32.05,32.60,31.75,32.00,12625,82000,26.84
2020-10-16 12:30:00,32.50,32.50,31.60,32.10,8500,82000,26.96
2020-10-16 12:31:00,32.20,36.50,32.10,34.45,5750,82000,27.08
2020-10-16 12:32:00,34.90,35.90,34.40,34.80,6200,88800,27.21
2020-10-16 12:33:00,34.55,35.40,34.20,35.00,9425,88800,27.40
2020-10-16 12:34:00,34.90,35.00,33.30,33.30,5025,88800,27.48
2020-10-16 12:35:00,33.50,35.00,33.50,34.05,11950,101700,27.69
2020-10-16 12:36:00,34.35,34.70,33.50,33.80,6450,101700,27.79
2020-10-16 12:37:00,33.60,34.85,33.10,33.50,12175,101700,27.97
2020-10-16 12:38:00,33.20,33.35,31.85,31.90,5425,111525,28.02
2020-10-16 12:39:00,31.85,32.70,31.75,32.70,4000,111525,28.06
2020-10-16 12:40:00,32.90,34.30,32.75,34.25,3600,111525,28.11
2020-10-16 12:41:00,34.50,34.65,33.65,34.35,2125,112975,28.14
2020-10-16 12:42:00,34.40,38.00,34.40,36.45,9050,112975,28.31
2020-10-16 12:43:00,36.50,37.60,36.50,37.15,5100,112975,28.41
2020-10-16 12:44:00,37.40,37.65,36.45,37.25,4125,117175,28.49
2020-10-16 12:45:00,37.50,39.50,37.50,38.25,11325,117175,28.73
2020-10-16 12:46:00,38.00,38.05,36.15,37.05,8950,117175,28.88
2020-10-16 12:47:00,37.45,37.55,36.35,36.50,5975,127425,28.98
2020-10-16 12:48:00,37.05,37.50,36.50,37.40,7750,127425,29.11
2020-10-16 12:49:00,38.05,38.35,37.15,37.85,6100,127425,29.21
2020-10-16 12:50:00,37.80,38.05,31.60,31.60,16900,144200,29.43
2020-10-16 12:51:00,31.10,33.65,31.10,33.60,5675,144200,29.48
2020-10-16 12:52:00,33.90,34.10,33.60,33.75,3350,144200,29.50
2020-10-16 12:53:00,34.00,34.20,32.35,32.35,7575,155500,29.56
2020-10-16 12:54:00,32.45,33.35,31.10,32.85,5050,155500,29.59
2020-10-16 12:55:00,32.80,34.80,32.45,34.55,2400,155500,29.61
2020-10-16 12:56:00,35.00,36.45,35.00,35.55,4725,155500,29.66
2020-10-16 12:57:00,34.95,36.05,34.45,35.50,2300,154675,29.69
2020-10-16 12:58:00,35.70,35.80,34.50,35.00,2275,154675,29.71
2020-10-16 12:59:00,35.00,35.40,32.75,35.10,4125,154675,29.74
2020-10-16 13:00:00,34.65,35.25,34.15,34.20,1400,157075,29.76
2020-10-16 13:01:00,34.00,34.55,33.85,34.35,750,157075,29.76
2020-10-16 13:02:00,34.05,35.15,34.05,35.00,625,157075,29.77
2020-10-16 13:03:00,34.50,35.00,34.00,34.00,950,157325,29.78
2020-10-16 13:04:00,33.90,34.70,33.35,33.35,1175,157325,29.79
2020-10-16 13:05:00,33.10,34.35,32.65,34.10,2100,156650,29.80
2020-10-16 13:06:00,34.00,34.50,34.00,34.45,350,156650,29.80
2020-10-16 13:07:00,34.05,34.50,33.50,33.50,1225,156650,29.81
2020-10-16 13:08:00,33.85,34.65,33.85,34.45,475,156650,29.82
2020-10-16 13:09:00,34.70,35.00,34.00,34.70,1100,156475,29.82
2020-10-16 13:10:00,34.70,35.90,34.50,35.05,3400,156475,29.86
2020-10-16 13:11:00,35.05,35.20,34.50,34.75,1525,156475,29.87
2020-10-16 13:12:00,34.70,34.70,33.55,34.30,1700,155125,29.88
2020-10-16 13:13:00,34.35,34.45,33.65,34.20,1275,155125,29.89
2020-10-16 13:14:00,34.20,34.45,34.00,34.35,625,155125,29.90
2020-10-16 13:15:00,34.35,39.00,34.20,36.60,9175,156050,30.00
2020-10-16 13:16:00,36.55,38.00,36.50,37.15,3200,156050,30.04
2020-10-16 13:17:00,37.20,37.65,36.50,37.65,1725,156050,30.06
2020-10-16 13:18:00,37.70,37.80,36.55,36.55,2375,155275,30.09
2020-10-16 13:19:00,36.55,37.50,36.45,37.50,1300,155275,30.10
2020-10-16 13:20:00,37.65,40.00,37.65,38.90,5150,155275,30.18
2020-10-16 13:21:00,38.70,40.70,38.70,39.00,5500,156150,30.27
2020-10-16 13:22:00,38.65,38.65,37.45,38.50,2500,156150,30.30
2020-10-16 13:23:00,38.35,38.35,36.70,37.25,4300,156150,30.35
2020-10-16 13:24:00,37.70,37.80,36.15,36.20,1475,159575,30.37
2020-10-16 13:25:00,36.55,39.00,36.55,39.00,1275,159575,30.38
2020-10-16 13:26:00,39.15,39.15,37.85,38.30,775,159575,30.39
2020-10-16 13:27:00,38.70,38.80,37.70,38.45,5100,159800,30.46
2020-10-16 13:28:00,37.85,38.85,37.85,38.85,4725,159800,30.52
2020-10-16 13:29:00,38.20,38.75,37.05,37.65,2950,159800,30.56
2020-10-16 13:30:00,38.40,38.45,37.75,38.20,1200,164025,30.57
2020-10-16 13:31:00,38.35,38.35,33.60,35.05,20900,164025,30.73
2020-10-16 13:32:00,35.10,35.15,32.20,33.80,17975,164025,30.81
2020-10-16 13:33:00,33.45,34.60,33.45,34.60,1850,155025,30.82
2020-10-16 13:34:00,34.50,35.65,34.15,35.65,675,155025,30.83
2020-10-16 13:35:00,35.40,35.50,34.00,35.00,1275,155025,30.83
2020-10-16 13:36:00,34.40,35.30,34.20,34.55,1000,155275,30.84
2020-10-16 13:37:00,34.70,35.50,34.35,34.35,900,155275,30.84
2020-10-16 13:38:00,34.80,34.85,34.15,34.25,3925,155275,30.86
2020-10-16 13:39:00,34.40,34.40,33.10,33.50,3375,157050,30.88
2020-10-16 13:40:00,33.95,34.15,32.85,33.35,1350,157050,30.88
2020-10-16 13:41:00,33.85,33.85,33.00,33.50,1475,157050,30.89
2020-10-16 13:42:00,33.45,33.45,31.55,31.55,2775,154725,30.90
2020-10-16 13:43:00,31.50,32.75,31.50,32.25,2800,154725,30.90
2020-10-16 13:44:00,31.95,32.00,29.90,31.15,11375,154725,30.89
2020-10-16 13:45:00,31.00,31.00,27.35,27.90,17650,156975,30.82
2020-10-16 13:46:00,28.40,29.55,28.30,29.40,4125,156975,30.81
2020-10-16 13:47:00,29.65,30.40,29.35,29.85,4950,156975,30.80
2020-10-16 13:48:00,29.75,30.75,29.65,29.90,5425,160375,30.80
2020-10-16 13:49:00,30.20,30.50,29.85,30.30,3875,160375,30.80
2020-10-16 13:50:00,30.70,30.70,29.40,29.65,5700,160375,30.79
2020-10-16 13:51:00,29.65,30.55,29.00,30.55,3825,161625,30.78
2020-10-16 13:52:00,30.10,30.10,29.25,29.75,2500,161625,30.78
2020-10-16 13:53:00,29.70,32.05,29.50,31.85,4100,161625,30.78
2020-10-16 13:54:00,31.65,34.50,31.65,34.10,4300,162875,30.80
2020-10-16 13:55:00,34.45,36.15,34.45,34.55,6775,162875,30.84
2020-10-16 13:56:00,34.55,34.85,34.05,34.05,700,162875,30.84
2020-10-16 13:57:00,34.00,35.20,34.00,34.45,1200,163875,30.85
2020-10-16 13:58:00,34.10,34.90,33.75,34.40,2450,163875,30.86
2020-10-16 13:59:00,34.10,35.25,34.10,34.35,1625,163875,30.87
2020-10-16 14:00:00,34.35,34.45,33.20,33.40,3700,164550,30.88
2020-10-16 14:01:00,33.35,33.55,31.80,32.35,7700,164550,30.90
2020-10-16 14:02:00,32.60,33.50,32.10,33.35,3175,164550,30.90
2020-10-16 14:03:00,33.30,34.40,33.00,34.10,4650,164425,30.92
2020-10-16 14:04:00,34.15,35.15,34.00,34.45,4125,164425,30.94
2020-10-16 14:05:00,34.85,35.00,33.75,34.15,1350,164425,30.95
2020-10-16 14:06:00,34.00,34.00,32.60,33.10,3325,164200,30.95
2020-10-16 14:07:00,33.25,33.50,32.90,33.15,825,164200,30.96
2020-10-16 14:08:00,33.40,33.40,32.20,32.90,850,164200,30.96
2020-10-16 14:09:00,33.00,33.45,32.50,32.90,1850,163850,30.96
2020-10-16 14:10:00,32.40,32.80,31.45,32.20,2525,163850,30.97
2020-10-16 14:11:00,32.15,32.15,29.15,31.55,6275,163850,30.96
2020-10-16 14:12:00,31.40,31.50,30.95,31.50,1075,165500,30.96
2020-10-16 14:13:00,31.50,32.00,31.35,32.00,875,165500,30.96
2020-10-16 14:14:00,32.55,32.60,31.40,32.05,950,165500,30.96
2020-10-16 14:15:00,32.30,32.30,30.20,31.00,1700,165050,30.96
2020-10-16 14:16:00,31.60,32.05,31.30,31.35,800,165050,30.96
2020-10-16 14:17:00,31.40,31.80,30.95,31.30,2075,165050,30.96
2020-10-16 14:18:00,31.20,31.30,28.65,30.00,2825,167425,30.96
2020-10-16 14:19:00,30.55,30.55,29.70,29.90,3950,167425,30.96
2020-10-16 14:20:00,29.90,29.90,27.50,28.50,6025,167425,30.94
2020-10-16 14:21:00,28.85,28.85,27.60,28.85,5900,166850,30.92
2020-10-16 14:22:00,28.55,29.90,28.50,29.00,2325,166850,30.91
2020-10-16 14:23:00,29.25,30.35,28.85,30.30,4200,166850,30.90
2020-10-16 14:24:00,30.55,32.00,30.15,32.00,5425,164950,30.90
2020-10-16 14:25:00,31.85,32.35,31.20,31.40,1725,164950,30.90
2020-10-16 14:26:00,31.90,31.90,30.95,31.70,675,164950,30.91
2020-10-16 14:27:00,30.95,31.15,29.75,30.90,650,166050,30.90
2020-10-16 14:28:00,30.85,31.00,29.70,30.25,1550,166050,30.90
2020-10-16 14:29:00,30.25,31.70,30.25,31.25,550,166050,30.90
2020-10-16 14:30:00,31.75,35.05,31.75,35.05,7675,165975,30.93
2020-10-16 14:31:00,34.70,35.50,34.00,34.40,2100,165975,30.94
2020-10-16 14:32:00,34.30,34.50,33.05,33.60,2725,165975,30.95
2020-10-16 14:33:00,33.40,33.50,32.35,33.45,2675,167025,30.96
2020-10-16 14:34:00,33.45,34.10,33.20,33.60,2575,167025,30.96
2020-10-16 14:35:00,33.60,33.60,31.70,31.70,1675,167025,30.97
2020-10-16 14:36:00,31.50,32.45,30.85,31.60,5150,168950,30.97
2020-10-16 14:37:00,31.50,31.50,28.80,30.45,4300,168950,30.97
2020-10-16 14:38:00,30.30,32.00,30.15,31.60,3575,168950,30.97
2020-10-16 14:39:00,32.00,32.55,31.45,31.45,925,170400,30.97
2020-10-16 14:40:00,32.00,32.90,32.00,32.25,2025,170400,30.98
2020-10-16 14:41:00,32.30,33.35,32.30,32.55,5300,170400,30.99
2020-10-16 14:42:00,32.95,33.25,30.95,32.35,4000,171975,30.99
2020-10-16 14:43:00,32.25,32.50,31.05,31.05,4325,171975,30.99
2020-10-16 14:44:00,31.00,31.90,30.95,31.45,2450,171975,31.00
2020-10-16 14:45:00,30.90,32.00,29.95,32.00,5025,172550,31.00
2020-10-16 14:46:00,32.20,32.50,31.90,32.05,925,172550,31.00
2020-10-16 14:47:00,32.50,32.60,30.85,30.85,1450,172550,31.00
2020-10-16 14:48:00,31.50,31.50,30.80,31.30,850,170800,31.00
2020-10-16 14:49:00,31.75,31.75,31.15,31.50,775,170800,31.00
2020-10-16 14:50:00,31.05,31.40,30.75,31.40,1525,170800,31.00
2020-10-16 14:51:00,31.55,32.50,30.80,32.35,3525,170750,31.00
2020-10-16 14:52:00,31.70,31.95,31.20,31.65,4150,170750,31.00
2020-10-16 14:53:00,31.70,31.75,30.95,31.15,1125,170750,31.01
2020-10-16 14:54:00,31.15,31.15,30.25,30.75,975,170125,31.00
2020-10-16 14:55:00,30.60,30.60,30.00,30.50,2725,170125,31.00
2020-10-16 14:56:00,30.60,31.10,30.10,31.10,3175,170125,31.00
2020-10-16 14:57:00,31.15,31.15,30.35,30.95,1500,170325,31.00
2020-10-16 14:58:00,30.20,30.50,30.00,30.35,4375,170325,31.00
2020-10-16 14:59:00,30.05,30.20,29.30,29.85,5375,170325,30.99
2020-10-16 15:00:00,30.10,30.10,27.05,28.25,8025,170525,30.97
2020-10-16 15:01:00,28.45,29.50,28.45,29.50,1625,170525,30.96
2020-10-16 15:02:00,29.05,29.05,27.90,28.75,2500,170525,30.96
2020-10-16 15:03:00,29.35,29.95,28.85,29.75,5175,171675,30.95
2020-10-16 15:04:00,30.00,30.30,29.40,29.60,5525,171675,30.94
2020-10-16 15:05:00,29.40,29.65,29.05,29.30,2525,171675,30.94
2020-10-16 15:06:00,29.30,29.70,28.90,28.90,1525,171975,30.94
2020-10-16 15:07:00,28.85,29.60,28.70,29.60,3250,171975,30.93
2020-10-16 15:08:00,29.55,29.80,29.05,29.50,975,171975,30.93
2020-10-16 15:09:00,29.30,29.70,29.30,29.50,1325,170450,30.93
2020-10-16 15:10:00,29.50,29.70,27.45,28.45,7400,170450,30.91
2020-10-16 15:11:00,28.40,29.00,28.35,28.50,3100,170450,30.90
2020-10-16 15:12:00,28.30,28.50,27.95,28.35,5850,170625,30.89
2020-10-16 15:13:00,28.50,28.90,28.05,28.85,17050,170625,30.84
2020-10-16 15:14:00,28.80,28.80,28.15,28.25,5650,170625,30.83
2020-10-16 15:15:00,28.40,28.60,27.80,27.95,7300,173525,30.81
2020-10-16 15:16:00,27.95,28.05,27.20,27.35,11075,173525,30.77
2020-10-16 15:17:00,27.30,27.45,26.50,26.50,8425,173525,30.74
2020-10-16 15:18:00,26.45,26.80,25.55,25.80,7625,172125,30.71
2020-10-16 15:19:00,26.00,26.20,25.15,25.25,9950,172125,30.66
2020-10-16 15:20:00,25.10,25.10,23.55,23.55,23725,172125,30.53
2020-10-16 15:21:00,23.45,23.45,21.60,23.00,25725,154200,30.34
2020-10-16 15:22:00,22.80,22.95,21.20,21.80,11125,154200,30.26
2020-10-16 15:23:00,21.75,22.95,21.70,22.85,7550,154200,30.21
2020-10-16 15:24:00,22.30,23.70,22.30,23.55,15375,142500,30.11
2020-10-16 15:25:00,23.50,24.45,23.30,23.75,13050,142500,30.04
2020-10-16 15:26:00,23.95,24.40,23.65,24.20,8575,142500,29.99
2020-10-16 15:27:00,24.40,24.65,24.05,24.10,11325,142825,29.94
2020-10-16 15:28:00,24.25,25.00,23.50,23.75,5825,142825,29.91
2020-10-16 15:29:01,23.80,24.15,21.55,21.55,10150,142825,29.85
2020-10-19 09:15:00,39.50,43.80,26.70,33.60,16200,144550,33.73
2020-10-19 09:16:00,33.35,33.40,30.35,30.60,22725,144550,32.41
2020-10-19 09:17:00,30.70,30.90,29.25,30.70,32000,145475,31.28
2020-10-19 09:18:00,30.55,30.95,29.30,29.95,13400,145475,31.07
2020-10-19 09:19:00,30.00,32.00,29.80,31.45,12175,145475,31.08
2020-10-19 09:20:00,32.00,34.20,32.00,33.10,12950,146950,31.32
2020-10-19 09:21:00,33.65,35.35,33.10,34.90,14750,146950,31.67
2020-10-19 09:22:00,35.50,36.50,34.35,34.35,14875,146950,32.09
2020-10-19 09:23:00,35.50,35.50,32.00,33.05,15100,146750,32.24
2020-10-19 09:24:00,32.90,32.95,28.95,30.05,13300,146750,32.12
2020-10-19 09:25:00,30.05,32.90,29.45,32.90,19475,146750,32.00
2020-10-19 09:26:00,32.55,33.10,31.40,33.05,7450,142550,32.00
2020-10-19 09:27:00,33.20,34.70,32.50,33.65,9775,142550,32.07
2020-10-19 09:28:00,33.75,34.50,31.80,31.95,7000,142550,32.11
2020-10-19 09:29:00,32.15,33.60,31.85,33.30,6925,146000,32.13
2020-10-19 09:30:00,33.15,33.30,32.10,32.55,4925,146000,32.14
2020-10-19 09:31:00,32.00,35.85,30.80,35.85,15650,146000,32.28
2020-10-19 09:32:00,35.70,37.30,35.60,36.10,13400,143875,32.50
2020-10-19 09:33:00,35.70,36.80,35.25,35.65,5700,143875,32.59
2020-10-19 09:34:00,35.45,36.15,34.40,36.00,3100,143875,32.62
2020-10-19 09:35:00,35.55,35.95,34.50,35.00,6900,143775,32.68
2020-10-19 09:36:00,34.80,35.70,34.80,35.40,5800,143775,32.74
2020-10-19 09:37:00,35.40,35.50,31.90,33.80,9550,143775,32.77
2020-10-19 09:38:00,33.75,35.40,33.60,34.85,6500,146875,32.81
2020-10-19 09:39:00,34.85,35.15,34.35,34.35,1325,146875,32.82
2020-10-19 09:40:00,33.90,40.40,33.90,39.80,22750,146875,33.22
2020-10-19 09:41:00,39.50,40.75,38.80,38.95,9950,143050,33.42
2020-10-19 09:42:00,39.95,43.00,39.60,42.10,10200,143050,33.67
2020-10-19 09:43:00,42.45,46.85,42.15,44.55,33600,143050,34.65
2020-10-19 09:44:00,44.55,45.00,42.05,42.50,10925,134700,34.91
2020-10-19 09:45:00,42.45,47.05,42.45,44.35,11850,134700,35.22
2020-10-19 09:46:00,44.35,46.00,43.35,44.05,6150,134700,35.36
2020-10-19 09:47:00,44.15,44.15,42.00,42.70,5075,135900,35.45
2020-10-19 09:48:00,42.45,43.50,41.50,42.55,4525,135900,35.53
2020-10-19 09:49:00,42.35,44.55,42.00,44.20,5325,135900,35.63
2020-10-19 09:50:00,43.90,50.00,43.55,47.45,18075,135425,36.02
2020-10-19 09:51:00,47.75,50.55,46.55,46.55,13875,135425,36.42
2020-10-19 09:52:00,46.00,48.25,45.20,47.10,10100,135425,36.66
2020-10-19 09:53:00,47.30,48.45,46.30,48.00,8225,139350,36.84
2020-10-19 09:54:00,48.85,53.60,47.25,49.30,13800,139350,37.21
2020-10-19 09:55:00,49.15,50.00,47.00,47.25,9900,139350,37.44
2020-10-19 09:56:00,47.00,49.60,47.00,48.30,7250,140475,37.59
2020-10-19 09:57:00,48.50,49.10,47.00,47.40,8825,140475,37.77
2020-10-19 09:58:00,47.60,49.95,46.80,49.10,7875,140475,37.93
2020-10-19 09:59:00,48.90,53.20,48.45,53.20,10500,149725,38.18
2020-10-19 10:00:00,52.75,55.30,48.00,48.00,15650,149725,38.58
2020-10-19 10:01:00,49.05,51.20,47.50,50.15,25575,149725,39.07
2020-10-19 10:02:00,50.55,51.95,48.85,51.00,9025,155725,39.25
2020-10-19 10:03:00,51.15,65.25,51.15,63.25,33050,155725,40.32
2020-10-19 10:04:00,63.75,63.75,58.55,60.35,24600,155725,41.13
2020-10-19 10:05:00,60.35,60.45,57.40,59.05,18975,159175,41.66
2020-10-19 10:06:00,59.60,59.60,54.95,56.95,18850,159175,42.08
2020-10-19 10:07:00,56.95,57.80,53.20,56.00,12650,159175,42.32
2020-10-19 10:08:00,56.45,57.50,55.40,55.70,8475,162950,42.50
2020-10-19 10:09:00,55.85,60.70,55.85,59.70,12750,162950,42.80
2020-10-19 10:10:00,59.45,64.10,58.05,58.05,20200,162950,43.32
2020-10-19 10:11:00,58.30,59.90,56.80,58.00,16200,160375,43.64
2020-10-19 10:12:00,58.90,58.90,56.10,57.65,19850,160375,44.01
2020-10-19 10:13:00,57.80,57.80,54.55,56.45,5250,160375,44.09
2020-10-19 10:14:00,56.60,57.45,53.05,54.05,5825,171650,44.18
2020-10-19 10:15:00,54.40,57.00,54.35,55.00,5500,171650,44.26
2020-10-19 10:16:00,54.00,57.70,54.00,57.70,7950,171650,44.38
2020-10-19 10:17:00,58.90,63.20,58.85,61.30,17075,170400,44.75
2020-10-19 10:18:00,61.45,62.05,59.00,60.00,9075,170400,44.92
2020-10-19 10:19:00,60.00,60.80,57.25,58.50,5900,170400,45.03
2020-10-19 10:20:00,58.15,58.60,55.55,56.90,7725,167775,45.14
2020-10-19 10:21:00,57.45,57.70,55.10,55.45,7325,167775,45.24
2020-10-19 10:22:00,55.25,55.85,53.15,54.55,7700,167775,45.32
2020-10-19 10:23:00,54.65,56.10,54.15,55.20,10975,170650,45.45
2020-10-19 10:24:00,55.30,56.15,54.65,55.05,3800,170650,45.50
2020-10-19 10:25:00,54.85,55.60,53.00,55.15,6775,170650,45.57
2020-10-19 10:26:00,55.05,55.20,50.95,52.00,13875,170675,45.68
2020-10-19 10:27:00,52.45,52.45,48.70,50.15,13025,170675,45.74
2020-10-19 10:28:00,50.10,53.20,49.90,52.90,8125,170675,45.80
2020-10-19 10:29:00,52.95,55.05,52.95,54.30,6025,171075,45.86
2020-10-19 10:30:00,54.00,54.75,53.05,53.35,1775,171075,45.87
2020-10-19 10:31:00,53.15,54.25,51.40,53.45,4575,171075,45.91
2020-10-19 10:32:00,53.30,54.05,52.15,52.80,3450,171650,45.94
2020-10-19 10:33:00,52.90,53.50,51.55,51.70,2125,171650,45.95
2020-10-19 10:34:00,51.90,53.95,51.90,53.70,5675,171650,46.00
2020-10-19 10:35:00,53.90,55.50,53.90,55.50,4525,170750,46.04
2020-10-19 10:36:00,55.60,55.60,52.30,52.30,6375,170750,46.09
2020-10-19 10:37:00,52.05,53.15,52.00,52.55,2575,170750,46.11
2020-10-19 10:38:00,52.80,55.00,52.25,55.00,5600,173350,46.15
2020-10-19 10:39:00,54.90,56.90,54.60,55.45,6650,173350,46.22
2020-10-19 10:40:00,55.30,57.55,54.30,57.10,8725,173350,46.31
2020-10-19 10:41:00,56.45,58.90,56.05,56.05,9000,170425,46.41
2020-10-19 10:42:00,56.25,56.25,54.60,55.45,7100,170425,46.48
2020-10-19 10:43:00,55.00,56.00,54.80,55.70,1800,170425,46.49
2020-10-19 10:44:00,55.50,57.60,55.50,56.45,3700,172375,46.53
2020-10-19 10:45:00,56.50,57.50,55.20,55.95,3125,172375,46.56
2020-10-19 10:46:00,56.00,56.25,52.70,52.70,7375,172375,46.62
2020-10-19 10:47:00,54.25,54.25,52.40,52.70,3450,172775,46.64
2020-10-19 10:48:00,52.65,53.65,52.35,53.50,4550,172775,46.67
2020-10-19 10:49:00,53.35,53.45,52.00,52.65,9300,172775,46.72
2020-10-19 10:50:00,52.40,52.40,49.80,50.25,12525,171925,46.77
2020-10-19 10:51:00,49.70,53.40,49.70,52.70,10250,171925,46.82
2020-10-19 10:52:00,52.50,52.55,51.00,51.00,2325,171925,46.83
2020-10-19 10:53:00,51.45,53.25,50.10,52.85,5725,170600,46.86
2020-10-19 10:54:00,52.10,52.50,51.95,52.20,1475,170600,46.86
2020-10-19 10:55:00,52.30,52.30,47.05,49.10,17650,170600,46.90
2020-10-19 10:56:00,49.10,51.75,48.70,51.75,9050,167100,46.92
2020-10-19 10:57:00,51.50,52.55,51.50,51.95,5650,167100,46.95
2020-10-19 10:58:00,51.95,53.25,51.95,52.40,3275,167100,46.97
2020-10-19 10:59:00,52.05,53.55,51.60,52.80,7075,168325,47.01
2020-10-19 11:00:00,52.50,52.90,50.50,52.20,3875,168325,47.02
2020-10-19 11:01:00,52.50,54.70,52.30,52.65,9800,168325,47.08
2020-10-19 11:02:00,53.00,53.55,51.35,51.35,3550,171500,47.10
2020-10-19 11:03:00,51.55,51.80,51.20,51.75,2600,171500,47.11
2020-10-19 11:04:00,52.75,52.75,51.00,51.40,1450,171500,47.12
2020-10-19 11:05:00,51.65,53.00,51.65,51.95,2925,172775,47.13
2020-10-19 11:06:00,52.40,53.45,52.15,52.35,2525,172775,47.14
2020-10-19 11:07:00,52.00,52.10,50.20,50.95,5725,172775,47.16
2020-10-19 11:08:00,50.95,51.35,49.50,49.90,7800,174775,47.18
2020-10-19 11:09:00,50.10,51.30,49.50,49.50,3600,174775,47.19
2020-10-19 11:10:00,49.10,50.60,48.30,50.45,6250,174775,47.21
2020-10-19 11:11:00,50.05,50.50,49.35,49.35,1200,173500,47.21
2020-10-19 11:12:00,49.30,49.30,45.10,48.90,11700,173500,47.20
2020-10-19 11:13:00,48.20,49.90,48.20,48.75,4250,173500,47.21
2020-10-19 11:14:00,48.50,49.05,47.90,47.90,2425,174350,47.21
2020-10-19 11:15:00,47.50,50.15,47.10,50.05,7950,174350,47.22
2020-10-19 11:16:00,50.30,51.00,49.40,50.70,3775,174350,47.23
2020-10-19 11:17:00,50.70,51.25,50.05,50.90,5325,172675,47.25
2020-10-19 11:18:00,50.65,51.15,49.50,50.65,2150,172675,47.25
2020-10-19 11:19:00,50.70,50.70,47.95,49.40,3425,172675,47.26
2020-10-19 11:20:00,48.70,49.05,44.65,46.75,8025,173600,47.25
2020-10-19 11:21:00,46.90,48.30,46.40,47.40,8200,173600,47.25
2020-10-19 11:22:00,47.35,48.30,47.05,48.15,3550,173600,47.25
2020-10-19 11:23:00,48.10,48.10,45.30,46.05,7150,173125,47.25
2020-10-19 11:24:00,46.25,46.50,43.90,45.20,5950,173125,47.24
2020-10-19 11:25:00,45.25,45.80,41.95,43.35,5850,173125,47.22
2020-10-19 11:26:00,43.60,45.80,43.45,45.75,3400,173600,47.21
2020-10-19 11:27:00,45.20,47.85,45.20,46.45,5725,173600,47.21
2020-10-19 11:28:00,46.90,47.25,45.55,45.80,1450,173600,47.21
2020-10-19 11:29:00,45.80,46.05,45.35,45.90,3225,171975,47.21
2020-10-19 11:30:00,46.05,47.10,45.50,47.10,5650,171975,47.20
2020-10-19 11:31:00,47.55,50.00,47.15,49.05,8875,171975,47.22
2020-10-19 11:32:00,48.90,49.55,48.20,49.55,6375,169775,47.22
2020-10-19 11:33:00,49.15,49.15,46.90,46.90,3250,169775,47.22
2020-10-19 11:34:00,47.15,47.85,46.50,46.85,2275,169775,47.22
2020-10-19 11:35:00,46.85,47.40,46.60,47.00,3675,170725,47.22
2020-10-19 11:36:00,47.00,48.10,47.00,47.75,1475,170725,47.22
2020-10-19 11:37:00,47.85,48.75,47.70,48.55,1100,170725,47.22
2020-10-19 11:38:00,48.75,48.90,47.50,48.05,2350,171300,47.23
2020-10-19 11:39:00,48.00,48.95,48.00,48.55,1150,171300,47.23
2020-10-19 11:40:00,48.25,48.25,47.00,48.00,3375,171300,47.23
2020-10-19 11:41:00,48.00,49.00,48.00,49.00,500,172900,47.23
2020-10-19 11:42:00,49.40,50.50,47.65,47.65,7475,172900,47.24
2020-10-19 11:43:00,48.20,48.45,46.75,46.90,6675,172900,47.24
2020-10-19 11:44:00,47.50,48.00,47.00,47.15,3450,174750,47.24
2020-10-19 11:45:00,47.00,48.10,46.60,47.15,3450,174750,47.24
2020-10-19 11:46:00,47.25,48.15,47.00,47.00,5400,174750,47.24
2020-10-19 11:47:00,46.80,47.60,46.80,46.95,4150,178225,47.24
2020-10-19 11:48:00,46.50,47.75,46.00,47.60,10850,178225,47.24
2020-10-19 11:49:00,47.65,47.80,46.75,47.45,3050,178225,47.24
2020-10-19 11:50:00,47.70,47.70,46.55,47.45,4450,185000,47.24
2020-10-19 11:51:00,47.35,47.35,44.65,46.40,3525,185000,47.23
2020-10-19 11:52:00,46.65,46.65,45.25,45.45,2400,185000,47.23
2020-10-19 11:53:00,45.00,45.40,41.75,41.75,8625,185425,47.21
2020-10-19 11:54:00,42.45,44.15,39.55,40.40,14800,185425,47.14
2020-10-19 11:55:00,40.45,41.45,40.15,40.65,5625,185425,47.11
2020-10-19 11:56:00,40.35,42.30,40.20,42.00,5800,182750,47.09
2020-10-19 11:57:00,42.15,42.20,41.15,41.55,3250,182750,47.08
2020-10-19 11:58:00,41.75,43.00,41.35,43.00,2400,182750,47.07
2020-10-19 11:59:00,42.65,42.75,41.55,42.50,4775,184025,47.05
2020-10-19 12:00:00,42.45,42.95,41.60,42.55,7650,184025,47.03
2020-10-19 12:01:00,42.50,42.85,42.40,42.55,9125,184025,47.00
2020-10-19 12:02:00,41.90,42.05,41.15,41.85,3350,184075,46.98
2020-10-19 12:03:00,41.95,44.05,41.95,43.05,10550,184075,46.95
2020-10-19 12:04:00,42.85,44.05,42.50,43.90,11800,184075,46.93
2020-10-19 12:05:00,43.80,44.50,42.50,42.50,5000,183275,46.92
2020-10-19 12:06:00,43.05,44.70,43.05,44.00,2350,183275,46.91
2020-10-19 12:07:00,44.25,44.25,43.20,44.20,2475,183275,46.91
2020-10-19 12:08:00,44.10,45.65,43.70,45.00,9350,182525,46.89
2020-10-19 12:09:00,44.80,47.35,44.80,46.50,15125,182525,46.88
2020-10-19 12:10:00,46.80,47.40,45.55,45.80,18600,182525,46.88
2020-10-19 12:11:00,45.85,46.70,45.25,46.55,13100,187200,46.87
2020-10-19 12:12:00,46.45,46.90,45.30,45.75,13300,187200,46.86
2020-10-19 12:13:00,45.90,46.65,45.70,46.00,5500,187200,46.86
2020-10-19 12:14:00,46.30,47.40,46.05,47.10,4875,183500,46.86
2020-10-19 12:15:00,47.40,47.90,46.60,47.15,4700,183500,46.86
2020-10-19 12:16:00,47.10,47.30,45.90,46.45,5300,183500,46.86
2020-10-19 12:17:00,46.50,49.55,46.50,48.70,11725,184750,46.87
2020-10-19 12:18:00,48.80,48.80,46.90,47.00,12250,184750,46.88
2020-10-19 12:19:00,47.00,47.30,45.70,46.10,7975,184750,46.88
2020-10-19 12:20:00,46.60,48.30,46.50,47.95,4050,184100,46.88
2020-10-19 12:21:00,47.70,48.85,47.70,48.70,5450,184100,46.88
2020-10-19 12:22:00,48.30,49.45,47.00,47.45,7925,184100,46.89
2020-10-19 12:23:00,47.50,48.65,47.35,47.55,4650,189700,46.89
2020-10-19 12:24:00,47.95,48.65,47.00,48.10,6625,189700,46.90
2020-10-19 12:25:00,48.35,48.50,47.45,47.95,5350,189700,46.90
2020-10-19 12:26:00,48.00,48.50,47.15,47.60,3775,190875,46.90
2020-10-19 12:27:00,48.10,48.60,47.30,48.50,6350,190875,46.91
2020-10-19 12:28:00,48.60,49.20,47.55,47.55,4675,190875,46.91
2020-10-19 12:29:00,47.55,48.20,46.65,46.85,2575,187500,46.91
2020-10-19 12:30:00,47.10,48.95,47.10,48.45,16975,187500,46.93
2020-10-19 12:31:00,48.35,48.60,47.50,48.40,3700,187500,46.93
2020-10-19 12:32:00,48.40,49.85,48.05,49.70,10250,181725,46.94
2020-10-19 12:33:00,49.55,51.20,49.55,50.45,11525,181725,46.97
2020-10-19 12:34:00,50.65,51.15,50.00,50.50,9075,181725,46.99
2020-10-19 12:35:00,50.05,50.05,48.80,49.10,5400,182925,47.00
2020-10-19 12:36:00,49.50,51.10,49.50,50.00,4775,182925,47.01
2020-10-19 12:37:00,50.10,50.35,49.30,49.75,3300,182925,47.01
2020-10-19 12:38:00,50.00,51.90,49.80,50.80,6050,182700,47.03
2020-10-19 12:39:00,50.75,51.25,49.30,50.40,6025,182700,47.04
2020-10-19 12:40:00,50.30,50.75,49.85,50.20,4450,182700,47.04
2020-10-19 12:41:00,50.15,50.65,49.50,50.30,2500,182700,47.05
2020-10-19 12:42:00,49.90,50.40,48.55,49.20,4675,183525,47.06
2020-10-19 12:43:00,48.90,50.10,48.90,49.80,2050,183525,47.06
2020-10-19 12:44:00,50.00,50.95,49.35,49.50,7300,182400,47.07
2020-10-19 12:45:00,49.65,53.15,49.25,52.30,11775,182400,47.11
2020-10-19 12:46:00,52.40,55.95,52.05,54.10,14825,182400,47.17
2020-10-19 12:47:00,54.00,54.05,52.60,53.00,5325,177175,47.19
2020-10-19 12:48:00,52.50,54.25,52.20,53.90,8075,177175,47.22
2020-10-19 12:49:00,54.00,54.50,52.70,54.05,6050,177175,47.24
2020-10-19 12:50:00,54.00,57.40,53.90,57.40,8950,175125,47.28
2020-10-19 12:51:00,56.95,57.10,55.50,55.90,10775,175125,47.33
2020-10-19 12:52:00,55.30,55.55,54.85,55.00,4075,175125,47.35
2020-10-19 12:53:00,55.10,55.10,52.20,53.00,3475,177275,47.37
2020-10-19 12:54:00,53.15,54.20,53.05,54.20,1175,177275,47.37
2020-10-19 12:55:00,53.55,54.00,52.60,53.10,5375,177275,47.39
2020-10-19 12:56:00,52.85,52.85,48.45,50.25,10225,174250,47.40
2020-10-19 12:57:00,50.20,52.15,50.05,52.15,1700,174250,47.41
2020-10-19 12:58:00,52.75,52.80,51.95,52.75,6300,174250,47.43
2020-10-19 12:59:00,52.80,54.10,52.65,52.95,6675,174250,47.45
2020-10-19 13:00:00,53.35,54.15,52.60,53.30,4425,176000,47.46
2020-10-19 13:01:00,53.10,53.90,53.10,53.30,3625,176000,47.47
2020-10-19 13:02:00,53.10,53.60,52.65,52.70,775,176000,47.48
2020-10-19 13:03:00,52.75,52.80,51.25,51.40,4550,173400,47.49
2020-10-19 13:04:00,51.60,51.60,50.40,50.65,3350,173400,47.49
2020-10-19 13:05:00,50.40,50.40,46.80,48.45,12775,173400,47.50
2020-10-19 13:06:00,48.70,50.10,48.35,49.30,3300,172550,47.50
2020-10-19 13:07:00,49.15,51.45,49.15,51.05,7325,172550,47.51
2020-10-19 13:08:00,50.80,51.30,49.90,50.00,1225,172550,47.52
2020-10-19 13:09:00,50.00,52.05,50.00,51.40,1675,172125,47.52
2020-10-19 13:10:00,51.50,54.45,51.45,53.35,10275,172125,47.55
2020-10-19 13:11:00,53.00,53.40,52.00,52.55,6775,172125,47.57
2020-10-19 13:12:00,52.25,53.25,52.25,52.75,1175,171025,47.57
2020-10-19 13:13:00,52.55,54.00,52.50,53.60,1250,171025,47.58
2020-10-19 13:14:00,53.40,55.55,53.40,55.10,7900,171025,47.61
2020-10-19 13:15:00,55.25,64.75,55.20,62.60,38675,169750,47.89
2020-10-19 13:16:00,62.75,70.45,62.75,67.10,69575,169750,48.61
2020-10-19 13:17:00,66.60,68.05,66.00,66.45,11875,169750,48.72
2020-10-19 13:18:00,66.05,66.15,63.00,64.10,14800,173925,48.84
2020-10-19 13:19:00,63.80,67.25,63.80,66.60,10850,173925,48.93
2020-10-19 13:20:00,67.30,68.00,63.45,63.45,15375,173925,49.06
2020-10-19 13:21:00,63.55,66.60,63.15,64.70,6275,176025,49.11
2020-10-19 13:22:00,64.65,65.20,61.00,61.00,14275,176025,49.21
2020-10-19 13:23:00,61.70,61.70,58.65,60.40,9225,176025,49.26
2020-10-19 13:24:00,60.00,60.20,56.55,59.45,12150,174250,49.32
2020-10-19 13:25:00,58.80,62.00,58.80,61.35,7775,174250,49.36
2020-10-19 13:26:00,61.30,61.90,57.25,57.25,7450,174250,49.40
2020-10-19 13:27:00,57.00,58.85,54.85,58.75,8525,174050,49.43
2020-10-19 13:28:00,58.35,58.60,56.95,58.20,4150,174050,49.44
2020-10-19 13:29:00,59.05,59.15,51.70,52.40,19550,174050,49.49
2020-10-19 13:30:00,52.85,52.85,48.00,51.05,20800,174650,49.49
2020-10-19 13:31:00,51.40,53.45,51.40,52.25,8125,174650,49.50
2020-10-19 13:32:00,52.60,53.10,49.60,49.60,3925,174650,49.51
2020-10-19 13:33:00,49.60,51.60,49.60,50.65,2775,172325,49.51
2020-10-19 13:34:00,50.15,51.00,48.70,49.30,6325,172325,49.51
2020-10-19 13:35:00,49.65,50.50,47.45,47.45,8050,172325,49.51
2020-10-19 13:36:00,47.80,50.20,47.80,48.55,9475,174300,49.51
2020-10-19 13:37:00,48.10,50.05,46.40,49.50,10850,174300,49.50
2020-10-19 13:38:00,49.55,51.90,49.45,51.90,7825,174300,49.50
2020-10-19 13:39:00,51.55,52.85,51.50,51.90,4775,172100,49.51
2020-10-19 13:40:00,52.00,52.20,51.00,51.15,5825,172100,49.52
2020-10-19 13:41:00,51.25,52.25,51.00,51.30,11925,172100,49.53
2020-10-19 13:42:00,51.40,52.90,50.80,52.90,7175,173475,49.53
2020-10-19 13:43:00,52.90,53.25,51.05,51.30,10825,173475,49.55
2020-10-19 13:44:00,52.00,53.15,51.45,52.55,4500,173475,49.55
2020-10-19 13:45:00,52.50,52.60,50.15,50.70,7475,174475,49.56
2020-10-19 13:46:00,50.45,51.25,48.95,49.50,5950,174475,49.56
2020-10-19 13:47:00,49.35,50.40,48.65,49.75,2925,174475,49.56
2020-10-19 13:48:00,49.70,49.70,48.00,49.00,4750,172325,49.56
2020-10-19 13:49:00,49.15,51.40,48.85,51.40,8025,172325,49.56
2020-10-19 13:50:00,51.20,51.40,50.00,50.25,1675,172325,49.56
2020-10-19 13:51:00,50.60,52.10,50.35,52.10,6825,172300,49.56
2020-10-19 13:52:00,52.40,54.65,52.05,53.10,11650,172300,49.58
2020-10-19 13:53:00,54.00,54.50,52.95,53.60,2775,172300,49.59
2020-10-19 13:54:00,53.70,53.85,51.45,52.65,9075,171800,49.60
2020-10-19 13:55:00,53.05,53.50,50.75,51.80,9000,171800,49.61
2020-10-19 13:56:00,51.50,52.30,50.70,51.60,6775,171800,49.61
2020-10-19 13:57:00,51.45,53.00,51.05,52.00,3075,169675,49.62
2020-10-19 13:58:00,52.05,52.40,50.30,51.05,7750,169675,49.62
2020-10-19 13:59:00,50.80,52.25,50.80,52.15,2575,169675,49.62
2020-10-19 14:00:00,52.70,55.10,52.70,55.00,14450,170450,49.65
2020-10-19 14:01:00,54.80,54.90,53.45,54.65,3250,170450,49.66
2020-10-19 14:02:00,54.25,55.40,54.00,54.80,3700,170450,49.66
2020-10-19 14:03:00,54.75,55.65,52.00,55.65,11400,170725,49.68
2020-10-19 14:04:00,55.65,59.95,55.65,59.30,26525,170725,49.78
2020-10-19 14:05:00,59.75,63.75,59.75,61.25,21350,170725,49.89
2020-10-19 14:06:00,61.60,61.60,57.70,58.60,8950,171950,49.92
2020-10-19 14:07:00,58.45,60.05,57.40,57.80,16300,171950,49.98
2020-10-19 14:08:00,57.60,58.55,57.50,58.55,3525,171950,49.99
2020-10-19 14:09:00,58.70,60.00,57.65,58.70,4625,177050,50.01
2020-10-19 14:10:00,58.90,59.35,53.15,55.90,14750,177050,50.04
2020-10-19 14:11:00,56.50,57.45,56.30,56.35,3800,177050,50.05
2020-10-19 14:12:00,56.40,58.00,55.05,55.80,3900,174650,50.07
2020-10-19 14:13:00,55.95,57.85,54.75,57.85,11700,174650,50.09
2020-10-19 14:14:00,57.85,58.50,57.10,57.85,5325,174650,50.11
2020-10-19 14:15:00,57.65,61.55,57.60,60.95,13850,175100,50.17
2020-10-19 14:16:00,60.60,61.95,56.80,57.70,8875,175100,50.20
2020-10-19 14:17:00,57.45,57.45,55.20,56.45,8450,175100,50.22
2020-10-19 14:18:00,56.40,56.75,48.80,50.40,26825,175025,50.24
2020-10-19 14:19:00,51.05,53.05,50.60,52.55,10600,175025,50.24
2020-10-19 14:20:00,52.75,54.40,52.45,53.50,4100,175025,50.25
2020-10-19 14:21:00,53.25,53.45,50.50,52.20,3875,171975,50.25
2020-10-19 14:22:00,52.05,53.65,51.65,53.65,3275,171975,50.25
2020-10-19 14:23:00,53.75,55.35,53.75,53.90,9150,171975,50.27
2020-10-19 14:24:00,54.00,55.50,53.60,54.60,7025,172225,50.28
2020-10-19 14:25:00,54.05,54.35,52.05,52.35,3925,172225,50.29
2020-10-19 14:26:00,52.60,53.25,51.90,53.00,5700,172225,50.29
2020-10-19 14:27:00,53.30,56.40,52.45,56.40,10475,171325,50.31
2020-10-19 14:28:00,55.90,56.60,54.60,56.00,10450,171325,50.33
2020-10-19 14:29:00,56.00,57.45,54.85,55.10,8950,171325,50.35
2020-10-19 14:30:00,55.95,57.70,55.15,55.35,5650,169875,50.36
2020-10-19 14:31:00,55.00,55.25,50.65,52.30,17375,169875,50.38
2020-10-19 14:32:00,52.90,52.90,50.60,51.15,8925,169875,50.38
2020-10-19 14:33:00,51.25,57.60,49.75,57.60,16000,174875,50.40
2020-10-19 14:34:00,58.40,65.55,57.95,64.90,37725,174875,50.56
2020-10-19 14:35:00,65.15,67.15,61.15,63.50,20450,174875,50.66
2020-10-19 14:36:00,64.25,66.55,62.85,66.45,17325,169600,50.75
2020-10-19 14:37:00,66.90,66.90,63.10,63.75,13225,169600,50.82
2020-10-19 14:38:00,64.75,64.75,61.00,63.15,13325,169600,50.88
2020-10-19 14:39:00,63.15,64.45,59.35,60.55,9325,171325,50.91
2020-10-19 14:40:00,60.85,62.60,59.45,61.65,6600,171325,50.94
2020-10-19 14:41:00,60.80,61.40,57.90,57.90,6800,171325,50.96
2020-10-19 14:42:00,58.00,62.10,58.00,62.10,8550,173300,50.99
2020-10-19 14:43:00,62.40,62.70,60.95,62.05,5350,173300,51.01
2020-10-19 14:44:00,61.85,62.00,58.80,60.00,10500,173300,51.04
2020-10-19 14:45:00,60.15,64.10,60.15,63.50,12375,174250,51.09
2020-10-19 14:46:00,62.95,63.85,60.85,62.95,9850,174250,51.13
2020-10-19 14:47:00,63.00,66.45,61.45,64.35,25825,174250,51.25
2020-10-19 14:48:00,64.50,64.50,61.35,61.35,17100,170600,51.32
2020-10-19 14:49:00,61.40,62.10,59.00,60.60,12275,170600,51.37
2020-10-19 14:50:00,60.45,61.05,58.70,60.45,6775,170600,51.38
2020-10-19 14:51:00,60.45,61.20,59.00,59.40,3875,175350,51.40
2020-10-19 14:52:00,59.35,64.55,59.05,64.40,15600,175350,51.45
2020-10-19 14:53:00,64.35,66.05,62.20,62.50,16400,175350,51.53
2020-10-19 14:54:00,62.40,63.50,61.20,61.95,8650,173400,51.56
2020-10-19 14:55:00,62.30,63.95,61.15,62.45,4450,173400,51.58
2020-10-19 14:56:00,62.45,64.50,61.90,63.85,8700,173400,51.61
2020-10-19 14:57:00,64.00,64.00,60.80,61.90,15725,178400,51.67
2020-10-19 14:58:00,61.20,61.55,59.70,60.85,10525,178400,51.70
2020-10-19 14:59:00,60.75,60.75,56.70,58.70,13575,178400,51.73
2020-10-19 15:00:00,58.45,61.75,58.45,59.85,11025,176475,51.76
2020-10-19 15:01:00,59.55,60.40,58.25,59.60,2675,176475,51.77
2020-10-19 15:02:00,60.55,61.25,58.50,58.85,8800,176475,51.79
2020-10-19 15:03:00,59.50,60.40,58.80,58.90,10525,174400,51.82
2020-10-19 15:04:00,59.20,61.90,59.15,60.30,6425,174400,51.84
2020-10-19 15:05:00,60.70,61.30,59.90,60.45,6725,174400,51.86
2020-10-19 15:06:00,60.60,61.35,59.40,60.20,6575,170450,51.88
2020-10-19 15:07:00,60.30,61.40,59.75,60.65,10325,170450,51.91
2020-10-19 15:08:00,60.75,60.80,58.15,58.40,15950,170450,51.95
2020-10-19 15:09:00,59.10,60.70,58.45,58.45,14575,176600,51.98
2020-10-19 15:10:00,57.90,59.20,56.75,57.70,17975,176600,52.02
2020-10-19 15:11:00,57.60,58.50,57.05,58.30,14250,176600,52.05
2020-10-19 15:12:00,58.40,59.00,57.60,57.80,8850,178425,52.06
2020-10-19 15:13:00,58.05,59.00,57.90,58.95,6850,178425,52.08
2020-10-19 15:14:00,59.00,59.75,58.40,59.75,7900,178425,52.10
2020-10-19 15:15:00,59.40,59.95,58.20,58.20,16575,177325,52.13
2020-10-19 15:16:00,58.15,58.80,57.60,57.60,12475,177325,52.16
2020-10-19 15:17:00,57.90,57.90,56.85,57.05,14850,177325,52.18
2020-10-19 15:18:00,56.80,56.80,53.65,54.95,18125,181825,52.20
2020-10-19 15:19:00,55.20,55.55,52.50,54.80,17200,181825,52.21
2020-10-19 15:20:00,55.25,59.75,55.05,59.60,24925,181825,52.25
2020-10-19 15:21:00,59.80,62.10,58.65,62.00,13875,178000,52.28
2020-10-19 15:22:00,62.00,62.10,59.65,61.10,9675,178000,52.31
2020-10-19 15:23:00,60.75,61.05,60.20,60.60,10925,178000,52.34
2020-10-19 15:24:00,60.70,61.90,60.50,61.50,15850,185400,52.38
2020-10-19 15:25:00,61.40,61.55,59.25,59.65,17925,185400,52.43
2020-10-19 15:26:00,59.40,61.10,59.20,59.40,11575,185400,52.45
2020-10-19 15:27:00,59.35,60.00,58.80,59.40,5075,189900,52.46
2020-10-19 15:28:00,59.70,59.80,57.60,59.60,15650,189900,52.49
2020-10-19 15:29:01,60.00,61.00,58.00,58.00,25600,189900,52.55
2020-10-20 09:15:00,48.75,48.80,22.55,33.35,45200,189875,32.42
2020-10-20 09:16:00,33.60,36.40,31.35,32.70,43425,189875,33.15
2020-10-20 09:17:00,32.65,34.60,32.65,34.60,13200,199000,33.21
2020-10-20 09:18:00,34.80,36.00,33.85,34.75,29750,199000,33.60
2020-10-20 09:19:00,34.30,35.90,33.95,35.70,18200,199000,33.76
2020-10-20 09:20:00,36.30,36.65,35.20,35.50,22025,208600,34.07
2020-10-20 09:21:00,35.10,36.65,34.70,36.65,15700,208600,34.19
2020-10-20 09:22:00,36.90,39.00,36.40,38.75,17150,208600,34.50
2020-10-20 09:23:00,39.00,41.30,39.00,40.65,20825,215625,35.01
2020-10-20 09:24:00,40.55,51.85,40.55,50.60,29450,215625,36.30
2020-10-20 09:25:00,50.80,56.00,50.80,52.15,36975,215625,38.39
2020-10-20 09:26:00,52.00,52.00,45.40,47.50,34675,224875,39.51
2020-10-20 09:27:00,47.40,47.60,44.40,46.35,17700,224875,39.85
2020-10-20 09:28:00,46.20,48.10,44.55,47.65,17525,224875,40.16
2020-10-20 09:29:00,47.30,50.10,47.05,50.10,16300,229050,40.53
2020-10-20 09:30:00,50.40,55.00,50.05,54.85,33150,229050,41.53
2020-10-20 09:31:00,54.50,57.50,53.45,53.70,21950,229050,42.22
2020-10-20 09:32:00,53.70,54.65,52.45,52.45,17875,232925,42.67
2020-10-20 09:33:00,52.45,54.65,50.70,54.65,12900,232925,42.94
2020-10-20 09:34:00,54.65,55.65,53.50,55.20,11675,232925,43.24
2020-10-20 09:35:00,56.45,58.80,54.00,54.65,21400,230925,43.81
2020-10-20 09:36:00,54.25,57.40,53.75,56.35,11675,230925,44.07
2020-10-20 09:37:00,56.00,56.85,53.35,54.60,7100,230925,44.22
2020-10-20 09:38:00,54.80,55.65,53.05,53.05,6175,233700,44.34
2020-10-20 09:39:00,53.00,58.55,52.75,56.75,17725,233700,44.72
2020-10-20 09:40:00,57.00,57.80,52.00,53.55,12525,233700,44.95
2020-10-20 09:41:00,52.95,53.40,51.50,53.15,8000,234975,45.06
2020-10-20 09:42:00,52.75,53.65,52.00,52.95,8750,234975,45.18
2020-10-20 09:43:00,53.05,54.55,53.05,54.20,9575,234975,45.32
2020-10-20 09:44:00,54.10,54.35,52.00,53.95,5700,237425,45.40
2020-10-20 09:45:00,54.10,56.80,52.45,53.25,11050,237425,45.57
2020-10-20 09:46:00,53.00,53.30,51.30,51.80,10500,237425,45.68
2020-10-20 09:47:00,52.00,52.45,50.75,51.10,5200,237825,45.73
2020-10-20 09:48:00,51.30,51.60,46.40,49.20,20000,237825,45.82
2020-10-20 09:49:00,49.30,49.70,46.30,47.60,15175,237825,45.87
2020-10-20 09:50:00,48.00,48.05,41.10,42.70,20600,242100,45.82
2020-10-20 09:51:00,42.65,43.95,41.35,42.95,16225,242100,45.74
2020-10-20 09:52:00,42.90,42.90,38.95,41.60,21850,242100,45.59
2020-10-20 09:53:00,41.55,44.15,41.55,43.25,13350,233975,45.55
2020-10-20 09:54:00,43.40,43.50,41.20,42.05,15100,233975,45.47
2020-10-20 09:55:00,41.35,41.95,37.20,37.20,16775,233975,45.35
2020-10-20 09:56:00,36.75,38.95,36.65,38.85,22100,229850,45.13
2020-10-20 09:57:00,39.15,40.80,38.80,40.15,11525,229850,45.05
2020-10-20 09:58:00,40.15,42.55,39.40,41.45,7450,229850,45.01
2020-10-20 09:59:00,41.05,41.10,38.45,38.70,9950,231800,44.95
2020-10-20 10:00:00,38.55,38.55,35.25,36.50,17150,231800,44.78
2020-10-20 10:01:00,36.40,39.40,36.10,38.90,8725,231800,44.71
2020-10-20 10:02:00,38.80,40.50,38.35,40.15,6700,233500,44.67
2020-10-20 10:03:00,40.35,40.40,38.05,39.15,7200,233500,44.62
2020-10-20 10:04:00,38.90,40.35,38.50,39.05,4850,233500,44.59
2020-10-20 10:05:00,39.30,40.55,39.30,40.45,7600,232350,44.55
2020-10-20 10:06:00,40.15,41.25,39.95,40.80,5925,232350,44.52
2020-10-20 10:07:00,40.45,42.60,40.00,40.00,13000,232350,44.47
2020-10-20 10:08:00,39.80,40.55,39.50,40.55,7475,238725,44.43
2020-10-20 10:09:00,40.55,40.65,38.45,38.45,5300,238725,44.40
2020-10-20 10:10:00,38.70,38.85,35.45,35.45,10700,238725,44.32
2020-10-20 10:11:00,35.65,37.25,35.35,36.95,9575,239975,44.23
2020-10-20 10:12:00,36.80,38.25,36.80,37.50,6700,239975,44.18
2020-10-20 10:13:00,37.25,38.70,37.25,38.10,7800,239975,44.13
2020-10-20 10:14:00,38.15,39.95,38.15,39.30,6625,237200,44.10
2020-10-20 10:15:00,39.35,39.35,37.25,38.70,3825,237200,44.07
2020-10-20 10:16:00,38.80,38.95,37.90,38.35,4925,237200,44.04
2020-10-20 10:17:00,38.55,38.60,36.90,37.75,4900,239475,44.01
2020-10-20 10:18:00,37.95,38.55,36.85,36.95,5425,239475,43.97
2020-10-20 10:19:00,36.85,37.20,35.00,35.20,8525,239475,43.90
2020-10-20 10:20:00,35.00,37.35,34.50,37.00,14000,239150,43.78
2020-10-20 10:21:00,36.95,37.55,36.55,36.55,3400,239150,43.76
2020-10-20 10:22:00,36.55,37.50,35.70,37.50,7025,239150,43.71
2020-10-20 10:23:00,37.80,38.40,36.85,37.50,2725,241400,43.69
2020-10-20 10:24:00,37.20,37.50,36.55,37.10,2350,241400,43.68
2020-10-20 10:25:00,36.50,37.45,36.50,36.80,1825,241400,43.66
2020-10-20 10:26:00,36.60,36.95,35.35,36.50,4075,242575,43.63
2020-10-20 10:27:00,36.10,37.10,36.10,37.00,5000,242575,43.60
2020-10-20 10:28:00,36.80,37.85,36.40,37.80,4350,242575,43.57
2020-10-20 10:29:00,38.00,39.50,37.95,39.10,9375,244625,43.52
2020-10-20 10:30:00,38.40,38.80,37.70,37.70,6125,244625,43.49
2020-10-20 10:31:00,38.15,38.20,37.40,37.80,3000,244625,43.47
2020-10-20 10:32:00,37.90,38.35,37.10,37.20,3300,247900,43.46
2020-10-20 10:33:00,37.10,37.90,37.00,37.80,3600,247900,43.44
2020-10-20 10:34:00,37.90,38.90,37.60,37.90,6850,247900,43.40
2020-10-20 10:35:00,37.80,40.10,37.80,38.80,10725,251650,43.36
2020-10-20 10:36:00,38.90,40.75,38.70,40.25,4975,251650,43.34
2020-10-20 10:37:00,41.00,42.00,40.40,40.75,9000,251650,43.33
2020-10-20 10:38:00,40.90,41.25,40.50,40.50,3500,255525,43.32
2020-10-20 10:39:00,40.60,41.25,40.25,41.15,9450,255525,43.29
2020-10-20 10:40:00,41.05,41.90,40.40,40.40,8075,255525,43.28
2020-10-20 10:41:00,41.05,41.05,39.65,40.60,9600,257475,43.25
2020-10-20 10:42:00,40.65,41.65,40.10,41.45,3025,257475,43.25
2020-10-20 10:43:00,41.25,44.25,41.25,43.30,13100,257475,43.25
2020-10-20 10:44:00,43.35,51.00,43.15,50.55,29725,256600,43.38
2020-10-20 10:45:00,50.50,52.20,47.95,48.20,41075,256600,43.61
2020-10-20 10:46:00,48.60,48.60,46.80,48.05,15025,256600,43.67
2020-10-20 10:47:00,48.00,50.00,47.75,49.80,34125,265975,43.82
2020-10-20 10:48:00,49.50,49.50,47.80,49.00,15400,265975,43.88
2020-10-20 10:49:00,48.65,50.00,48.45,49.75,16750,265975,43.95
2020-10-20 10:50:00,50.30,51.70,48.35,49.40,19175,269525,44.04
2020-10-20 10:51:00,49.35,50.85,48.50,48.50,16800,269525,44.11
2020-10-20 10:52:00,48.60,48.60,44.15,44.45,18150,269525,44.14
2020-10-20 10:53:00,44.95,45.60,43.80,43.80,7100,267025,44.14
2020-10-20 10:54:00,44.05,44.75,40.10,41.35,20900,267025,44.12
2020-10-20 10:55:00,41.20,42.60,39.60,42.45,15350,267025,44.08
2020-10-20 10:56:00,42.00,43.30,42.00,42.65,7025,267375,44.07
2020-10-20 10:57:00,42.85,43.85,41.60,43.80,5350,267375,44.07
2020-10-20 10:58:00,43.60,44.80,43.40,44.25,12175,267375,44.07
2020-10-20 10:59:00,44.45,45.20,43.85,44.15,7875,270250,44.07
2020-10-20 11:00:00,44.05,45.90,43.40,45.15,7825,270250,44.07
2020-10-20 11:01:00,45.25,46.05,43.25,43.80,11450,270250,44.08
2020-10-20 11:02:00,43.55,43.70,42.30,43.35,6075,274500,44.07
2020-10-20 11:03:00,43.20,44.25,42.65,43.90,2675,274500,44.07
2020-10-20 11:04:00,43.90,44.95,43.55,44.95,3025,274500,44.07
2020-10-20 11:05:00,44.85,45.95,44.60,45.50,6625,270725,44.08
2020-10-20 11:06:00,45.55,47.50,45.55,46.30,7325,270725,44.09
2020-10-20 11:07:00,46.20,46.55,45.80,45.90,1625,270725,44.10
2020-10-20 11:08:00,45.85,47.40,45.70,46.60,6650,270900,44.11
2020-10-20 11:09:00,46.35,47.65,45.00,47.30,9450,270900,44.12
2020-10-20 11:10:00,47.30,52.00,46.75,50.30,25225,270900,44.23
2020-10-20 11:11:00,50.60,51.00,47.80,48.55,11025,266275,44.27
2020-10-20 11:12:00,48.85,52.20,48.45,51.25,22000,266275,44.37
2020-10-20 11:13:00,51.30,54.50,51.00,52.00,31375,266275,44.55
2020-10-20 11:14:00,52.40,52.75,51.40,52.05,15675,262875,44.62
2020-10-20 11:15:00,52.05,54.15,51.85,52.10,16850,262875,44.71
2020-10-20 11:16:00,52.30,54.35,52.00,53.45,9825,262875,44.76
2020-10-20 11:17:00,53.40,56.45,52.00,52.65,23475,260175,44.91
2020-10-20 11:18:00,52.30,53.00,50.70,51.55,13675,260175,44.96
2020-10-20 11:19:00,51.95,52.35,49.30,52.15,12300,260175,45.01
2020-10-20 11:20:00,51.75,51.85,50.25,51.20,9500,260900,45.04
2020-10-20 11:21:00,51.45,51.45,50.35,50.75,5025,260900,45.06
2020-10-20 11:22:00,50.75,51.20,50.15,50.75,5175,260900,45.08
2020-10-20 11:23:00,50.65,51.30,49.15,49.85,10000,262550,45.11
2020-10-20 11:24:00,49.45,50.15,47.75,49.70,11725,262550,45.13
2020-10-20 11:25:00,49.80,51.00,49.80,50.30,3625,262550,45.15
2020-10-20 11:26:00,50.10,50.50,48.00,50.10,7050,262500,45.16
2020-10-20 11:27:00,50.30,51.30,50.30,51.25,2250,262500,45.17
2020-10-20 11:28:00,51.30,53.55,51.25,53.55,13550,262500,45.23
2020-10-20 11:29:00,53.70,54.15,50.90,51.75,10950,254850,45.28
2020-10-20 11:30:00,51.30,51.65,49.10,50.65,10325,254850,45.31
2020-10-20 11:31:00,50.50,50.80,49.95,50.30,4775,254850,45.32
2020-10-20 11:32:00,50.30,50.50,46.95,48.15,15750,257575,45.35
2020-10-20 11:33:00,48.25,49.95,47.95,49.60,10975,257575,45.38
2020-10-20 11:34:00,49.55,50.35,49.10,49.55,5350,257575,45.39
2020-10-20 11:35:00,49.50,49.90,48.90,49.85,3225,257300,45.40
2020-10-20 11:36:00,50.15,50.15,46.75,48.45,5900,257300,45.41
2020-10-20 11:37:00,48.85,49.00,45.70,45.70,6825,257300,45.42
2020-10-20 11:38:00,46.55,48.25,45.95,48.10,5200,257725,45.42
2020-10-20 11:39:00,48.10,49.60,48.10,49.00,7450,257725,45.43
2020-10-20 11:40:00,49.50,50.40,49.20,50.10,5050,257725,45.45
2020-10-20 11:41:00,50.45,50.60,48.55,49.40,6600,260700,45.46
2020-10-20 11:42:00,49.75,49.80,48.40,48.50,4675,260700,45.47
2020-10-20 11:43:00,48.80,49.75,48.50,48.85,3450,260700,45.48
2020-10-20 11:44:00,48.75,50.15,48.05,49.90,5525,262400,45.49
2020-10-20 11:45:00,49.50,51.00,48.35,49.90,11850,262400,45.52
2020-10-20 11:46:00,50.25,51.70,50.15,50.50,7475,262400,45.54
2020-10-20 11:47:00,50.25,50.90,49.25,50.05,7075,261400,45.56
2020-10-20 11:48:00,49.90,50.20,49.10,49.10,2275,261400,45.56
2020-10-20 11:49:00,50.00,51.00,49.10,49.75,5975,261400,45.58
2020-10-20 11:50:00,49.55,50.90,49.45,50.05,5150,260725,45.59
2020-10-20 11:51:00,50.40,52.75,50.20,51.20,9100,260725,45.62
2020-10-20 11:52:00,51.70,53.35,51.00,53.20,9100,260725,45.65
2020-10-20 11:53:00,53.40,56.35,52.95,54.00,29425,260325,45.79
2020-10-20 11:54:00,53.75,54.75,53.10,53.55,19925,260325,45.87
2020-10-20 11:55:00,54.65,57.50,54.35,55.30,31625,260325,46.03
2020-10-20 11:56:00,55.25,56.05,54.00,55.20,8925,261250,46.08
2020-10-20 11:57:00,54.65,55.30,54.05,54.15,10200,261250,46.12
2020-10-20 11:58:00,54.30,54.30,52.25,53.10,15100,261250,46.17
2020-10-20 11:59:00,53.00,54.45,53.00,54.20,5750,264775,46.20
2020-10-20 12:00:00,54.15,54.35,51.60,51.75,7975,264775,46.22
2020-10-20 12:01:00,51.35,52.75,51.30,52.45,6100,264775,46.24
2020-10-20 12:02:00,52.35,52.35,51.15,51.55,7775,269075,46.26
2020-10-20 12:03:00,51.60,52.05,51.25,51.40,2175,269075,46.27
2020-10-20 12:04:00,51.30,51.70,50.10,51.60,6025,269075,46.28
2020-10-20 12:05:00,51.00,52.30,51.00,52.00,6325,270075,46.30
2020-10-20 12:06:00,51.75,51.75,50.85,50.85,2000,270075,46.30
2020-10-20 12:07:00,50.70,51.00,47.65,48.65,9700,270075,46.32
2020-10-20 12:08:00,49.00,49.40,47.00,47.00,6450,270425,46.32
2020-10-20 12:09:00,46.85,47.30,44.70,46.00,9175,270425,46.32
2020-10-20 12:10:00,46.05,47.15,45.45,47.15,8450,270425,46.32
2020-10-20 12:11:00,46.80,47.60,46.50,47.00,8925,278075,46.32
2020-10-20 12:12:00,46.90,47.40,46.50,46.90,5850,278075,46.32
2020-10-20 12:13:00,47.05,48.15,47.05,47.85,9550,278075,46.33
2020-10-20 12:14:00,48.00,48.05,47.05,47.05,2250,275975,46.33
2020-10-20 12:15:00,47.10,47.55,46.70,47.50,3825,275975,46.33
2020-10-20 12:16:00,47.55,47.95,46.75,47.75,1825,275975,46.33
2020-10-20 12:17:00,47.70,48.75,47.65,48.20,2600,277200,46.34
2020-10-20 12:18:00,48.85,49.00,48.00,48.25,2750,277200,46.34
2020-10-20 12:19:00,48.25,48.80,47.95,48.10,2425,277200,46.34
2020-10-20 12:20:00,47.95,48.55,47.30,48.40,3650,277950,46.34
2020-10-20 12:21:00,48.65,48.65,47.70,47.75,1775,277950,46.34
2020-10-20 12:22:00,47.80,48.25,47.20,47.25,2775,277950,46.35
2020-10-20 12:23:00,47.30,47.50,44.90,45.60,10700,278675,46.35
2020-10-20 12:24:00,45.60,45.65,39.05,42.00,53325,278675,46.20
2020-10-20 12:25:00,42.30,42.65,40.75,41.65,12000,278675,46.18
2020-10-20 12:26:00,41.35,42.15,41.00,42.00,8500,267875,46.16
2020-10-20 12:27:00,41.75,42.70,40.90,42.70,11900,267875,46.14
2020-10-20 12:28:00,42.75,44.00,42.40,42.70,5750,267875,46.13
2020-10-20 12:29:00,43.00,43.35,41.90,43.35,2850,271175,46.12
2020-10-20 12:30:00,43.55,44.90,42.90,44.90,6375,271175,46.12
2020-10-20 12:31:00,44.30,46.05,44.30,45.65,8025,271175,46.12
2020-10-20 12:32:00,45.75,46.30,45.30,46.00,2050,271075,46.12
2020-10-20 12:33:00,45.25,45.55,43.50,45.00,9900,271075,46.11
2020-10-20 12:34:00,44.60,44.90,44.05,44.35,2550,271075,46.11
2020-10-20 12:35:00,44.50,44.65,43.65,44.35,1875,271075,46.11
2020-10-20 12:36:00,44.85,46.00,44.70,45.70,4975,274475,46.10
2020-10-20 12:37:00,45.45,46.35,45.00,46.00,1700,274475,46.10
2020-10-20 12:38:00,46.45,46.45,45.25,45.40,5650,274200,46.10
2020-10-20 12:39:00,45.50,46.30,44.80,45.35,2675,274200,46.10
2020-10-20 12:40:00,45.00,46.00,44.15,44.40,4225,274200,46.10
2020-10-20 12:41:00,44.10,44.90,43.85,44.90,6475,274500,46.09
2020-10-20 12:42:00,44.40,44.95,44.25,44.75,4375,274500,46.09
2020-10-20 12:43:00,44.70,46.35,44.70,45.70,11925,274500,46.09
2020-10-20 12:44:00,45.40,46.95,44.85,45.40,19675,276350,46.09
2020-10-20 12:45:00,45.40,48.00,45.40,46.50,10325,276350,46.10
2020-10-20 12:46:00,46.60,46.60,44.95,45.40,6850,276350,46.09
2020-10-20 12:47:00,45.05,46.25,45.00,45.00,1700,276350,46.09
2020-10-20 12:48:00,45.15,45.50,43.90,44.40,6850,277600,46.09
2020-10-20 12:49:00,44.50,45.75,44.50,45.45,4425,277600,46.09
2020-10-20 12:50:00,45.05,45.55,43.95,44.15,5325,275175,46.08
2020-10-20 12:51:00,44.15,44.15,42.20,43.05,7675,275175,46.07
2020-10-20 12:52:00,43.30,43.80,41.35,41.35,6000,275175,46.06
2020-10-20 12:53:00,41.45,42.85,40.30,42.65,8825,273375,46.05
2020-10-20 12:54:00,42.35,43.50,41.60,41.75,3400,273375,46.04
2020-10-20 12:55:00,41.20,42.20,40.85,41.15,11400,273375,46.02
2020-10-20 12:56:00,41.60,41.60,39.35,39.60,9400,273375,45.99
2020-10-20 12:57:00,39.20,39.45,37.20,39.25,13475,278500,45.95
2020-10-20 12:58:00,39.20,40.05,38.25,38.85,9150,278500,45.93
2020-10-20 12:59:00,39.05,39.30,37.10,37.80,7075,278500,45.90
2020-10-20 13:00:00,37.85,37.85,34.80,35.75,23200,278100,45.81
2020-10-20 13:01:00,35.75,35.75,32.35,33.35,33975,278100,45.64
2020-10-20 13:02:00,33.30,33.40,30.85,31.60,23275,278100,45.52
2020-10-20 13:03:00,31.85,32.15,29.80,32.15,29325,274875,45.34
2020-10-20 13:04:00,32.00,34.35,31.85,33.80,20700,274875,45.24
2020-10-20 13:05:00,33.75,37.90,33.75,37.80,17275,274875,45.18
2020-10-20 13:06:00,37.70,37.70,36.85,37.50,7975,279925,45.16
2020-10-20 13:07:00,37.45,39.40,37.45,39.35,12525,279925,45.12
2020-10-20 13:08:00,39.35,42.00,38.65,41.90,26125,279925,45.08
2020-10-20 13:09:00,42.20,42.70,40.85,41.05,20825,276975,45.05
2020-10-20 13:10:00,41.25,41.65,39.80,39.80,12875,276975,45.03
2020-10-20 13:11:00,40.30,41.35,39.75,40.55,9100,276975,45.02
2020-10-20 13:12:00,40.80,42.75,40.80,42.05,13325,275350,45.00
2020-10-20 13:13:00,42.00,42.60,41.60,41.90,6825,275350,44.99
2020-10-20 13:14:00,41.50,43.00,40.85,42.60,9050,275350,44.98
2020-10-20 13:15:00,42.70,43.55,41.20,41.35,11750,277500,44.97
2020-10-20 13:16:00,41.05,42.00,39.05,39.95,9800,277500,44.96
2020-10-20 13:17:00,39.90,41.25,39.60,40.65,7900,277500,44.94
2020-10-20 13:18:00,40.35,41.80,40.05,41.35,3825,280050,44.94
2020-10-20 13:19:00,41.80,42.60,41.80,42.05,3125,280050,44.93
2020-10-20 13:20:00,42.30,44.00,41.80,44.00,13450,280050,44.93
2020-10-20 13:21:00,44.50,47.95,44.50,47.95,18400,278850,44.93
2020-10-20 13:22:00,47.45,48.05,44.95,45.20,15525,278850,44.94
2020-10-20 13:23:00,45.70,47.10,44.75,45.60,6200,278850,44.95
2020-10-20 13:24:00,45.80,46.45,44.80,45.30,7100,282200,44.95
2020-10-20 13:25:00,44.95,47.50,44.95,47.20,6250,282200,44.95
2020-10-20 13:26:00,47.05,47.10,45.10,45.20,4250,282200,44.95
2020-10-20 13:27:00,45.65,48.00,45.65,47.95,10175,279400,44.96
2020-10-20 13:28:00,47.70,48.25,47.00,47.75,9025,279400,44.97
2020-10-20 13:29:00,47.65,47.75,46.65,47.00,4875,279400,44.97
2020-10-20 13:30:00,47.40,47.55,45.35,47.35,6175,277275,44.98
2020-10-20 13:31:00,47.40,48.00,45.90,46.10,6250,277275,44.98
2020-10-20 13:32:00,45.65,46.95,45.65,45.90,8375,277275,44.99
2020-10-20 13:33:00,46.00,49.90,45.85,49.20,18525,274525,45.01
2020-10-20 13:34:00,49.15,49.30,47.25,47.70,14500,274525,45.02
2020-10-20 13:35:00,47.20,48.95,47.00,48.50,7975,274525,45.03
2020-10-20 13:36:00,48.40,48.55,46.90,47.00,7700,271775,45.04
2020-10-20 13:37:00,47.10,47.25,45.60,45.65,8300,271775,45.04
2020-10-20 13:38:00,44.60,45.95,40.95,42.20,23875,271775,45.02
2020-10-20 13:39:00,42.35,43.15,41.10,41.70,9650,272900,45.02
2020-10-20 13:40:00,41.50,42.80,39.40,42.70,11150,272900,45.00
2020-10-20 13:41:00,42.60,43.15,41.90,42.00,3525,272900,45.00
2020-10-20 13:42:00,42.35,44.65,42.35,43.95,8100,272125,44.99
2020-10-20 13:43:00,44.25,45.00,44.20,45.00,2875,272125,44.99
2020-10-20 13:44:00,44.95,46.05,43.40,43.75,8725,272125,44.99
2020-10-20 13:45:00,43.35,45.60,42.80,45.30,5475,272200,44.99
2020-10-20 13:46:00,45.40,45.95,44.20,45.15,3750,272200,44.99
2020-10-20 13:47:00,45.05,45.60,44.35,45.35,3600,272200,44.99
2020-10-20 13:48:00,44.95,45.70,44.65,45.25,2625,272250,44.99
2020-10-20 13:49:00,45.30,46.45,45.30,46.15,2875,272250,44.99
2020-10-20 13:50:00,46.30,47.75,46.25,46.50,8650,272250,45.00
2020-10-20 13:51:00,47.00,47.05,45.60,46.00,2975,271125,45.00
2020-10-20 13:52:00,46.10,46.80,45.00,46.80,3050,271125,45.00
2020-10-20 13:53:00,46.20,46.45,45.30,45.40,1150,271125,45.00
2020-10-20 13:54:00,45.10,47.45,45.10,46.90,8525,271250,45.01
2020-10-20 13:55:00,46.85,46.85,44.45,44.50,4450,271250,45.01
2020-10-20 13:56:00,44.15,45.60,43.65,44.30,5000,271250,45.01
2020-10-20 13:57:00,44.00,46.20,43.40,46.00,3125,267625,45.00
2020-10-20 13:58:00,46.10,46.15,44.60,45.55,2975,267625,45.01
2020-10-20 13:59:00,45.50,46.60,44.50,45.55,6050,267625,45.01
2020-10-20 14:00:00,45.40,46.35,41.90,41.90,14450,265100,45.00
2020-10-20 14:01:00,41.50,42.90,38.05,41.85,28575,265100,44.96
2020-10-20 14:02:00,41.30,41.55,40.45,41.10,12975,265100,44.94
2020-10-20 14:03:00,41.15,41.45,38.60,39.50,21175,266100,44.91
2020-10-20 14:04:00,40.00,41.45,39.55,40.65,6450,266100,44.90
2020-10-20 14:05:00,40.30,43.30,39.20,42.65,10950,266100,44.89
2020-10-20 14:06:00,42.30,43.45,41.85,42.65,6625,264675,44.88
2020-10-20 14:07:00,42.90,43.20,41.20,41.90,8575,264675,44.88
2020-10-20 14:08:00,41.85,42.00,40.10,41.35,4400,264675,44.87
2020-10-20 14:09:00,41.00,41.70,39.95,40.70,11850,265275,44.86
2020-10-20 14:10:00,40.60,40.85,38.00,40.35,16475,265275,44.83
2020-10-20 14:11:00,40.25,45.05,40.25,44.60,24275,265275,44.82
2020-10-20 14:12:00,44.55,45.75,42.75,45.70,12675,271150,44.82
2020-10-20 14:13:00,45.85,45.85,43.65,44.45,5475,271150,44.82
2020-10-20 14:14:00,44.55,44.95,43.60,44.60,4600,271150,44.82
2020-10-20 14:15:00,44.55,50.85,44.55,49.25,33100,268650,44.86
2020-10-20 14:16:00,48.30,49.35,47.95,49.35,16100,268650,44.88
2020-10-20 14:17:00,49.00,49.95,48.15,49.50,7700,268650,44.89
2020-10-20 14:18:00,49.80,50.10,46.60,47.90,20300,266450,44.91
2020-10-20 14:19:00,48.15,48.40,47.00,47.10,6575,266450,44.91
2020-10-20 14:20:00,47.00,48.75,46.95,47.60,2950,266450,44.92
2020-10-20 14:21:00,47.60,47.60,46.75,47.30,2525,263950,44.92
2020-10-20 14:22:00,47.30,47.30,44.40,46.20,12350,263950,44.92
2020-10-20 14:23:00,46.30,46.30,44.85,44.95,4550,263950,44.92
2020-10-20 14:24:00,44.25,45.50,43.70,44.35,7200,265525,44.92
2020-10-20 14:25:00,43.80,44.90,42.45,43.15,9000,265525,44.92
2020-10-20 14:26:00,43.90,44.90,43.50,44.30,2125,265525,44.92
2020-10-20 14:27:00,44.15,45.80,43.90,45.25,7700,261300,44.92
2020-10-20 14:28:00,45.75,47.70,44.50,46.45,7725,261300,44.92
2020-10-20 14:29:00,46.85,47.45,46.15,46.55,2075,261300,44.92
2020-10-20 14:30:00,46.40,48.60,46.40,47.00,7375,258600,44.93
2020-10-20 14:31:00,47.05,47.80,46.35,46.90,4875,258600,44.93
2020-10-20 14:32:00,46.70,46.85,43.85,45.55,14775,258600,44.93
2020-10-20 14:33:00,45.25,45.30,43.00,43.00,8250,260300,44.93
2020-10-20 14:34:00,42.95,43.40,41.05,43.15,10450,260300,44.92
2020-10-20 14:35:00,43.00,44.05,42.30,43.40,3975,260300,44.92
2020-10-20 14:36:00,43.85,44.00,42.35,42.85,2475,258150,44.92
2020-10-20 14:37:00,43.00,43.80,41.80,41.85,9425,258150,44.91
2020-10-20 14:38:00,41.60,42.85,39.40,42.10,21400,258150,44.89
2020-10-20 14:39:00,41.75,43.00,41.75,42.50,12675,257025,44.88
2020-10-20 14:40:00,42.85,45.10,42.40,43.00,16500,257025,44.88
2020-10-20 14:41:00,42.70,43.85,42.70,43.50,11550,257025,44.87
2020-10-20 14:42:00,43.25,43.70,42.00,43.70,9500,254450,44.86
2020-10-20 14:43:00,43.35,44.80,43.10,43.40,6625,254450,44.86
2020-10-20 14:44:00,43.35,43.80,42.20,42.75,6250,254450,44.86
2020-10-20 14:45:00,43.25,43.85,42.55,42.75,5700,249550,44.86
2020-10-20 14:46:00,42.85,43.80,42.55,42.85,4625,249550,44.86
2020-10-20 14:47:00,42.65,44.50,42.65,44.15,5575,249550,44.85
2020-10-20 14:48:00,43.50,43.60,42.00,42.40,13875,250125,44.85
2020-10-20 14:49:00,42.70,43.90,42.70,43.05,8225,250125,44.84
2020-10-20 14:50:00,43.10,43.70,42.85,42.85,7700,250125,44.84
2020-10-20 14:51:00,43.05,43.75,42.60,43.00,6675,248675,44.84
2020-10-20 14:52:00,43.10,43.55,42.35,43.00,8200,248675,44.83
2020-10-20 14:53:00,42.90,43.45,42.35,43.10,3150,248675,44.83
2020-10-20 14:54:00,42.60,43.05,42.05,42.45,4225,247800,44.83
2020-10-20 14:55:00,41.75,42.30,40.35,42.05,17325,247800,44.81
2020-10-20 14:56:00,42.20,42.70,41.90,42.70,2050,247800,44.81
2020-10-20 14:57:00,42.90,43.00,41.75,41.85,10950,244100,44.80
2020-10-20 14:58:00,41.70,43.30,41.60,43.10,6200,244100,44.80
2020-10-20 14:59:00,43.00,43.90,42.55,43.05,10125,244100,44.79
2020-10-20 15:00:00,43.50,43.90,41.85,43.30,27075,244000,44.78
2020-10-20 15:01:00,42.90,43.50,42.40,43.00,11000,244000,44.77
2020-10-20 15:02:00,43.25,46.65,43.20,46.20,25725,244000,44.78
2020-10-20 15:03:00,46.15,46.75,45.00,45.75,13025,243500,44.78
2020-10-20 15:04:00,45.80,47.10,44.25,46.20,15800,243500,44.79
2020-10-20 15:05:00,46.55,46.75,45.15,46.75,12200,243500,44.79
2020-10-20 15:06:00,46.55,46.80,45.40,46.40,8250,239275,44.79
2020-10-20 15:07:00,46.60,46.95,45.60,45.90,6100,239275,44.79
2020-10-20 15:08:00,46.05,46.75,45.40,45.65,7225,239275,44.80
2020-10-20 15:09:00,45.65,46.35,44.35,44.35,16050,236600,44.80
2020-10-20 15:10:00,44.05,46.25,44.05,44.90,18150,236600,44.80
2020-10-20 15:11:00,45.05,46.40,45.00,45.50,13525,236600,44.80
2020-10-20 15:12:00,45.30,46.25,45.30,45.80,6300,225375,44.81
2020-10-20 15:13:00,45.90,46.30,45.50,46.10,8425,225375,44.81
2020-10-20 15:14:00,46.10,48.00,46.10,47.35,15475,225375,44.82
2020-10-20 15:15:00,46.75,47.20,46.15,46.65,17725,223950,44.83
2020-10-20 15:16:00,46.45,46.85,45.80,46.00,11450,223950,44.83
2020-10-20 15:17:00,45.70,47.55,45.70,47.55,15025,223950,44.84
2020-10-20 15:18:00,47.55,48.20,47.40,48.10,22400,217025,44.86
2020-10-20 15:19:00,48.10,48.25,47.55,47.65,17625,217025,44.87
2020-10-20 15:20:00,47.45,50.45,47.45,49.25,30750,217025,44.90
2020-10-20 15:21:00,49.30,49.90,48.45,49.40,19300,215475,44.92
2020-10-20 15:22:00,49.20,49.20,48.00,48.30,17575,215475,44.94
2020-10-20 15:23:00,48.30,48.50,48.00,48.50,5100,215475,44.94
2020-10-20 15:24:00,48.35,48.55,48.00,48.00,12850,204625,44.95
2020-10-20 15:25:00,47.80,48.95,47.75,48.65,16225,204625,44.97
2020-10-20 15:26:00,48.50,50.00,47.95,49.85,12700,204625,44.98
2020-10-20 15:27:00,50.30,50.30,49.20,49.55,11325,201725,44.99
2020-10-20 15:28:00,49.55,50.50,49.35,50.10,7450,201725,45.00
2020-10-20 15:29:01,50.00,50.95,49.85,50.80,12325,201725,45.02
2020-10-21 09:15:00,45.00,59.65,40.00,51.95,128100,199300,52.14
2020-10-21 09:16:00,52.55,57.65,52.00,54.75,114350,199300,53.49
2020-10-21 09:17:00,54.30,58.00,53.75,57.80,139200,279375,54.13
2020-10-21 09:18:00,58.10,58.40,54.30,54.60,73825,279375,54.45
2020-10-21 09:19:00,54.65,56.70,53.30,55.40,57975,279375,54.54
2020-10-21 09:20:00,56.00,58.90,56.00,58.65,83375,317875,55.00
2020-10-21 09:21:00,58.50,58.60,55.45,57.45,65450,317875,55.15
2020-10-21 09:22:00,57.50,58.90,56.15,58.30,48375,317875,55.31
2020-10-21 09:23:00,58.25,80.60,58.25,80.60,199625,324475,58.56
2020-10-21 09:24:00,78.50,85.35,76.30,82.40,123475,324475,61.21
2020-10-21 09:25:00,82.10,82.20,72.80,76.90,74200,324475,62.21
2020-10-21 09:26:00,76.95,87.00,76.95,84.15,97775,319050,63.87
2020-10-21 09:27:00,83.60,84.85,77.85,82.10,98250,319050,65.18
2020-10-21 09:28:00,82.60,84.80,78.25,79.90,72375,319050,66.03
2020-10-21 09:29:00,80.00,83.00,79.00,82.30,69225,345025,66.75
2020-10-21 09:30:00,81.90,86.10,79.20,79.45,91500,345025,67.71
2020-10-21 09:31:00,79.65,80.30,77.25,77.25,60000,345025,68.13
2020-10-21 09:32:00,77.70,84.50,77.50,84.35,78125,362550,68.76
2020-10-21 09:33:00,83.55,90.00,81.70,82.55,93625,362550,69.59
2020-10-21 09:34:00,82.35,83.05,79.05,79.25,70775,362550,70.02
2020-10-21 09:35:00,79.85,81.00,76.80,79.55,58500,382200,70.29
2020-10-21 09:36:00,80.15,81.60,78.10,79.90,35200,382200,70.47
2020-10-21 09:37:00,80.30,81.10,76.35,76.35,49500,382200,70.69
2020-10-21 09:38:00,76.30,80.15,76.15,79.50,28400,394800,70.79
2020-10-21 09:39:00,79.75,79.80,76.35,77.55,42000,394800,70.94
2020-10-21 09:40:00,77.95,79.00,75.10,77.80,52350,394800,71.09
2020-10-21 09:41:00,77.20,77.90,73.00,76.30,44200,401075,71.17
2020-10-21 09:42:00,76.05,76.95,74.50,75.70,28900,401075,71.22
2020-10-21 09:43:00,75.20,79.80,74.95,78.55,47950,401075,71.37
2020-10-21 09:44:00,78.00,80.75,78.00,80.35,32050,424000,71.48
2020-10-21 09:45:00,80.70,82.50,77.50,77.70,80200,424000,71.78
2020-10-21 09:46:00,77.45,78.05,75.50,75.60,33150,424000,71.85
2020-10-21 09:47:00,74.80,78.95,74.70,77.55,40925,435075,71.93
2020-10-21 09:48:00,77.25,80.00,76.45,79.10,19825,435075,71.98
2020-10-21 09:49:00,78.90,78.90,74.95,74.95,19200,435075,72.01
2020-10-21 09:50:00,75.70,75.95,71.60,74.40,48450,438075,72.05
2020-10-21 09:51:00,74.25,78.45,74.20,76.20,41425,438075,72.12
2020-10-21 09:52:00,75.70,76.95,74.50,75.40,21125,438075,72.15
2020-10-21 09:53:00,75.35,76.85,74.00,75.70,23225,449550,72.18
2020-10-21 09:54:00,76.00,78.05,75.25,76.25,27225,449550,72.22
2020-10-21 09:55:00,76.30,79.05,75.95,79.05,23625,449550,72.27
2020-10-21 09:56:00,79.00,79.00,76.15,77.75,21850,454175,72.32
2020-10-21 09:57:00,77.85,78.40,76.50,77.95,15925,454175,72.35
2020-10-21 09:58:00,78.40,79.00,77.20,78.85,21500,454175,72.39
2020-10-21 09:59:00,78.80,78.80,75.35,77.60,24925,458150,72.44
2020-10-21 10:00:00,77.05,78.60,76.60,77.20,19250,458150,72.48
2020-10-21 10:01:00,77.50,77.50,74.05,75.50,35175,458150,72.52
2020-10-21 10:02:00,75.25,75.60,71.15,75.30,35475,466250,72.52
2020-10-21 10:03:00,75.35,75.35,71.85,72.55,25725,466250,72.53
2020-10-21 10:04:00,72.70,72.70,68.85,69.80,43250,466250,72.49
2020-10-21 10:05:00,70.00,72.00,69.55,71.55,34300,477325,72.48
2020-10-21 10:06:00,71.80,74.20,71.05,73.25,58875,477325,72.49
2020-10-21 10:07:00,73.30,75.20,72.45,74.65,25375,477325,72.50
2020-10-21 10:08:00,74.55,77.30,74.20,76.65,42100,482725,72.54
2020-10-21 10:09:00,76.80,78.45,76.20,76.75,55300,482725,72.63
2020-10-21 10:10:00,76.85,78.20,73.15,75.50,47750,482725,72.68
2020-10-21 10:11:00,75.35,75.55,74.10,74.35,19025,491125,72.69
2020-10-21 10:12:00,74.35,74.60,72.10,72.75,31750,491125,72.70
2020-10-21 10:13:00,72.85,75.10,72.00,74.80,22150,491125,72.70
2020-10-21 10:14:00,75.00,80.50,74.50,78.00,60500,497025,72.81
2020-10-21 10:15:00,77.85,85.00,77.85,79.20,82175,497025,73.01
2020-10-21 10:16:00,79.65,80.20,74.60,75.20,42650,497025,73.06
2020-10-21 10:17:00,74.70,78.35,74.70,76.20,37150,486550,73.10
2020-10-21 10:18:00,76.40,77.10,74.45,76.15,20025,486550,73.11
2020-10-21 10:19:00,76.50,76.60,74.00,75.65,24600,486550,73.13
2020-10-21 10:20:00,75.35,75.60,72.65,74.40,28950,487650,73.13
2020-10-21 10:21:00,73.85,74.95,73.35,73.55,16500,487650,73.14
2020-10-21 10:22:00,73.65,78.35,73.55,78.30,29750,487650,73.17
2020-10-21 10:23:00,77.65,78.10,76.50,77.45,16250,486600,73.18
2020-10-21 10:24:00,77.50,78.00,76.05,76.05,20275,486600,73.21
2020-10-21 10:25:00,76.50,76.90,74.00,75.55,15050,486600,73.21
2020-10-21 10:26:00,75.15,76.40,74.70,75.70,14025,490600,73.22
2020-10-21 10:27:00,75.85,78.65,75.85,77.60,42750,490600,73.28
2020-10-21 10:28:00,77.20,78.55,76.25,77.05,20200,490600,73.30
2020-10-21 10:29:00,77.45,77.55,74.90,75.05,43125,488350,73.32
2020-10-21 10:30:00,75.10,76.40,74.30,75.90,20100,488350,73.33
2020-10-21 10:31:00,76.05,76.55,74.75,75.00,19125,488350,73.34
2020-10-21 10:32:00,75.30,76.00,73.25,73.35,39475,478000,73.35
2020-10-21 10:33:00,73.70,73.75,71.35,71.90,33550,478000,73.35
2020-10-21 10:34:00,72.05,73.05,70.45,72.35,36975,478000,73.33
2020-10-21 10:35:00,71.60,74.50,71.60,74.00,25775,477275,73.33
2020-10-21 10:36:00,74.00,74.00,71.10,73.10,18475,477275,73.32
2020-10-21 10:37:00,73.65,74.15,71.50,72.75,19200,477275,73.32
2020-10-21 10:38:00,72.65,72.75,69.95,72.45,34200,482275,73.30
2020-10-21 10:39:00,72.15,72.60,69.20,72.00,39475,482275,73.28
2020-10-21 10:40:00,72.05,72.65,69.70,71.50,18225,482275,73.27
2020-10-21 10:41:00,71.20,74.00,71.00,72.50,24525,495900,73.27
2020-10-21 10:42:00,72.10,73.85,71.85,73.40,9150,495900,73.27
2020-10-21 10:43:00,73.05,75.30,72.30,74.00,20550,495900,73.27
2020-10-21 10:44:00,73.65,74.80,73.10,73.80,11850,495975,73.28
2020-10-21 10:45:00,74.15,74.35,72.85,73.40,12100,495975,73.28
2020-10-21 10:46:00,73.45,74.40,71.85,73.70,17550,495975,73.28
2020-10-21 10:47:00,73.95,75.10,72.75,74.20,26425,497250,73.28
2020-10-21 10:48:00,74.20,74.30,72.20,72.95,20300,497250,73.28
2020-10-21 10:49:00,73.25,75.10,72.00,74.35,34175,497250,73.29
2020-10-21 10:50:00,74.60,75.85,72.20,72.70,36350,498325,73.30
2020-10-21 10:51:00,72.55,72.75,70.75,71.60,22600,498325,73.29
2020-10-21 10:52:00,71.75,72.85,70.20,72.00,30275,498325,73.28
2020-10-21 10:53:00,72.10,72.90,71.80,72.35,11600,506575,73.27
2020-10-21 10:54:00,72.40,73.75,71.65,73.50,8175,506575,73.27
2020-10-21 10:55:00,73.50,74.75,72.75,73.85,23250,506575,73.28
2020-10-21 10:56:00,73.80,74.75,72.80,73.50,11275,509975,73.28
2020-10-21 10:57:00,73.55,74.45,72.95,74.00,9250,509975,73.28
2020-10-21 10:58:00,73.85,73.85,72.40,73.15,18300,509975,73.28
2020-10-21 10:59:00,73.35,74.00,73.05,73.70,12025,509250,73.28
2020-10-21 11:00:00,73.65,74.45,72.85,74.30,14825,509250,73.28
2020-10-21 11:01:00,74.50,75.80,73.75,73.90,32875,509250,73.29
2020-10-21 11:02:00,73.85,76.30,73.85,75.50,28050,510975,73.31
2020-10-21 11:03:00,75.45,83.35,75.25,77.00,73200,510975,73.40
2020-10-21 11:04:00,77.05,78.40,76.35,78.10,21475,510975,73.42
2020-10-21 11:05:00,78.15,79.60,76.55,76.90,34025,504450,73.45
2020-10-21 11:06:00,77.25,77.45,75.00,77.35,24300,504450,73.46
2020-10-21 11:07:00,77.30,79.45,77.25,77.40,22325,504450,73.49
2020-10-21 11:08:00,77.35,79.10,77.35,78.20,23400,506900,73.51
2020-10-21 11:09:00,78.45,78.45,76.70,77.55,22950,506900,73.53
2020-10-21 11:10:00,77.45,78.20,76.00,76.55,16575,506900,73.54
2020-10-21 11:11:00,76.60,77.60,75.75,76.15,10200,515600,73.55
2020-10-21 11:12:00,75.80,78.00,75.80,77.15,11025,515600,73.56
2020-10-21 11:13:00,77.25,81.35,76.55,79.55,46850,515600,73.61
2020-10-21 11:14:00,80.35,80.35,77.30,78.40,30250,516725,73.65
2020-10-21 11:15:00,77.80,77.85,74.10,74.55,34750,516725,73.66
2020-10-21 11:16:00,74.20,76.10,73.65,75.15,18975,516725,73.67
2020-10-21 11:17:00,75.00,75.40,74.25,74.90,12475,527700,73.67
2020-10-21 11:18:00,74.90,74.95,62.55,64.70,125350,527700,73.48
2020-10-21 11:19:00,64.75,68.70,64.00,68.05,55050,527700,73.41
2020-10-21 11:20:00,66.75,67.75,64.85,66.00,47650,518475,73.34
2020-10-21 11:21:00,64.90,68.40,64.30,67.55,37500,518475,73.29
2020-10-21 11:22:00,67.75,68.75,67.15,68.10,29050,518475,73.26
2020-10-21 11:23:00,67.60,69.30,66.55,68.05,29325,539425,73.23
2020-10-21 11:24:00,68.50,69.80,67.65,67.65,29425,539425,73.21
2020-10-21 11:25:00,68.05,68.30,66.00,66.55,30800,539425,73.17
2020-10-21 11:26:00,66.65,66.65,63.65,66.20,100950,586200,73.01
2020-10-21 11:27:00,66.05,67.00,64.90,67.00,20475,586200,72.98
2020-10-21 11:28:00,67.05,68.00,64.00,64.20,17550,586200,72.96
2020-10-21 11:29:00,63.95,67.45,63.25,64.95,23200,592150,72.93
2020-10-21 11:30:00,64.85,65.95,62.60,64.95,22400,592150,72.89
2020-10-21 11:31:00,65.25,65.90,63.55,65.75,17775,592150,72.87
2020-10-21 11:32:00,65.70,67.50,64.45,66.75,32525,591600,72.83
2020-10-21 11:33:00,66.75,67.55,65.55,67.05,19900,591600,72.80
2020-10-21 11:34:00,66.95,68.10,66.95,67.70,16950,591600,72.79
2020-10-21 11:35:00,67.60,68.55,67.00,67.40,13350,597125,72.78
2020-10-21 11:36:00,67.65,68.05,66.80,67.30,11600,597125,72.77
2020-10-21 11:37:00,66.65,67.15,65.50,66.40,11675,597125,72.75
2020-10-21 11:38:00,66.50,67.05,65.55,66.20,16775,602800,72.73
2020-10-21 11:39:00,66.35,66.45,63.95,63.95,24175,602800,72.70
2020-10-21 11:40:00,63.85,65.45,61.10,63.60,49425,602800,72.61
2020-10-21 11:41:00,63.25,64.70,58.50,64.70,36800,599475,72.54
2020-10-21 11:42:00,64.15,65.00,63.35,64.50,16500,599475,72.51
2020-10-21 11:43:00,64.40,65.00,63.70,63.90,11050,599475,72.50
2020-10-21 11:44:00,63.85,64.85,63.40,64.75,9600,603300,72.48
2020-10-21 11:45:00,64.60,66.75,64.25,66.30,27200,603300,72.45
2020-10-21 11:46:00,66.35,67.55,65.50,66.90,15475,603300,72.44
2020-10-21 11:47:00,66.70,68.35,66.60,68.35,14025,607750,72.42
2020-10-21 11:48:00,68.10,68.15,66.30,67.70,15775,607750,72.41
2020-10-21 11:49:00,67.85,68.05,66.55,67.80,11975,607750,72.40
2020-10-21 11:50:00,67.90,69.35,67.40,67.40,24050,607025,72.38
2020-10-21 11:51:00,67.50,68.20,67.15,67.90,20600,607025,72.37
2020-10-21 11:52:00,67.80,70.00,67.30,70.00,12000,607025,72.36
2020-10-21 11:53:00,69.65,69.80,67.75,68.45,17075,606000,72.35
2020-10-21 11:54:00,68.55,69.85,67.85,69.45,13650,606000,72.34
2020-10-21 11:55:00,69.85,69.85,68.10,68.80,20150,606000,72.33
2020-10-21 11:56:00,68.60,70.65,68.15,69.45,17575,606300,72.32
2020-10-21 11:57:00,69.85,69.85,68.45,68.50,8575,606300,72.31
2020-10-21 11:58:00,68.50,68.50,66.60,67.35,19075,606300,72.30
2020-10-21 11:59:00,67.25,70.15,67.05,70.15,10375,605100,72.29
2020-10-21 12:00:00,69.70,72.60,69.70,71.75,36200,605100,72.29
2020-10-21 12:01:00,72.40,72.90,70.75,70.75,32950,605100,72.28
2020-10-21 12:02:00,70.95,71.00,69.25,69.30,9300,603725,72.28
2020-10-21 12:03:00,69.70,70.40,68.25,68.25,10900,603725,72.27
2020-10-21 12:04:00,68.35,69.95,68.05,69.10,8050,603725,72.27
2020-10-21 12:05:00,69.00,69.80,68.35,69.30,7150,606425,72.27
2020-10-21 12:06:00,69.45,70.85,69.10,69.50,13325,606425,72.26
2020-10-21 12:07:00,69.40,69.40,68.80,69.25,11050,606425,72.26
2020-10-21 12:08:00,69.30,73.50,69.30,72.60,61250,612550,72.25
2020-10-21 12:09:00,72.30,73.15,71.65,72.20,17500,612550,72.25
2020-10-21 12:10:00,72.10,73.05,71.55,72.10,8850,612550,72.25
2020-10-21 12:11:00,72.05,73.95,72.05,73.20,19175,608725,72.25
2020-10-21 12:12:00,73.90,75.00,72.75,72.75,29825,608725,72.26
2020-10-21 12:13:00,72.60,74.10,70.70,70.70,17575,608725,72.26
2020-10-21 12:14:00,71.05,74.20,70.90,72.25,16575,605825,72.27
2020-10-21 12:15:00,72.80,74.00,71.55,72.45,21175,605825,72.27
2020-10-21 12:16:00,72.35,72.85,71.45,72.10,9525,605825,72.27
2020-10-21 12:17:00,72.10,72.80,71.15,72.65,14900,608025,72.27
2020-10-21 12:18:00,72.90,73.55,71.50,71.50,11575,608025,72.27
2020-10-21 12:19:00,71.85,71.85,70.50,71.40,10750,608025,72.26
2020-10-21 12:20:00,71.50,72.00,68.90,70.75,29600,611075,72.26
2020-10-21 12:21:00,70.30,71.35,70.30,71.30,8625,611075,72.25
2020-10-21 12:22:00,71.15,72.25,70.30,72.20,8100,611075,72.25
2020-10-21 12:23:00,72.00,74.25,71.40,73.40,36725,617825,72.26
2020-10-21 12:24:00,73.50,77.80,73.40,76.15,56800,617825,72.29
2020-10-21 12:25:00,76.35,79.00,76.35,77.20,21375,617825,72.31
2020-10-21 12:26:00,77.00,77.65,73.75,75.75,38725,612300,72.33
2020-10-21 12:27:00,76.00,76.20,74.60,75.00,12700,612300,72.34
2020-10-21 12:28:00,75.00,78.35,73.80,77.40,30575,612300,72.36
2020-10-21 12:29:00,77.40,78.75,76.70,77.65,24775,610300,72.38
2020-10-21 12:30:00,77.85,78.60,74.55,75.05,30925,610300,72.39
2020-10-21 12:31:00,74.90,76.20,74.10,75.25,22650,610300,72.40
2020-10-21 12:32:00,74.65,75.10,72.00,74.15,30100,626075,72.41
2020-10-21 12:33:00,74.15,74.95,70.30,71.40,28000,626075,72.40
2020-10-21 12:34:00,71.20,72.30,69.10,71.95,15600,626075,72.40
2020-10-21 12:35:00,72.40,72.95,70.55,72.25,12725,633525,72.40
2020-10-21 12:36:00,72.20,72.50,69.20,70.05,16900,633525,72.40
2020-10-21 12:37:00,71.15,72.50,70.80,71.80,10575,633525,72.40
2020-10-21 12:38:00,71.90,73.80,71.70,73.80,12075,633525,72.40
2020-10-21 12:39:00,73.70,73.70,72.65,72.75,5950,634150,72.40
2020-10-21 12:40:00,72.70,73.00,69.40,69.45,33350,634150,72.39
2020-10-21 12:41:00,68.50,69.50,66.50,67.70,46975,634150,72.35
2020-10-21 12:42:00,67.50,69.05,64.15,67.60,47475,645375,72.31
2020-10-21 12:43:00,67.40,68.55,66.00,67.00,19225,645375,72.30
2020-10-21 12:44:00,67.10,67.95,65.50,65.65,32150,645375,72.27
2020-10-21 12:45:00,62.40,65.05,59.00,63.90,74475,641350,72.17
2020-10-21 12:46:00,63.60,65.75,62.75,65.10,35800,641350,72.13
2020-10-21 12:47:00,65.00,67.85,64.05,65.85,26375,641350,72.11
2020-10-21 12:48:00,65.95,67.50,65.90,66.70,17625,643975,72.09
2020-10-21 12:49:00,67.00,68.70,65.75,67.80,17200,643975,72.08
2020-10-21 12:50:00,67.95,70.60,67.30,68.20,29800,643975,72.07
2020-10-21 12:51:00,68.55,68.55,66.75,68.40,16350,642825,72.06
2020-10-21 12:52:00,68.40,68.80,65.75,67.00,12100,642825,72.05
2020-10-21 12:53:00,66.85,68.25,66.05,66.75,15950,642825,72.04
2020-10-21 12:54:00,66.40,67.50,66.05,66.40,6900,642375,72.03
2020-10-21 12:55:00,66.70,67.30,64.30,64.30,25000,642375,72.01
2020-10-21 12:56:00,63.85,67.20,63.85,66.10,13525,642375,72.00
2020-10-21 12:57:00,66.50,68.55,66.50,67.55,19875,645100,71.99
2020-10-21 12:58:00,67.85,68.50,67.35,67.40,10950,645100,71.98
2020-10-21 12:59:00,67.40,67.40,64.90,64.90,29700,645100,71.96
2020-10-21 13:00:00,65.25,65.35,63.15,65.15,25350,647900,71.93
2020-10-21 13:01:00,65.20,67.00,64.00,66.80,31175,647900,71.91
2020-10-21 13:02:00,67.10,67.10,65.00,65.80,20325,647900,71.89
2020-10-21 13:03:00,66.10,68.00,65.30,68.00,25000,642875,71.87
2020-10-21 13:04:00,68.00,70.05,67.10,70.05,17375,642875,71.87
2020-10-21 13:05:00,70.30,71.75,69.65,70.25,28900,642875,71.86
2020-10-21 13:06:00,70.40,70.40,67.45,68.95,16875,641525,71.85
2020-10-21 13:07:00,69.20,69.50,68.35,69.00,4100,641525,71.85
2020-10-21 13:08:00,68.90,69.45,67.20,69.20,6200,641525,71.85
2020-10-21 13:09:00,69.10,69.70,67.75,68.35,6750,640750,71.85
2020-10-21 13:10:00,68.70,69.00,67.05,67.85,7300,640750,71.84
2020-10-21 13:11:00,68.30,69.00,66.20,66.75,13750,640750,71.84
2020-10-21 13:12:00,66.65,67.00,65.65,66.15,6825,640050,71.83
2020-10-21 13:13:00,66.00,66.20,63.60,64.75,19325,640050,71.81
2020-10-21 13:14:00,64.60,66.15,63.40,65.80,23300,640050,71.79
2020-10-21 13:15:00,65.50,65.50,52.15,55.90,172550,639175,71.43
2020-10-21 13:16:00,56.35,56.90,34.00,38.70,260850,639175,70.51
2020-10-21 13:17:00,39.00,41.90,37.60,38.05,180025,639175,69.83
2020-10-21 13:18:00,38.75,41.25,38.30,40.85,99000,630375,69.47
2020-10-21 13:19:00,40.80,40.85,32.60,32.60,75125,630375,69.18
2020-10-21 13:20:00,31.65,31.65,23.30,26.65,232825,630375,68.04
2020-10-21 13:21:00,26.60,28.70,26.05,28.60,100575,639075,67.57
2020-10-21 13:22:00,28.75,29.60,27.55,28.55,76475,639075,67.23
2020-10-21 13:23:00,28.10,29.50,23.30,23.30,99425,639075,66.78
2020-10-21 13:24:00,22.30,22.30,18.70,19.25,182975,627275,65.85
2020-10-21 13:25:00,18.35,19.20,16.75,18.80,207850,627275,64.79
2020-10-21 13:26:00,18.55,19.80,17.60,19.30,215550,627275,63.75
2020-10-21 13:27:00,19.55,24.40,18.85,24.40,184750,615800,62.92
2020-10-21 13:28:00,24.65,26.30,23.90,24.50,101850,615800,62.53
2020-10-21 13:29:00,25.00,25.40,21.30,21.65,111250,615800,62.08
2020-10-21 13:30:00,21.60,21.60,18.45,18.45,128850,538725,61.53
2020-10-21 13:31:00,18.95,20.40,16.20,20.40,161275,538725,60.85
2020-10-21 13:32:00,19.95,21.25,18.95,20.15,83250,538725,60.52
2020-10-21 13:33:00,20.80,20.80,19.00,20.10,67375,480875,60.25
2020-10-21 13:34:00,20.10,20.60,18.40,18.70,44900,480875,60.07
2020-10-21 13:35:00,18.80,19.05,16.10,16.40,76100,480875,59.76
2020-10-21 13:36:00,16.10,17.50,15.20,16.60,119750,479175,59.27
2020-10-21 13:37:00,16.65,18.50,16.30,16.55,77425,479175,58.96
2020-10-21 13:38:00,16.25,18.25,16.10,18.25,57900,479175,58.74
2020-10-21 13:39:00,18.25,18.25,16.30,17.15,44900,466425,58.56
2020-10-21 13:40:00,17.15,17.95,16.95,17.20,42550,466425,58.40
2020-10-21 13:41:00,17.40,20.00,17.40,19.95,36225,466425,58.27
2020-10-21 13:42:00,20.40,22.00,20.00,20.70,43450,473025,58.12
2020-10-21 13:43:00,20.80,20.80,18.60,18.90,45875,473025,57.96
2020-10-21 13:44:00,19.25,19.75,18.00,19.05,47025,473025,57.79
2020-10-21 13:45:00,19.10,20.85,18.35,20.50,69750,457775,57.55
2020-10-21 13:46:00,20.50,21.65,19.85,20.15,34700,457775,57.43
2020-10-21 13:47:00,20.25,21.75,20.00,20.35,28475,457775,57.34
2020-10-21 13:48:00,20.40,21.60,20.25,20.55,25425,450750,57.26
2020-10-21 13:49:00,21.00,21.65,20.40,20.65,32125,450750,57.15
2020-10-21 13:50:00,20.60,20.95,19.90,20.35,21650,450750,57.08
2020-10-21 13:51:00,20.40,22.50,20.40,21.25,47900,444650,56.93
2020-10-21 13:52:00,21.30,21.30,19.35,20.25,30700,444650,56.83
2020-10-21 13:53:00,20.30,21.00,19.65,20.05,40875,444650,56.69
2020-10-21 13:54:00,19.85,20.40,18.70,19.45,31200,457225,56.59
2020-10-21 13:55:00,19.65,20.45,19.50,19.75,17600,457225,56.54
2020-10-21 13:56:00,19.60,19.90,18.55,19.70,29325,457225,56.44
2020-10-21 13:57:00,19.30,19.50,18.75,18.95,20975,443650,56.37
2020-10-21 13:58:00,18.90,19.20,17.95,18.30,24875,443650,56.29
2020-10-21 13:59:00,18.40,18.80,17.15,18.15,54150,443650,56.11
2020-10-21 14:00:00,18.05,18.20,17.10,17.75,30025,443675,56.01
2020-10-21 14:01:00,17.75,18.50,17.55,18.15,31900,443675,55.90
2020-10-21 14:02:00,17.75,19.55,17.45,18.25,82100,443675,55.64
2020-10-21 14:03:00,18.10,18.80,15.65,15.90,89550,444500,55.34
2020-10-21 14:04:00,15.75,16.65,15.10,16.05,82325,444500,55.06
2020-10-21 14:05:00,15.95,16.65,15.55,16.10,63800,444500,54.85
2020-10-21 14:06:00,16.05,17.05,15.30,16.15,65175,448400,54.64
2020-10-21 14:07:00,16.10,16.75,15.80,16.50,35050,448400,54.53
2020-10-21 14:08:00,16.50,16.85,15.70,16.20,27550,448400,54.44
2020-10-21 14:09:00,16.00,16.85,16.00,16.55,29000,442625,54.35
2020-10-21 14:10:00,16.90,17.35,16.15,16.70,25050,442625,54.27
2020-10-21 14:11:00,16.70,17.30,16.35,16.40,23425,442625,54.20
2020-10-21 14:12:00,16.55,16.95,16.30,16.50,16925,442200,54.15
2020-10-21 14:13:00,16.50,16.50,15.55,16.15,17325,442200,54.09
2020-10-21 14:14:00,16.20,16.20,15.45,15.45,19150,442200,54.03
2020-10-21 14:15:00,15.30,16.25,14.80,15.05,35750,422850,53.92
2020-10-21 14:16:00,15.05,15.10,13.20,13.60,50850,422850,53.75
2020-10-21 14:17:00,13.60,13.85,12.85,13.40,42800,422850,53.61
2020-10-21 14:18:00,13.40,13.80,13.00,13.65,24475,412250,53.53
2020-10-21 14:19:00,13.60,14.55,13.50,13.55,29875,412250,53.43
2020-10-21 14:20:00,13.70,14.60,13.35,14.35,41375,412250,53.30
2020-10-21 14:21:00,14.45,14.80,14.00,14.30,27025,412550,53.22
2020-10-21 14:22:00,14.15,14.65,13.70,14.55,23000,412550,53.14
2020-10-21 14:23:00,14.55,14.85,14.20,14.65,12000,412550,53.11
2020-10-21 14:24:00,14.65,15.20,14.35,14.35,18800,416775,53.05
2020-10-21 14:25:00,14.50,14.60,13.80,14.00,16825,416775,53.00
2020-10-21 14:26:00,14.05,14.50,13.75,14.00,14575,416775,52.95
2020-10-21 14:27:00,13.95,14.40,13.65,13.80,13650,403900,52.91
2020-10-21 14:28:00,14.00,14.35,13.70,14.10,12050,403900,52.87
2020-10-21 14:29:00,14.05,14.90,13.75,14.35,44550,403900,52.73
2020-10-21 14:30:00,14.45,18.15,14.30,17.00,56400,396900,52.57
2020-10-21 14:31:00,16.85,18.50,15.95,17.30,42925,396900,52.45
2020-10-21 14:32:00,17.10,23.20,17.10,23.20,62000,396900,52.29
2020-10-21 14:33:00,22.60,23.80,19.55,22.45,47125,400550,52.18
2020-10-21 14:34:00,22.55,23.00,20.10,20.40,32875,400550,52.10
2020-10-21 14:35:00,20.05,22.00,19.60,20.05,28925,400550,52.03
2020-10-21 14:36:00,19.75,20.00,16.95,17.45,31750,394550,51.94
2020-10-21 14:37:00,17.85,19.70,17.80,18.80,21500,394550,51.89
2020-10-21 14:38:00,19.05,19.35,18.25,19.05,18150,394550,51.84
2020-10-21 14:39:00,19.35,21.20,18.50,20.70,32175,384800,51.76
2020-10-21 14:40:00,21.10,22.80,20.00,20.60,63950,384800,51.61
2020-10-21 14:41:00,20.55,21.25,18.45,18.45,25725,384800,51.55
2020-10-21 14:42:00,18.60,19.10,18.20,18.90,14900,363600,51.51
2020-10-21 14:43:00,18.95,19.45,18.25,18.70,26675,363600,51.45
2020-10-21 14:44:00,18.60,18.60,17.85,17.95,22125,363600,51.39
2020-10-21 14:45:00,18.00,20.30,17.90,19.90,30275,361125,51.32
2020-10-21 14:46:00,20.30,20.45,18.50,19.05,31550,361125,51.24
2020-10-21 14:47:00,19.00,20.40,18.95,20.10,22075,361125,51.19
2020-10-21 14:48:00,20.20,20.75,19.00,19.05,28650,362125,51.12
2020-10-21 14:49:00,19.15,21.65,19.05,21.65,22275,362125,51.07
2020-10-21 14:50:00,21.75,27.90,21.75,27.55,105750,362125,50.87
2020-10-21 14:51:00,27.55,36.55,27.55,34.65,121525,367500,50.70
2020-10-21 14:52:00,35.60,41.30,34.40,35.50,122750,367500,50.59
2020-10-21 14:53:00,35.35,35.70,28.80,31.65,67400,367500,50.50
2020-10-21 14:54:00,32.10,33.85,31.30,31.85,45075,368450,50.44
2020-10-21 14:55:00,31.95,37.00,31.75,33.30,76650,368450,50.35
2020-10-21 14:56:00,33.65,34.30,28.00,29.45,42975,368450,50.29
2020-10-21 14:57:00,29.90,29.90,23.85,26.60,47175,363675,50.21
2020-10-21 14:58:00,26.75,29.60,26.25,27.15,36150,363675,50.15
2020-10-21 14:59:00,27.05,28.35,26.20,27.00,23600,363675,50.11
2020-10-21 15:00:00,28.00,32.30,28.00,30.25,35300,374100,50.06
2020-10-21 15:01:00,30.30,33.50,30.20,31.25,29725,374100,50.02
2020-10-21 15:02:00,31.50,33.00,30.00,32.65,46300,374100,49.96
2020-10-21 15:03:00,32.50,34.00,32.05,32.80,62450,356150,49.88
2020-10-21 15:04:00,33.00,36.35,32.65,32.75,64475,356150,49.81
2020-10-21 15:05:00,32.90,34.00,31.60,33.15,30650,356150,49.78
2020-10-21 15:06:00,33.10,35.00,32.35,34.30,43375,353950,49.73
2020-10-21 15:07:00,35.30,35.30,30.05,30.05,62575,353950,49.65
2020-10-21 15:08:00,29.35,30.85,28.55,29.75,38200,353950,49.60
2020-10-21 15:09:00,29.85,31.00,29.35,31.00,31200,376300,49.56
2020-10-21 15:10:00,31.40,33.65,30.70,33.30,40450,376300,49.51
2020-10-21 15:11:00,33.05,34.75,32.45,32.45,51700,0,49.45
2020-10-21 15:12:00,32.50,37.10,32.50,36.50,71850,376800,49.38
2020-10-21 15:13:00,36.45,36.45,34.40,35.65,42900,376800,49.34
2020-10-21 15:14:00,35.70,38.20,35.20,37.35,44100,376800,49.30
2020-10-21 15:15:00,37.75,47.45,37.75,43.05,117750,371150,49.24
2020-10-21 15:16:00,43.15,45.45,39.95,42.10,77500,371150,49.21
2020-10-21 15:17:00,42.25,43.70,40.25,42.55,66825,371150,49.17
2020-10-21 15:18:00,42.75,43.05,40.95,40.95,44550,356000,49.15
2020-10-21 15:19:00,41.10,41.45,39.30,39.65,48575,356000,49.12
2020-10-21 15:20:00,39.70,39.70,25.55,26.45,162850,356000,48.94
2020-10-21 15:21:00,26.35,29.40,25.45,28.30,95425,343600,48.80
2020-10-21 15:22:00,28.15,28.40,26.30,27.75,103900,343600,48.66
2020-10-21 15:23:00,27.55,28.00,23.95,23.95,72350,343600,48.55
2020-10-21 15:24:00,23.90,26.35,23.50,26.35,84100,342475,48.42
2020-10-21 15:25:00,26.75,29.20,26.75,27.75,96425,342475,48.29
2020-10-21 15:26:00,27.60,27.75,26.25,26.25,52375,342475,48.22
2020-10-21 15:27:00,26.35,27.00,25.75,26.90,38600,360150,48.17
2020-10-21 15:28:00,26.85,27.95,26.25,27.85,45000,360150,48.11
2020-10-21 15:29:01,28.00,28.10,25.55,27.95,50525,360150,48.04
2020-10-22 09:15:00,2.30,18.00,2.20,4.70,195325,364000,5.22
2020-10-22 09:16:00,4.80,18.45,4.80,14.05,457975,364000,10.34
2020-10-22 09:17:00,14.00,28.40,13.90,26.15,337550,390425,13.17
2020-10-22 09:18:00,27.55,36.30,22.30,25.75,323475,390425,16.96
2020-10-22 09:19:00,26.35,28.65,24.15,28.65,227400,390425,18.38
2020-10-22 09:20:00,29.25,30.25,26.45,29.00,214325,507425,19.61
2020-10-22 09:21:00,28.40,28.95,24.10,24.10,125975,507425,20.09
2020-10-22 09:22:00,24.05,24.05,15.35,15.35,186100,507425,19.98
2020-10-22 09:23:00,15.45,19.35,12.90,18.00,240600,665550,19.57
2020-10-22 09:24:00,18.05,18.05,16.05,17.05,94475,665550,19.47
2020-10-22 09:25:00,16.50,16.50,12.60,15.20,159275,665550,19.16
2020-10-22 09:26:00,15.15,16.90,14.50,15.70,81450,759900,19.05
2020-10-22 09:27:00,15.70,19.05,15.10,18.90,97550,759900,18.96
2020-10-22 09:28:00,18.75,19.00,15.75,16.20,70775,759900,18.92
2020-10-22 09:29:00,16.00,16.10,14.40,15.50,83750,792725,18.81
2020-10-22 09:30:00,15.10,15.10,12.30,14.25,119100,792725,18.60
2020-10-22 09:31:00,14.35,14.95,12.15,12.50,68025,792725,18.49
2020-10-22 09:32:00,12.65,13.00,10.60,12.00,124300,815925,18.23
2020-10-22 09:33:00,12.20,12.60,11.25,11.65,63475,815925,18.10
2020-10-22 09:34:00,11.60,11.70,10.65,11.25,96775,815925,17.90
2020-10-22 09:35:00,11.10,12.50,9.25,9.70,141150,840600,17.62
2020-10-22 09:36:00,9.50,10.20,8.70,9.70,175900,840600,17.23
2020-10-22 09:37:00,10.10,12.40,10.10,12.00,141400,840600,17.00
2020-10-22 09:38:00,11.70,13.15,10.85,11.10,105575,896875,16.88
2020-10-22 09:39:00,11.25,12.70,11.05,12.40,40925,896875,16.82
2020-10-22 09:40:00,12.55,13.25,12.20,12.90,53125,896875,16.77
2020-10-22 09:41:00,12.85,13.35,10.50,10.65,63700,909525,16.69
2020-10-22 09:42:00,10.35,13.00,10.35,13.00,56100,909525,16.62
2020-10-22 09:43:00,13.05,13.40,12.35,12.35,48850,909525,16.58
2020-10-22 09:44:00,12.05,12.55,11.50,11.90,42550,919175,16.53
2020-10-22 09:45:00,12.05,14.95,12.05,13.95,96150,919175,16.47
2020-10-22 09:46:00,14.45,14.90,13.35,14.15,58800,919175,16.44
2020-10-22 09:47:00,14.50,14.60,13.10,14.00,53075,929600,16.41
2020-10-22 09:48:00,13.75,13.95,11.70,12.45,63050,929600,16.36
2020-10-22 09:49:00,12.60,13.80,12.25,13.20,51950,929600,16.32
2020-10-22 09:50:00,13.05,14.80,13.05,14.05,79675,959850,16.28
2020-10-22 09:51:00,14.25,17.05,13.95,16.30,98175,959850,16.27
2020-10-22 09:52:00,16.55,19.15,16.05,17.00,110000,959850,16.31
2020-10-22 09:53:00,17.00,17.35,15.40,15.40,64450,983475,16.31
2020-10-22 09:54:00,15.50,18.10,15.45,16.95,96225,983475,16.32
2020-10-22 09:55:00,17.10,18.80,15.35,16.95,80275,983475,16.32
2020-10-22 09:56:00,16.55,16.65,12.55,13.35,101125,973575,16.28
2020-10-22 09:57:00,13.60,15.45,13.55,14.80,46825,973575,16.27
2020-10-22 09:58:00,14.75,15.60,13.70,14.40,63200,973575,16.25
2020-10-22 09:59:00,14.40,15.50,14.20,14.90,45225,979750,16.24
2020-10-22 10:00:00,14.85,15.05,13.30,14.10,52425,979750,16.22
2020-10-22 10:01:00,13.95,14.90,13.00,14.85,46875,979750,16.20
2020-10-22 10:02:00,14.80,15.90,14.00,15.20,56200,987500,16.19
2020-10-22 10:03:00,15.30,15.40,13.50,14.05,45925,987500,16.17
2020-10-22 10:04:00,14.20,15.40,14.15,15.20,34375,987500,16.17
2020-10-22 10:05:00,15.35,16.00,14.35,15.05,64975,1000350,16.16
2020-10-22 10:06:00,15.10,15.15,13.75,13.90,52175,1000350,16.14
2020-10-22 10:07:00,13.90,14.10,12.70,12.70,47475,1000350,16.12
2020-10-22 10:08:00,12.85,13.75,12.30,12.45,46575,1010750,16.09
2020-10-22 10:09:00,12.40,12.75,11.80,12.55,80925,1010750,16.04
2020-10-22 10:10:00,12.40,12.40,9.30,10.85,144525,1010750,15.90
2020-10-22 10:11:00,10.70,12.05,10.25,11.60,59075,1039250,15.86
2020-10-22 10:12:00,11.60,11.75,10.95,10.95,47300,1039250,15.82
2020-10-22 10:13:00,11.10,11.25,10.40,10.55,45300,1039250,15.79
2020-10-22 10:14:00,10.50,11.40,10.50,11.15,33400,1019650,15.76
2020-10-22 10:15:00,11.15,12.75,10.50,11.85,43675,1019650,15.73
2020-10-22 10:16:00,11.90,11.95,10.75,10.75,34150,1019650,15.71
2020-10-22 10:17:00,10.60,11.50,10.10,11.30,28675,1020775,15.69
2020-10-22 10:18:00,11.35,11.50,10.65,11.30,30850,1020775,15.66
2020-10-22 10:19:00,11.25,11.70,10.75,10.75,50175,1020775,15.63
2020-10-22 10:20:00,10.85,11.55,10.55,11.55,35250,1036775,15.61
2020-10-22 10:21:00,11.50,12.75,11.20,11.65,51825,1036775,15.57
2020-10-22 10:22:00,11.60,11.60,10.90,11.05,26675,1036775,15.56
2020-10-22 10:23:00,10.90,10.90,9.85,10.50,48450,1045900,15.52
2020-10-22 10:24:00,10.60,10.90,9.95,10.25,32725,1045900,15.49
2020-10-22 10:25:00,10.35,10.35,9.55,9.95,47250,1045900,15.45
2020-10-22 10:26:00,9.85,9.95,9.20,9.75,60300,1062800,15.40
2020-10-22 10:27:00,9.95,10.70,9.70,10.45,52475,1062800,15.36
2020-10-22 10:28:00,10.45,10.90,9.70,10.15,35325,1062800,15.33
2020-10-22 10:29:00,10.35,10.45,9.80,10.00,16300,1078225,15.32
2020-10-22 10:30:00,10.05,10.60,9.55,9.55,45150,1078225,15.28
2020-10-22 10:31:00,9.50,10.40,9.45,10.00,28950,1078225,15.26
2020-10-22 10:32:00,10.00,10.60,9.70,9.80,49500,1085975,15.23
2020-10-22 10:33:00,9.80,9.90,9.25,9.45,29150,1085975,15.20
2020-10-22 10:34:00,9.45,11.25,9.45,10.45,64950,1085975,15.16
2020-10-22 10:35:00,10.30,10.95,10.20,10.25,38050,1100675,15.13
2020-10-22 10:36:00,10.30,10.85,9.90,10.15,22100,1100675,15.12
2020-10-22 10:37:00,10.25,11.05,10.25,10.95,17875,1100675,15.11
2020-10-22 10:38:00,11.00,12.00,11.00,11.35,51875,1098725,15.08
2020-10-22 10:39:00,11.40,12.95,11.20,12.55,68775,1098725,15.06
2020-10-22 10:40:00,12.40,12.85,10.65,10.65,49875,1098725,15.03
2020-10-22 10:41:00,10.60,11.65,10.60,11.45,30400,1102625,15.02
2020-10-22 10:42:00,11.55,11.60,11.00,11.00,26300,1102625,15.00
2020-10-22 10:43:00,11.15,11.95,11.00,11.25,42250,1102625,14.98
2020-10-22 10:44:00,11.05,11.75,10.65,11.05,21750,1108975,14.97
2020-10-22 10:45:00,11.00,11.85,10.85,11.50,26200,1108975,14.96
2020-10-22 10:46:00,11.50,11.80,11.00,11.40,27075,1108975,14.95
2020-10-22 10:47:00,11.35,11.95,11.05,11.60,48775,1112850,14.92
2020-10-22 10:48:00,11.60,11.90,10.80,11.00,41350,1112850,14.90
2020-10-22 10:49:00,10.95,11.05,9.50,9.80,61600,1112850,14.86
2020-10-22 10:50:00,9.90,11.10,9.90,10.85,40000,1124450,14.84
2020-10-22 10:51:00,10.75,11.05,10.60,10.90,25625,1124450,14.83
2020-10-22 10:52:00,10.80,10.90,10.45,10.80,28175,1124450,14.81
2020-10-22 10:53:00,10.70,10.75,9.85,10.20,38800,1124900,14.79
2020-10-22 10:54:00,10.15,10.45,10.05,10.10,30825,1124900,14.77
2020-10-22 10:55:00,10.05,10.60,10.00,10.35,45325,1124900,14.75
2020-10-22 10:56:00,10.30,11.00,10.30,10.65,39325,1112475,14.73
2020-10-22 10:57:00,10.70,11.15,10.55,11.10,29750,1112475,14.71
2020-10-22 10:58:00,11.10,11.35,10.60,10.60,20575,1112475,14.70
2020-10-22 10:59:00,10.55,11.60,10.55,11.30,30925,1111325,14.69
2020-10-22 11:00:00,11.40,15.25,11.40,14.95,201000,1111325,14.66
2020-10-22 11:01:00,14.55,16.30,13.15,14.05,174475,1111325,14.66
2020-10-22 11:02:00,14.45,15.10,12.95,15.05,96250,1061400,14.65
2020-10-22 11:03:00,15.10,16.25,12.75,13.70,143250,1061400,14.66
2020-10-22 11:04:00,13.90,13.95,12.90,13.30,64175,1061400,14.65
2020-10-22 11:05:00,13.55,13.85,11.90,11.95,87225,1063800,14.63
2020-10-22 11:06:00,12.10,12.80,10.80,11.00,88775,1063800,14.60
2020-10-22 11:07:00,11.00,11.80,10.60,11.70,68875,1063800,14.57
2020-10-22 11:08:00,11.70,12.30,11.50,12.10,34075,1058975,14.56
2020-10-22 11:09:00,12.20,12.20,11.45,11.55,40050,1058975,14.55
2020-10-22 11:10:00,11.55,12.00,10.80,10.90,28725,1058975,14.54
2020-10-22 11:11:00,10.90,12.05,10.85,11.40,46300,1066400,14.52
2020-10-22 11:12:00,11.40,11.65,10.80,11.65,21525,1066400,14.52
2020-10-22 11:13:00,11.65,12.75,11.65,12.25,55075,1066400,14.50
2020-10-22 11:14:00,12.25,12.30,11.25,11.75,28975,1064825,14.49
2020-10-22 11:15:00,11.85,12.30,11.10,11.30,35375,1064825,14.48
2020-10-22 11:16:00,11.15,11.55,10.80,11.10,68850,1064825,14.46
2020-10-22 11:17:00,11.10,11.40,10.35,10.60,36475,1071725,14.44
2020-10-22 11:18:00,10.35,11.00,10.25,10.80,27100,1071725,14.43
2020-10-22 11:19:00,10.75,11.20,10.55,10.65,23975,1071725,14.42
2020-10-22 11:20:00,10.75,10.90,10.20,10.55,35900,1083150,14.41
2020-10-22 11:21:00,10.70,11.00,10.50,11.00,25375,1083150,14.40
2020-10-22 11:22:00,11.00,11.20,10.50,10.50,52800,1083150,14.38
2020-10-22 11:23:00,10.70,10.90,10.20,10.75,24175,1098625,14.37
2020-10-22 11:24:00,10.70,11.00,10.45,10.55,30050,1098625,14.36
2020-10-22 11:25:00,10.55,10.85,10.10,10.35,49250,1098625,14.33
2020-10-22 11:26:00,10.35,10.70,10.15,10.30,19125,1109200,14.33
2020-10-22 11:27:00,10.25,10.50,8.40,9.10,80975,1109200,14.29
2020-10-22 11:28:00,9.05,9.40,6.70,6.85,144525,1109200,14.19
2020-10-22 11:29:00,7.00,7.10,5.75,7.10,167975,1085775,14.06
2020-10-22 11:30:00,6.95,7.00,5.90,7.00,174925,1085775,13.92
2020-10-22 11:31:00,6.95,7.65,6.95,7.45,98525,1085775,13.86
2020-10-22 11:32:00,7.40,8.15,7.40,7.55,71850,1111275,13.82
2020-10-22 11:33:00,7.65,8.00,7.30,7.45,39075,1111275,13.79
2020-10-22 11:34:00,7.60,8.00,7.35,7.65,30050,1111275,13.78
2020-10-22 11:35:00,7.65,7.90,7.05,7.40,50975,1130650,13.74
2020-10-22 11:36:00,7.40,8.55,7.40,8.05,74725,1130650,13.70
2020-10-22 11:37:00,8.15,8.25,7.45,7.55,25400,1130650,13.69
2020-10-22 11:38:00,7.60,7.90,7.25,7.30,28000,1145800,13.67
2020-10-22 11:39:00,7.35,7.60,7.15,7.30,33200,1145800,13.65
2020-10-22 11:40:00,7.35,8.40,7.20,7.75,56950,1145800,13.62
2020-10-22 11:41:00,7.75,8.00,7.45,8.00,29250,1159625,13.61
2020-10-22 11:42:00,7.80,8.15,7.50,7.75,25725,1159625,13.59
2020-10-22 11:43:00,7.75,8.05,7.50,7.90,20100,1159625,13.58
2020-10-22 11:44:00,7.85,8.40,7.75,7.85,25425,1161375,13.57
2020-10-22 11:45:00,7.90,8.20,7.65,8.10,32625,1161375,13.55
2020-10-22 11:46:00,8.15,8.25,7.80,7.80,18525,1161375,13.54
2020-10-22 11:47:00,7.85,8.20,7.50,8.20,25175,1181625,13.53
2020-10-22 11:48:00,8.15,8.40,7.60,7.70,27575,1181625,13.51
2020-10-22 11:49:00,7.75,8.65,7.75,8.40,35850,1181625,13.50
2020-10-22 11:50:00,8.35,9.00,7.90,8.00,33225,1175300,13.48
2020-10-22 11:51:00,8.00,8.45,7.80,8.20,30475,1175300,13.47
2020-10-22 11:52:00,8.15,8.25,7.45,7.45,36575,1175300,13.45
2020-10-22 11:53:00,7.75,7.90,7.45,7.65,18000,1181675,13.44
2020-10-22 11:54:00,7.75,7.95,7.40,7.60,20775,1181675,13.43
2020-10-22 11:55:00,7.60,7.60,7.05,7.40,45275,1181675,13.40
2020-10-22 11:56:00,7.25,7.40,7.10,7.15,24650,1186775,13.39
2020-10-22 11:57:00,7.05,7.20,6.65,7.05,54450,1186775,13.36
2020-10-22 11:58:00,6.95,7.20,6.70,7.15,25800,1186775,13.34
2020-10-22 11:59:00,7.20,7.35,6.65,7.10,26300,1180000,13.33
2020-10-22 12:00:00,7.10,7.60,7.05,7.50,21975,1180000,13.31
2020-10-22 12:01:00,7.60,7.90,7.45,7.75,47200,1180000,13.29
2020-10-22 12:02:00,7.80,7.85,7.15,7.35,25925,1194000,13.28
2020-10-22 12:03:00,7.40,7.55,6.80,6.95,38050,1194000,13.26
2020-10-22 12:04:00,7.00,7.20,6.85,7.05,30275,1194000,13.24
2020-10-22 12:05:00,6.95,7.10,6.60,6.95,44300,1212950,13.22
2020-10-22 12:06:00,6.80,7.35,6.80,7.20,28675,1212950,13.20
2020-10-22 12:07:00,7.15,7.60,7.05,7.30,20475,1212950,13.19
2020-10-22 12:08:00,7.10,7.45,6.50,6.70,72975,1232325,13.15
2020-10-22 12:09:00,6.55,6.75,6.10,6.75,66825,1232325,13.11
2020-10-22 12:10:00,6.85,6.85,6.20,6.20,30900,1232325,13.09
2020-10-22 12:11:00,6.20,6.65,6.15,6.65,50000,1226075,13.06
2020-10-22 12:12:00,6.70,7.00,6.60,6.90,25725,1226075,13.05
2020-10-22 12:13:00,6.85,6.95,6.70,6.75,36300,1226075,13.03
2020-10-22 12:14:00,6.80,7.00,6.75,6.75,25975,1237450,13.02
2020-10-22 12:15:00,6.85,6.90,6.50,6.70,27375,1237450,13.00
2020-10-22 12:16:00,6.75,6.75,6.25,6.55,31475,1237450,12.98
2020-10-22 12:17:00,6.50,6.75,6.35,6.70,18200,1241175,12.97
2020-10-22 12:18:00,6.60,6.95,6.50,6.90,34650,1241175,12.96
2020-10-22 12:19:00,6.80,6.90,6.60,6.75,25375,1241175,12.94
2020-10-22 12:20:00,6.60,6.85,6.45,6.75,28350,1241175,12.93
2020-10-22 12:21:00,6.60,6.85,6.40,6.55,16700,1235875,12.92
2020-10-22 12:22:00,6.50,6.70,6.40,6.40,26325,1235875,12.91
2020-10-22 12:23:00,6.40,6.80,6.05,6.30,55575,1235875,12.87
2020-10-22 12:24:00,6.35,6.35,4.90,5.20,119175,1243600,12.80
2020-10-22 12:25:00,5.20,5.25,4.70,4.85,219350,1243600,12.66
2020-10-22 12:26:00,4.85,4.95,4.55,4.75,120925,1243600,12.58
2020-10-22 12:27:00,4.75,5.15,4.65,4.85,131725,1241450,12.50
2020-10-22 12:28:00,4.80,5.00,4.70,4.90,80350,1241450,12.45
2020-10-22 12:29:00,4.90,4.95,4.65,4.85,87350,1241450,12.40
2020-10-22 12:30:00,4.80,4.95,4.70,4.85,74200,1261475,12.36
2020-10-22 12:31:00,4.80,4.85,4.55,4.65,67900,1261475,12.32
2020-10-22 12:32:00,4.60,4.70,4.40,4.60,75325,1261475,12.27
2020-10-22 12:33:00,4.60,4.60,4.20,4.45,86200,1263575,12.22
2020-10-22 12:34:00,4.40,4.50,4.15,4.25,82000,1263575,12.17
2020-10-22 12:35:00,4.35,4.50,4.15,4.40,74500,1263575,12.13
2020-10-22 12:36:00,4.45,4.50,4.25,4.35,66975,1248000,12.09
2020-10-22 12:37:00,4.35,4.50,4.25,4.35,58275,1248000,12.05
2020-10-22 12:38:00,4.40,4.45,4.05,4.05,46125,1248000,12.03
2020-10-22 12:39:00,4.15,4.15,3.65,3.75,121150,1269950,11.95
2020-10-22 12:40:00,3.80,3.90,3.40,3.55,194250,1269950,11.84
2020-10-22 12:41:00,3.60,3.70,3.45,3.55,107925,1269950,11.77
2020-10-22 12:42:00,3.60,3.85,3.50,3.70,49625,1241775,11.74
2020-10-22 12:43:00,3.75,3.80,3.60,3.70,51275,1241775,11.71
2020-10-22 12:44:00,3.75,3.90,3.65,3.80,60325,1241775,11.68
2020-10-22 12:45:00,3.80,4.50,3.70,4.30,96950,1236975,11.63
2020-10-22 12:46:00,4.25,4.45,4.05,4.10,71100,1236975,11.59
2020-10-22 12:47:00,4.05,4.25,3.95,4.10,52850,1236975,11.56
2020-10-22 12:48:00,4.10,4.35,4.00,4.15,52725,1249825,11.53
2020-10-22 12:49:00,4.25,4.35,4.10,4.25,31100,1249825,11.52
2020-10-22 12:50:00,4.30,4.40,4.15,4.15,53375,1249825,11.49
2020-10-22 12:51:00,4.05,4.15,3.85,3.85,64325,1238850,11.46
2020-10-22 12:52:00,3.85,4.10,3.80,3.95,24100,1238850,11.44
2020-10-22 12:53:00,4.00,4.10,3.90,4.05,32050,1238850,11.43
2020-10-22 12:54:00,4.05,4.25,3.95,4.10,27650,1236000,11.41
2020-10-22 12:55:00,4.10,4.15,3.85,3.85,39175,1236000,11.39
2020-10-22 12:56:00,3.85,4.05,3.75,4.05,25475,1236000,11.38
2020-10-22 12:57:00,4.05,7.45,3.95,6.25,208725,1258050,11.30
2020-10-22 12:58:00,6.35,7.10,5.30,5.40,108325,1258050,11.27
2020-10-22 12:59:00,5.35,5.95,5.30,5.60,66700,1258050,11.24
2020-10-22 13:00:00,5.50,6.00,5.15,5.40,65950,1296000,11.22
2020-10-22 13:01:00,5.40,5.40,4.10,4.35,61225,1296000,11.19
2020-10-22 13:02:00,4.30,4.40,3.85,4.05,42100,1296000,11.17
2020-10-22 13:03:00,4.05,5.30,4.05,4.80,62675,1290950,11.14
2020-10-22 13:04:00,4.75,5.20,4.50,5.00,33725,1290950,11.13
2020-10-22 13:05:00,5.00,5.30,4.65,4.70,63125,1290950,11.10
2020-10-22 13:06:00,4.85,5.10,4.60,4.80,52875,1305250,11.08
2020-10-22 13:07:00,4.90,6.65,4.80,5.95,155725,1305250,11.03
2020-10-22 13:08:00,6.00,6.75,5.75,6.35,147475,1305250,10.98
2020-10-22 13:09:00,6.25,6.40,5.50,5.70,80875,1307975,10.96
2020-10-22 13:10:00,5.70,5.70,4.80,5.20,79125,1307975,10.93
2020-10-22 13:11:00,5.15,5.40,4.50,4.85,53250,1307975,10.91
2020-10-22 13:12:00,4.90,5.30,4.55,4.60,51675,1308500,10.89
2020-10-22 13:13:00,4.60,4.95,4.25,4.85,45850,1308500,10.87
2020-10-22 13:14:00,4.70,4.95,4.45,4.70,52250,1308500,10.85
2020-10-22 13:15:00,4.65,4.65,3.95,4.00,77000,1329775,10.82
2020-10-22 13:16:00,4.00,4.10,3.20,3.70,109550,1329775,10.77
2020-10-22 13:17:00,3.75,3.95,3.50,3.65,98475,1329775,10.73
2020-10-22 13:18:00,3.65,3.85,3.60,3.85,59950,1331000,10.70
2020-10-22 13:19:00,3.85,3.90,3.70,3.75,74625,1331000,10.67
2020-10-22 13:20:00,3.80,4.35,3.60,4.15,82350,1331000,10.64
2020-10-22 13:21:00,4.15,4.25,3.80,4.25,37200,1309425,10.62
2020-10-22 13:22:00,4.20,4.20,3.80,4.20,48500,1309425,10.60
2020-10-22 13:23:00,4.15,4.20,3.60,3.65,57825,1309425,10.58
2020-10-22 13:24:00,3.65,3.95,3.45,3.80,77000,1324200,10.55
2020-10-22 13:25:00,3.85,4.50,3.85,4.10,146325,1324200,10.49
2020-10-22 13:26:00,4.15,4.65,4.00,4.20,72150,1324200,10.46
2020-10-22 13:27:00,4.25,4.85,4.15,4.65,98500,1342400,10.43
2020-10-22 13:28:00,4.70,4.95,4.10,4.80,72600,1342400,10.40
2020-10-22 13:29:00,4.80,4.90,4.25,4.80,59250,1342400,10.38
2020-10-22 13:30:00,4.70,4.85,4.10,4.30,76050,1354800,10.36
2020-10-22 13:31:00,4.30,4.45,4.05,4.10,48425,1354800,10.34
2020-10-22 13:32:00,4.20,4.55,3.85,4.35,52675,1354800,10.32
2020-10-22 13:33:00,4.40,5.95,4.35,4.40,232300,1359475,10.25
2020-10-22 13:34:00,4.40,5.30,4.40,5.00,90200,1359475,10.22
2020-10-22 13:35:00,5.00,5.90,4.35,4.40,85925,1359475,10.20
2020-10-22 13:36:00,4.55,4.75,3.20,3.25,118975,1372175,10.16
2020-10-22 13:37:00,3.25,3.65,3.05,3.15,131750,1372175,10.11
2020-10-22 13:38:00,3.10,3.75,3.10,3.65,86375,1372175,10.07
2020-10-22 13:39:00,3.50,3.70,3.25,3.50,84275,1369850,10.04
2020-10-22 13:40:00,3.45,3.50,2.75,2.85,159250,1369850,9.98
2020-10-22 13:41:00,2.85,3.15,2.80,3.15,83925,1369850,9.95
2020-10-22 13:42:00,3.05,3.10,2.75,2.95,120000,1367000,9.91
2020-10-22 13:43:00,3.00,3.50,2.95,3.20,70600,1367000,9.88
2020-10-22 13:44:00,3.25,3.30,2.55,2.60,175800,1367000,9.81
2020-10-22 13:45:00,2.55,2.90,2.45,2.90,232575,1395425,9.73
2020-10-22 13:46:00,2.85,2.90,2.70,2.80,107400,1395425,9.69
2020-10-22 13:47:00,2.85,3.00,2.75,2.95,103850,1395425,9.65
2020-10-22 13:48:00,3.00,3.00,2.70,2.80,81225,1367300,9.62
2020-10-22 13:49:00,2.85,2.95,2.75,2.80,67500,1367300,9.60
2020-10-22 13:50:00,2.80,2.90,2.60,2.60,89550,1367300,9.57
2020-10-22 13:51:00,2.60,2.70,2.55,2.55,70500,1370975,9.54
2020-10-22 13:52:00,2.60,2.90,2.60,2.70,96375,1370975,9.51
2020-10-22 13:53:00,2.70,2.95,2.65,2.85,54025,1370975,9.49
2020-10-22 13:54:00,2.90,2.90,2.60,2.65,63450,1371000,9.47
2020-10-22 13:55:00,2.60,2.85,2.55,2.55,102950,1371000,9.43
2020-10-22 13:56:00,2.55,2.65,2.25,2.30,93925,1371000,9.40
2020-10-22 13:57:00,2.30,2.35,2.15,2.20,99425,1358000,9.36
2020-10-22 13:58:00,2.30,2.45,2.25,2.30,94200,1358000,9.33
2020-10-22 13:59:00,2.30,2.85,2.25,2.40,133150,1358000,9.29
2020-10-22 14:00:00,2.40,2.75,2.40,2.65,129025,1391000,9.24
2020-10-22 14:01:00,2.75,3.20,2.70,2.75,120325,1391000,9.21
2020-10-22 14:02:00,2.70,2.75,2.30,2.30,80175,1391000,9.18
2020-10-22 14:03:00,2.35,2.55,2.30,2.35,77275,1386725,9.16
2020-10-22 14:04:00,2.35,2.45,1.35,1.65,199025,1386725,9.09
2020-10-22 14:05:00,1.55,1.65,1.35,1.45,223300,1386725,9.01
2020-10-22 14:06:00,1.45,1.95,1.45,1.75,112100,1359875,8.97
2020-10-22 14:07:00,1.80,2.00,1.75,1.90,92500,1359875,8.94
2020-10-22 14:08:00,1.90,1.95,1.60,1.85,82625,1359875,8.91
2020-10-22 14:09:00,1.85,2.00,1.75,1.80,80575,1293050,8.88
2020-10-22 14:10:00,1.85,1.85,1.65,1.75,53525,1293050,8.87
2020-10-22 14:11:00,1.75,1.90,1.70,1.75,82775,1293050,8.84
2020-10-22 14:12:00,1.75,1.75,1.60,1.60,64850,1269900,8.82
2020-10-22 14:13:00,1.60,1.60,1.30,1.40,69100,1269900,8.79
2020-10-22 14:14:00,1.40,1.45,1.30,1.45,71875,1269900,8.77
2020-10-22 14:15:00,1.40,1.50,1.25,1.30,144900,1242125,8.72
2020-10-22 14:16:00,1.30,1.30,1.10,1.20,122350,1242125,8.68
2020-10-22 14:17:00,1.20,1.30,1.20,1.20,134950,1242125,8.63
2020-10-22 14:18:00,1.20,1.20,0.95,1.00,178150,1216275,8.57
2020-10-22 14:19:00,1.00,1.05,0.90,1.00,119550,1216275,8.53
2020-10-22 14:20:00,1.05,1.10,1.00,1.05,116800,1216275,8.49
2020-10-22 14:21:00,1.10,1.10,0.95,1.10,126825,1185150,8.45
2020-10-22 14:22:00,1.05,1.10,1.00,1.00,129425,1185150,8.41
2020-10-22 14:23:00,1.05,1.05,0.90,1.00,91125,1185150,8.38
2020-10-22 14:24:00,1.00,1.10,0.95,1.05,150050,1190225,8.33
2020-10-22 14:25:00,1.00,1.00,0.90,0.90,91275,1190225,8.30
2020-10-22 14:26:00,0.95,0.95,0.90,0.95,106600,1190225,8.27
2020-10-22 14:27:00,0.95,0.95,0.85,0.90,92825,1171875,8.24
2020-10-22 14:28:00,0.95,0.95,0.85,0.90,81975,1171875,8.22
2020-10-22 14:29:00,0.95,0.95,0.90,0.90,94425,1171875,8.19
2020-10-22 14:30:00,0.90,0.95,0.80,0.85,101575,1164400,8.16
2020-10-22 14:31:00,0.85,0.90,0.80,0.90,57825,1164400,8.14
2020-10-22 14:32:00,0.85,0.90,0.80,0.85,50775,1164400,8.12
2020-10-22 14:33:00,0.80,0.85,0.80,0.80,38650,1157100,8.11
2020-10-22 14:34:00,0.80,0.80,0.75,0.75,55400,1157100,8.09
2020-10-22 14:35:00,0.80,0.80,0.75,0.75,30150,1157100,8.08
2020-10-22 14:36:00,0.75,0.80,0.70,0.75,51750,1133075,8.07
2020-10-22 14:37:00,0.75,0.75,0.65,0.70,67800,1133075,8.05
2020-10-22 14:38:00,0.65,0.70,0.65,0.70,26325,1133075,8.04
2020-10-22 14:39:00,0.65,0.70,0.60,0.60,86325,1134300,8.01
2020-10-22 14:40:00,0.60,0.70,0.60,0.65,121625,1134300,7.98
2020-10-22 14:41:00,0.65,0.65,0.55,0.60,70075,1134300,7.95
2020-10-22 14:42:00,0.65,0.75,0.60,0.65,52100,1103750,7.94
2020-10-22 14:43:00,0.65,0.75,0.65,0.75,59150,1103750,7.92
2020-10-22 14:44:00,0.75,0.75,0.65,0.70,25050,1103750,7.91
2020-10-22 14:45:00,0.65,0.70,0.65,0.70,73675,1057475,7.89
2020-10-22 14:46:00,0.70,0.80,0.65,0.80,74925,1057475,7.87
2020-10-22 14:47:00,0.80,0.80,0.70,0.75,45750,1057475,7.86
2020-10-22 14:48:00,0.75,0.75,0.65,0.65,34500,999975,7.85
2020-10-22 14:49:00,0.70,0.70,0.50,0.55,55900,999975,7.83
2020-10-22 14:50:00,0.55,0.85,0.50,0.70,100375,999975,7.80
2020-10-22 14:51:00,0.70,0.75,0.65,0.65,35725,965150,7.79
2020-10-22 14:52:00,0.70,0.70,0.60,0.60,18125,965150,7.79
2020-10-22 14:53:00,0.65,0.65,0.50,0.50,49375,965150,7.77
2020-10-22 14:54:00,0.50,0.55,0.40,0.40,71175,960725,7.75
2020-10-22 14:55:00,0.40,0.45,0.40,0.45,24075,960725,7.74
2020-10-22 14:56:00,0.40,0.45,0.40,0.40,26275,960725,7.74
2020-10-22 14:57:00,0.40,0.50,0.40,0.40,37775,912800,7.72
2020-10-22 14:58:00,0.45,0.45,0.35,0.40,84975,912800,7.70
2020-10-22 14:59:00,0.45,0.45,0.35,0.35,30350,912800,7.69
2020-10-22 15:00:00,0.35,0.40,0.30,0.35,26150,881775,7.68
2020-10-22 15:01:00,0.40,0.40,0.35,0.40,13225,881775,7.68
2020-10-22 15:02:00,0.35,0.40,0.35,0.40,17575,881775,7.67
2020-10-22 15:03:00,0.40,0.45,0.35,0.40,33900,864600,7.67
2020-10-22 15:04:00,0.40,0.40,0.30,0.30,51350,864600,7.65
2020-10-22 15:05:00,0.30,0.30,0.25,0.30,53400,864600,7.63
2020-10-22 15:06:00,0.25,0.30,0.25,0.25,30500,825725,7.63
2020-10-22 15:07:00,0.25,0.30,0.25,0.25,20425,825725,7.62
2020-10-22 15:08:00,0.25,0.30,0.20,0.20,36050,825725,7.61
2020-10-22 15:09:00,0.25,0.25,0.20,0.20,24575,815325,7.60
2020-10-22 15:10:00,0.20,0.30,0.20,0.25,40525,815325,7.59
2020-10-22 15:11:00,0.25,0.30,0.20,0.30,16100,815325,7.59
2020-10-22 15:12:00,0.20,0.30,0.20,0.25,14150,771250,7.58
2020-10-22 15:13:00,0.25,0.25,0.20,0.25,11050,771250,7.58
2020-10-22 15:14:00,0.20,0.25,0.20,0.25,11600,771250,7.58
2020-10-22 15:15:00,0.20,0.20,0.15,0.20,51050,733625,7.56
2020-10-22 15:16:00,0.20,0.25,0.15,0.20,20100,733625,7.56
2020-10-22 15:17:00,0.15,0.25,0.15,0.15,10125,733625,7.55
2020-10-22 15:18:00,0.15,0.25,0.15,0.25,57500,662650,7.54
2020-10-22 15:19:00,0.15,0.25,0.15,0.15,24975,662650,7.53
2020-10-22 15:20:00,0.15,0.20,0.15,0.15,14375,662650,7.52
2020-10-22 15:21:00,0.20,0.20,0.15,0.20,23275,620950,7.52
2020-10-22 15:22:00,0.20,0.20,0.15,0.15,20325,620950,7.51
2020-10-22 15:23:00,0.15,0.20,0.10,0.10,15125,620950,7.51
2020-10-22 15:24:00,0.10,0.15,0.10,0.15,28250,605650,7.50
2020-10-22 15:25:00,0.10,0.25,0.10,0.10,109825,605650,7.47
2020-10-22 15:26:00,0.10,0.20,0.10,0.10,29850,605650,7.46
2020-10-22 15:27:00,0.10,0.10,0.10,0.10,34925,548625,7.45
2020-10-22 15:28:00,0.15,0.15,0.05,0.05,37575,548625,7.44
2020-10-22 15:29:01,0.10,0.10,0.05,0.10,19450,548625,7.43
