date,open,high,low,close,volume,oi,vwap
2020-09-24 11:14:00,111.80,111.80,111.80,111.80,75,0,111.80
2020-09-24 11:20:00,102.75,102.75,102.75,102.75,75,75,107.27
2020-09-25 12:08:00,100.00,100.00,100.00,100.00,75,0,100.00
2020-09-25 14:34:00,80.00,80.00,80.00,80.00,75,75,90.00
2020-09-25 15:01:00,78.00,78.00,78.00,78.00,75,0,86.00
2020-09-25 15:10:00,70.00,70.00,70.00,70.00,300,75,76.85
2020-09-28 09:21:00,55.75,55.75,55.75,55.75,75,300,55.75
2020-09-28 09:22:00,57.50,57.50,57.50,57.50,75,300,56.62
2020-09-28 09:26:00,55.10,55.10,55.10,55.10,525,450,55.43
2020-09-28 09:29:00,65.50,65.50,65.50,65.50,75,975,56.44
2020-09-28 09:30:00,57.55,57.55,57.55,57.55,75,975,56.54
2020-09-28 09:31:00,55.10,55.10,55.10,55.10,150,975,56.32
2020-09-28 09:32:00,55.00,55.00,55.00,55.00,1275,1200,55.58
2020-09-28 09:33:00,53.00,53.00,53.00,53.00,150,1200,55.42
2020-09-28 09:34:00,53.90,53.90,50.45,50.45,150,1200,55.23
2020-09-28 09:35:00,53.80,53.80,53.80,53.80,75,1200,55.19
2020-09-28 09:36:00,54.00,54.00,54.00,54.00,150,2775,55.12
2020-09-28 09:39:00,50.15,50.15,50.15,50.15,150,2925,54.87
2020-09-28 09:40:00,50.15,50.15,49.70,49.70,225,2925,54.52
2020-09-28 09:46:00,51.00,51.00,51.00,51.00,75,2925,54.43
2020-09-28 10:06:00,52.85,52.85,52.85,52.85,150,2700,54.36
2020-09-28 10:29:00,52.25,52.35,50.55,52.35,300,2925,54.16
2020-09-28 10:30:00,52.55,52.55,52.10,52.35,525,2925,53.92
2020-09-28 10:34:00,52.80,52.90,52.80,52.90,675,3600,53.78
2020-09-28 10:35:00,52.35,52.45,52.05,52.05,975,4800,53.52
2020-09-28 10:36:00,51.95,51.95,51.95,51.95,300,4800,53.44
2020-09-28 10:39:00,49.10,49.10,49.10,49.10,75,5550,53.39
2020-09-28 10:41:00,50.00,50.00,50.00,50.00,975,5550,52.93
2020-09-28 10:52:00,45.50,45.70,45.50,45.70,600,5550,52.36
2020-09-28 11:04:00,45.70,45.70,45.70,45.70,300,6150,52.12
2020-09-28 11:05:00,44.60,44.60,44.60,44.60,75,6150,52.05
2020-09-28 11:08:00,45.25,45.25,45.25,45.25,150,6075,51.92
2020-09-28 11:24:00,45.90,45.90,45.90,45.90,225,6075,51.76
2020-09-28 11:26:00,43.60,43.65,43.60,43.65,450,6075,51.36
2020-09-28 11:29:00,43.00,43.00,43.00,43.00,300,6225,51.09
2020-09-28 11:31:00,44.15,44.15,44.00,44.00,825,6225,50.52
2020-09-28 12:05:00,44.20,44.20,44.10,44.10,225,5700,50.38
2020-09-28 12:07:00,44.10,44.10,44.10,44.10,225,5700,50.24
2020-09-28 12:09:00,43.00,44.10,43.00,44.10,375,5700,50.01
2020-09-28 12:14:00,43.40,43.40,43.40,43.40,75,5775,49.97
2020-09-28 12:15:00,43.50,43.50,43.50,43.50,75,5775,49.92
2020-09-28 12:16:00,43.60,44.45,43.60,44.45,225,5775,49.80
2020-09-28 12:17:00,44.45,44.90,44.45,44.90,225,6075,49.70
2020-09-28 12:19:00,44.50,44.50,44.50,44.50,150,6075,49.64
2020-09-28 12:22:00,44.50,44.90,44.50,44.90,150,6300,49.57
2020-09-28 12:25:00,46.40,46.40,46.40,46.40,150,6300,49.53
2020-09-28 12:26:00,46.00,46.00,46.00,46.00,75,6300,49.51
2020-09-28 12:32:00,46.25,46.25,46.25,46.25,150,6300,49.47
2020-09-28 12:33:00,45.25,45.25,45.25,45.25,75,6450,49.45
2020-09-28 12:42:00,48.35,48.35,48.35,48.35,150,6375,49.43
2020-09-28 12:57:00,42.90,42.90,42.90,42.90,75,6525,49.39
2020-09-28 13:33:00,44.00,44.00,44.00,44.00,75,6600,49.36
2020-09-28 13:47:00,42.50,42.50,42.50,42.50,150,6675,49.28
2020-09-28 13:48:00,42.50,42.50,42.50,42.50,75,6675,49.24
2020-09-28 13:49:00,42.30,42.30,42.00,42.00,300,6675,49.08
2020-09-28 13:50:00,42.75,42.80,42.75,42.80,150,6675,49.00
2020-09-28 13:55:00,40.85,40.85,40.55,40.55,150,6525,48.91
2020-09-28 13:59:00,40.75,40.75,40.75,40.75,75,6450,48.87
2020-09-28 14:00:00,41.30,41.35,41.10,41.10,450,6375,48.62
2020-09-28 14:01:00,41.05,41.05,41.05,41.05,75,6375,48.58
2020-09-28 14:02:00,40.00,40.00,40.00,40.00,225,6375,48.45
2020-09-28 14:05:00,39.95,40.00,39.95,40.00,225,6975,48.32
2020-09-28 14:07:00,40.85,41.05,40.85,41.05,300,6675,48.17
2020-09-28 14:10:00,42.10,42.10,42.10,42.10,75,5775,48.14
2020-09-28 14:11:00,41.45,41.45,41.45,41.45,75,5775,48.10
2020-09-28 14:53:00,39.50,39.50,39.50,39.50,150,5775,48.02
2020-09-28 15:00:00,39.50,39.50,39.50,39.50,75,5925,47.97
2020-09-28 15:01:00,34.20,34.20,34.20,34.20,225,5925,47.81
2020-09-28 15:06:00,36.60,36.80,36.60,36.60,525,6075,47.45
2020-09-28 15:08:00,38.05,38.05,38.05,38.05,75,6075,47.40
2020-09-28 15:18:00,38.30,38.30,37.50,37.50,300,6075,47.23
2020-09-28 15:19:00,37.00,37.00,37.00,37.00,75,6000,47.18
2020-09-28 15:20:00,36.10,36.10,36.00,36.00,600,6000,46.78
2020-09-28 15:22:00,35.50,35.50,35.50,35.50,75,6075,46.73
2020-09-28 15:23:00,35.95,35.95,35.95,35.95,150,6075,46.64
2020-09-28 15:26:00,35.25,35.25,35.25,35.25,225,6075,46.49
2020-09-29 09:15:00,31.50,31.50,31.50,31.50,75,5175,31.50
2020-09-29 09:16:00,31.50,31.50,31.50,31.50,75,5175,31.50
2020-09-29 09:22:00,30.70,30.70,30.70,30.70,75,5250,31.23
2020-09-29 09:27:00,30.00,30.00,30.00,30.00,75,5250,30.92
2020-09-29 09:32:00,30.00,30.00,30.00,30.00,150,5325,30.61
2020-09-29 09:34:00,30.00,30.00,30.00,30.00,75,5325,30.52
2020-09-29 09:35:00,34.50,34.50,34.50,34.50,75,5400,31.02
2020-09-29 09:41:00,34.85,34.85,34.85,34.85,150,5475,31.79
2020-09-29 09:48:00,25.60,25.60,25.60,25.60,75,5625,31.22
2020-09-29 09:51:00,25.50,25.50,25.50,25.50,75,5625,30.75
2020-09-29 09:53:00,35.00,35.00,35.00,35.00,75,5550,31.07
2020-09-29 10:03:00,32.00,32.00,32.00,32.00,75,5625,31.14
2020-09-29 10:10:00,32.00,32.00,32.00,32.00,75,5625,31.20
2020-09-29 10:18:00,25.80,25.80,25.80,25.80,75,5625,30.86
2020-09-29 10:32:00,31.70,31.70,31.70,31.70,75,5550,30.91
2020-09-29 10:41:00,30.35,30.35,30.35,30.35,75,5550,30.88
2020-09-29 10:50:00,35.00,35.00,35.00,35.00,75,5475,31.09
2020-09-29 10:51:00,34.95,34.95,34.70,34.70,225,5475,31.60
2020-09-29 11:04:00,35.95,36.10,35.95,36.10,150,5475,31.97
2020-09-29 11:05:00,36.35,36.40,36.00,36.00,225,5475,32.44
2020-09-29 11:13:00,35.50,35.50,35.50,35.50,75,5475,32.55
2020-09-29 11:18:00,45.95,45.95,45.95,45.95,300,5550,33.55
2020-09-29 11:23:00,35.20,35.20,35.20,35.20,75,5775,33.60
2020-09-29 11:26:00,29.45,29.45,29.45,29.45,150,5775,33.47
2020-09-29 11:35:00,29.90,29.90,29.90,29.90,75,5850,33.37
2020-09-29 11:48:00,30.20,30.20,30.20,30.20,75,5850,33.29
2020-09-29 12:11:00,32.50,32.50,32.50,32.50,75,5850,33.27
2020-09-29 12:28:00,31.00,31.00,31.00,31.00,300,5775,33.05
2020-09-29 12:39:00,33.45,33.45,33.45,33.45,75,6075,33.06
2020-09-29 12:45:00,35.85,35.85,35.85,35.85,75,6000,33.12
2020-09-29 12:46:00,37.10,37.10,37.10,37.10,75,6000,33.21
2020-09-29 12:48:00,37.10,37.10,37.10,37.10,75,5925,33.30
2020-09-29 12:49:00,37.10,37.10,37.10,37.10,150,5925,33.45
2020-09-29 12:56:00,33.10,33.10,33.10,33.10,75,6075,33.45
2020-09-29 13:01:00,35.70,35.70,35.70,35.70,75,5925,33.49
2020-09-29 13:06:00,32.20,32.20,32.20,32.20,75,5925,33.47
2020-09-29 13:07:00,32.75,32.80,32.70,32.70,225,5925,33.43
2020-09-29 13:45:00,33.00,33.00,33.00,33.00,75,5700,33.42
2020-09-29 13:52:00,32.65,32.65,32.65,32.65,75,5625,33.40
2020-09-29 14:14:00,31.00,31.00,31.00,31.00,1500,5700,32.77
2020-09-29 14:18:00,27.50,27.50,27.45,27.45,300,5550,32.51
2020-09-29 14:19:00,27.45,27.45,27.45,27.45,75,5550,32.44
2020-09-29 14:32:00,26.35,26.35,26.00,26.00,300,4050,32.15
2020-09-29 14:39:00,27.00,27.00,27.00,27.00,300,4275,31.92
2020-09-29 14:43:00,27.15,27.15,27.15,27.15,150,3975,31.81
2020-09-29 14:45:00,27.40,27.40,27.40,27.40,75,3825,31.77
2020-09-29 14:47:00,27.10,27.10,27.00,27.00,525,3825,31.44
2020-09-29 14:50:00,27.00,27.00,26.75,26.75,150,3750,31.35
2020-09-29 14:55:00,29.95,29.95,29.95,29.95,75,3750,31.33
2020-09-29 14:58:00,31.20,31.20,31.20,31.20,75,3750,31.33
2020-09-29 15:02:00,32.60,32.60,32.60,32.60,150,3750,31.35
2020-09-29 15:07:00,29.50,29.50,29.00,29.00,150,3900,31.31
2020-09-29 15:16:00,30.00,30.00,30.00,30.00,150,3900,31.29
2020-09-29 15:21:00,29.90,29.90,29.90,29.90,150,4050,31.27
2020-09-29 15:23:00,30.05,30.05,30.05,30.05,75,4050,31.25
2020-09-29 15:24:00,29.90,29.90,29.90,29.90,150,4050,31.23
2020-09-29 15:27:00,29.00,29.00,29.00,29.00,75,4425,31.21
2020-09-29 15:29:01,28.50,28.50,28.00,28.00,150,4425,31.16
2020-09-30 09:16:00,30.40,30.40,28.95,28.95,150,4500,29.67
2020-09-30 09:26:00,27.30,27.30,27.30,27.30,150,4350,28.60
2020-09-30 09:41:00,27.50,29.00,27.50,29.00,150,4500,28.48
2020-09-30 09:47:00,29.00,29.00,29.00,29.00,75,4575,28.55
2020-09-30 09:50:00,29.00,29.00,29.00,29.00,75,4575,28.61
2020-09-30 09:52:00,29.50,29.50,29.50,29.50,75,4500,28.71
2020-09-30 09:54:00,28.90,30.00,28.90,30.00,150,4575,28.84
2020-09-30 09:55:00,30.00,30.00,30.00,30.00,150,4575,29.02
2020-09-30 09:56:00,29.00,29.00,29.00,29.00,150,4800,29.02
2020-09-30 09:57:00,29.00,29.00,29.00,29.00,150,4800,29.01
2020-09-30 10:04:00,29.00,29.00,29.00,29.00,75,4725,29.01
2020-09-30 10:06:00,28.90,28.90,28.90,28.90,75,4425,29.01
2020-09-30 10:08:00,29.00,29.00,29.00,29.00,75,4500,29.01
2020-09-30 10:29:00,24.85,24.85,24.80,24.80,225,4425,28.47
2020-09-30 10:30:00,24.60,24.60,24.15,24.15,225,4425,28.00
2020-09-30 11:28:00,27.45,27.45,27.45,27.45,75,4875,27.98
2020-09-30 11:29:00,27.80,27.80,27.80,27.80,75,4875,27.97
2020-09-30 11:30:00,28.45,28.45,28.00,28.00,375,4875,28.00
2020-09-30 12:08:00,26.05,26.05,26.05,26.05,75,4500,27.94
2020-09-30 12:11:00,26.70,26.70,26.70,26.70,150,4575,27.86
2020-09-30 13:02:00,23.75,23.75,23.75,23.75,75,4425,27.75
2020-09-30 13:04:00,23.90,23.90,23.75,23.75,225,4425,27.46
2020-09-30 13:06:00,25.00,25.00,25.00,25.00,75,4500,27.40
2020-09-30 13:07:00,25.00,25.00,25.00,25.00,75,4500,27.34
2020-09-30 13:11:00,27.45,27.45,27.45,27.45,75,4650,27.34
2020-09-30 13:28:00,26.85,26.85,26.85,26.85,75,4650,27.33
2020-09-30 14:20:00,25.00,25.00,25.00,25.00,75,4650,27.28
2020-09-30 14:59:00,23.75,23.75,23.75,23.75,75,0,27.20
2020-09-30 15:06:00,23.75,23.75,23.75,23.75,150,4725,27.06
2020-09-30 15:07:00,23.00,23.00,23.00,23.00,300,4725,26.75
2020-09-30 15:10:00,23.50,23.75,23.50,23.75,300,4800,26.52
2020-09-30 15:11:00,23.75,23.75,23.75,23.75,150,4800,26.43
2020-09-30 15:14:00,25.00,25.00,25.00,25.00,75,4875,26.40
2020-09-30 15:17:00,24.00,24.00,24.00,24.00,150,4950,26.32
2020-09-30 15:21:00,22.80,22.80,22.80,22.80,75,5100,26.27
2020-09-30 15:22:00,22.80,22.80,22.80,22.80,225,5100,26.11
2020-09-30 15:23:00,25.20,25.20,25.20,25.20,150,5100,26.06
2020-09-30 15:29:01,25.20,25.20,25.20,25.20,75,5400,26.05
2020-01-10 09:15:00,19.85,19.85,19.85,19.85,75,5400,19.85
2020-01-10 09:17:00,19.15,19.15,19.15,19.15,75,5475,19.50
2020-01-10 09:33:00,18.45,18.45,18.45,18.45,75,5550,19.15
2020-01-10 09:40:00,17.90,17.90,17.90,17.90,75,5550,18.83
2020-01-10 09:41:00,15.10,15.10,15.10,15.10,150,5550,17.60
2020-01-10 09:42:00,15.00,16.80,15.00,16.80,225,5550,17.14
2020-01-10 09:48:00,15.60,15.60,15.60,15.60,75,5475,16.99
2020-01-10 09:50:00,15.00,15.00,15.00,15.00,75,5550,16.80
2020-01-10 09:53:00,14.75,14.75,14.75,14.75,75,5475,16.63
2020-01-10 09:58:00,14.00,14.00,14.00,14.00,225,5475,16.11
2020-01-10 10:00:00,13.15,13.15,13.15,13.15,150,5475,15.76
2020-01-10 10:01:00,13.05,13.05,13.05,13.05,225,5475,15.35
2020-01-10 10:03:00,13.00,13.00,13.00,13.00,75,5625,15.24
2020-01-10 10:05:00,13.45,13.45,13.45,13.45,75,5625,15.16
2020-01-10 10:15:00,13.50,13.50,13.50,13.50,150,5550,15.02
2020-01-10 10:20:00,13.20,14.60,13.20,14.60,225,5550,14.92
2020-01-10 10:23:00,13.25,13.25,13.25,13.25,150,5550,14.81
2020-01-10 10:26:00,13.00,13.00,13.00,13.00,450,5700,14.50
2020-01-10 10:32:00,13.00,13.00,13.00,13.00,150,6150,14.42
2020-01-10 10:36:00,13.40,13.40,13.00,13.00,225,6300,14.33
2020-01-10 10:39:00,13.00,13.00,13.00,13.00,75,6525,14.30
2020-01-10 10:41:00,12.25,12.25,12.25,12.25,75,6600,14.25
2020-01-10 10:42:00,11.95,11.95,11.95,11.95,150,6600,14.14
2020-01-10 10:45:00,12.10,12.30,12.10,12.30,150,6600,14.06
2020-01-10 10:53:00,12.30,12.30,11.95,11.95,375,6675,13.87
2020-01-10 10:55:00,11.95,11.95,11.95,11.95,75,6675,13.83
2020-01-10 11:06:00,11.95,11.95,11.95,11.95,225,6825,13.73
2020-01-10 11:12:00,12.15,12.15,12.15,12.15,75,6825,13.70
2020-01-10 11:15:00,14.50,14.50,12.15,12.15,375,6825,13.70
2020-01-10 11:17:00,12.15,12.15,12.15,12.15,600,6825,13.52
2020-01-10 11:26:00,11.95,11.95,11.95,11.95,150,7125,13.47
2020-01-10 11:30:00,13.90,13.90,13.90,13.90,75,7125,13.48
2020-01-10 11:41:00,12.00,12.00,12.00,12.00,225,7200,13.42
2020-01-10 11:43:00,12.50,12.50,12.50,12.50,75,7200,13.41
2020-01-10 11:48:00,11.85,11.85,11.85,11.85,75,7500,13.39
2020-01-10 11:50:00,12.85,12.85,12.85,12.85,450,7500,13.35
2020-01-10 11:53:00,11.30,11.30,11.30,11.30,75,7950,13.32
2020-01-10 12:00:00,11.30,11.30,11.30,11.30,225,7950,13.25
2020-01-10 12:03:00,11.30,11.30,11.30,11.30,225,7950,13.19
2020-01-10 12:16:00,13.40,13.40,13.40,13.40,150,8025,13.19
2020-01-10 12:26:00,13.45,13.45,13.45,13.45,75,8175,13.19
2020-01-10 13:14:00,12.50,12.50,12.50,12.50,75,8250,13.19
2020-01-10 13:18:00,11.65,11.65,11.65,11.65,225,8250,13.14
2020-01-10 13:21:00,11.65,11.65,11.65,11.65,75,8250,13.12
2020-01-10 13:23:00,11.65,11.65,11.65,11.65,150,8250,13.09
2020-01-10 13:31:00,11.65,11.65,11.65,11.65,75,8250,13.08
2020-01-10 13:57:00,11.65,11.65,11.65,11.65,150,8325,13.05
2020-01-10 13:59:00,12.90,12.90,12.90,12.90,300,8325,13.05
2020-01-10 14:15:00,13.00,13.00,13.00,13.00,225,8775,13.04
2020-01-10 14:26:00,12.80,12.80,12.80,12.80,75,9000,13.04
2020-01-10 14:39:00,12.35,12.35,12.35,12.35,150,9075,13.03
2020-01-10 14:46:00,11.60,11.60,11.50,11.50,375,9075,12.97
2020-01-10 14:49:00,11.35,11.35,11.35,11.35,150,9150,12.94
2020-01-10 14:52:00,11.25,11.25,11.25,11.25,75,9150,12.93
2020-01-10 14:53:00,11.50,11.50,11.50,11.50,225,9150,12.89
2020-01-10 14:54:00,11.50,11.50,11.50,11.50,75,9225,12.88
2020-01-10 14:59:00,11.20,11.20,11.20,11.20,75,9300,12.87
2020-01-10 15:01:00,11.10,11.10,11.10,11.10,150,9375,12.84
2020-01-10 15:06:00,10.75,10.75,10.75,10.75,75,9450,12.82
2020-01-10 15:09:00,10.70,10.70,10.50,10.50,450,9900,12.72
2020-01-10 15:11:00,11.00,11.00,11.00,11.00,75,9900,12.71
2020-01-10 15:13:00,10.90,10.90,10.90,10.90,75,9825,12.70
2020-01-10 15:15:00,10.80,10.80,10.80,10.80,75,9525,12.68
2020-01-10 15:17:00,10.20,10.20,10.20,10.20,1050,9525,12.46
2020-01-10 15:18:00,10.80,10.80,10.80,10.80,75,9525,12.45
2020-01-10 15:20:00,10.50,10.50,10.50,10.50,75,9675,12.43
2020-01-10 15:21:00,10.50,10.50,10.50,10.50,75,9750,12.42
2020-01-10 15:23:00,10.20,10.20,10.20,10.20,75,9750,12.41
2020-01-10 15:25:00,10.15,11.35,10.15,11.35,150,9825,12.38
2020-01-10 15:26:00,11.35,11.35,11.35,11.35,825,9825,12.31
2020-01-10 15:27:00,11.35,11.35,11.35,11.35,225,9825,12.30
2020-01-10 15:29:01,11.35,11.35,11.35,11.35,225,10800,12.28
2020-05-10 09:15:00,7.05,7.05,7.05,7.05,75,11025,7.05
2020-05-10 09:19:00,9.75,9.80,9.75,9.75,600,11025,9.45
2020-05-10 09:20:00,8.25,11.75,8.25,11.75,375,11625,9.36
2020-05-10 09:21:00,7.40,7.40,7.40,7.40,825,11625,8.67
2020-05-10 09:23:00,7.30,7.30,7.30,7.30,450,11625,8.41
2020-05-10 09:24:00,8.30,8.90,8.30,8.90,1500,11625,8.43
2020-05-10 09:26:00,7.50,8.90,7.50,8.90,300,11625,8.43
2020-05-10 09:28:00,8.90,8.90,8.35,8.40,8625,11625,8.10
2020-05-10 09:29:00,8.35,8.35,8.35,8.35,1275,17250,8.10
2020-05-10 09:30:00,8.40,8.40,8.40,8.40,150,17250,8.11
2020-05-10 09:31:00,7.85,7.95,7.85,7.95,1050,17250,8.09
2020-05-10 09:32:00,8.00,8.00,8.00,8.00,75,17250,8.09
2020-05-10 09:33:00,7.65,7.65,7.65,7.65,75,15900,8.09
2020-05-10 09:35:00,7.90,7.90,7.90,7.90,150,15975,8.09
2020-05-10 09:36:00,7.75,7.75,7.75,7.75,600,15975,8.07
2020-05-10 09:37:00,7.75,7.75,7.70,7.75,375,15975,8.07
2020-05-10 09:38:00,7.70,7.70,7.65,7.70,450,13575,8.06
2020-05-10 09:39:00,7.70,7.70,7.50,7.55,2100,13575,8.01
2020-05-10 09:40:00,7.65,7.75,7.65,7.75,450,13575,8.01
2020-05-10 09:41:00,7.75,7.75,7.75,7.75,75,14550,8.00
2020-05-10 09:42:00,7.55,7.60,7.55,7.55,450,14550,7.99
2020-05-10 09:43:00,7.60,7.60,7.60,7.60,150,14550,7.99
2020-05-10 09:44:00,7.55,7.60,7.55,7.60,525,14775,7.98
2020-05-10 09:45:00,7.65,7.65,7.50,7.50,675,14775,7.97
2020-05-10 09:46:00,7.50,7.60,7.50,7.60,600,14775,7.96
2020-05-10 09:47:00,7.65,7.65,7.65,7.65,75,14700,7.96
2020-05-10 09:48:00,7.65,7.70,7.65,7.65,525,14700,7.95
2020-05-10 09:50:00,7.60,7.60,7.55,7.60,300,14700,7.94
2020-05-10 09:54:00,7.70,7.70,7.70,7.70,150,14700,7.94
2020-05-10 09:55:00,7.70,7.70,7.70,7.70,150,14700,7.94
2020-05-10 09:56:00,7.70,7.80,7.70,7.70,225,14700,7.94
2020-05-10 09:57:00,7.70,7.70,7.70,7.70,525,14700,7.93
2020-05-10 10:01:00,7.50,7.50,7.50,7.50,75,14700,7.93
2020-05-10 10:03:00,7.55,7.65,7.55,7.65,375,14700,7.93
2020-05-10 10:04:00,7.75,7.75,7.75,7.75,150,14700,7.92
2020-05-10 10:06:00,7.55,7.55,7.55,7.55,75,14700,7.92
2020-05-10 10:07:00,7.55,7.55,7.45,7.45,675,14700,7.91
2020-05-10 10:10:00,7.50,7.55,7.50,7.55,450,14850,7.91
2020-05-10 10:11:00,7.60,7.75,7.60,7.75,300,14925,7.90
2020-05-10 10:13:00,7.75,7.95,7.75,7.95,225,14925,7.90
2020-05-10 10:17:00,7.95,7.95,7.95,7.95,75,14625,7.90
2020-05-10 10:18:00,7.95,7.95,7.95,7.95,75,14625,7.90
2020-05-10 10:19:00,7.85,7.85,7.85,7.85,75,14625,7.90
2020-05-10 10:20:00,7.90,7.90,7.90,7.90,75,14625,7.90
2020-05-10 10:21:00,7.85,7.90,7.85,7.90,150,14625,7.90
2020-05-10 10:22:00,7.95,8.00,7.95,8.00,1200,14625,7.91
2020-05-10 10:23:00,8.05,8.20,8.05,8.20,2475,15975,7.93
2020-05-10 10:24:00,8.25,8.25,8.25,8.25,150,15975,7.93
2020-05-10 10:25:00,8.20,8.25,8.20,8.20,225,15975,7.93
2020-05-10 10:26:00,8.10,8.15,8.10,8.15,150,16725,7.93
2020-05-10 10:27:00,8.35,8.35,8.25,8.25,1200,16725,7.95
2020-05-10 10:28:00,8.25,8.25,8.25,8.25,1125,16725,7.96
2020-05-10 10:29:00,8.25,8.25,8.25,8.25,75,18900,7.96
2020-05-10 10:30:00,8.30,8.30,8.30,8.30,150,18900,7.96
2020-05-10 10:33:00,8.20,8.20,8.20,8.20,150,19050,7.96
2020-05-10 10:34:00,8.25,8.25,8.25,8.25,75,19050,7.96
2020-05-10 10:35:00,8.25,8.30,8.20,8.30,900,18975,7.97
2020-05-10 10:36:00,8.25,8.25,8.25,8.25,75,18975,7.97
2020-05-10 10:38:00,8.30,8.30,8.30,8.30,1125,18975,7.98
2020-05-10 10:41:00,8.10,8.25,8.10,8.25,300,20025,7.98
2020-05-10 10:42:00,8.15,8.15,8.15,8.15,75,20025,7.98
2020-05-10 10:44:00,8.10,8.10,8.10,8.10,75,20100,7.98
2020-05-10 10:45:00,8.15,8.15,8.15,8.15,225,20100,7.98
2020-05-10 10:48:00,8.25,8.25,8.25,8.25,1050,20025,7.99
2020-05-10 10:49:00,8.20,8.20,8.20,8.20,75,20025,7.99
2020-05-10 10:50:00,8.20,8.20,8.20,8.20,75,21000,7.99
2020-05-10 10:52:00,8.25,8.30,8.25,8.25,225,21000,7.99
2020-05-10 10:53:00,8.25,8.25,8.25,8.25,150,21000,7.99
2020-05-10 10:54:00,8.25,8.35,8.25,8.35,150,21075,7.99
2020-05-10 10:55:00,8.25,8.25,8.25,8.25,75,21075,7.99
2020-05-10 10:56:00,8.25,8.30,8.25,8.30,375,21300,8.00
2020-05-10 10:57:00,8.30,8.30,8.25,8.25,150,21300,8.00
2020-05-10 10:59:00,8.30,8.35,8.30,8.35,150,21300,8.00
2020-05-10 11:00:00,8.30,8.30,8.30,8.30,75,21375,8.00
2020-05-10 11:01:00,8.35,8.35,8.25,8.25,300,21375,8.00
2020-05-10 11:05:00,8.05,8.05,7.65,7.80,1500,21525,8.00
2020-05-10 11:06:00,7.90,7.90,7.90,7.90,75,21525,8.00
2020-05-10 11:09:00,8.40,8.40,8.40,8.40,525,21900,8.00
2020-05-10 11:10:00,8.40,8.40,8.40,8.40,300,21900,8.01
2020-05-10 11:11:00,8.50,8.50,8.50,8.50,600,21675,8.01
2020-05-10 11:13:00,8.50,8.75,8.50,8.75,600,21675,8.02
2020-05-10 11:14:00,9.00,9.00,9.00,9.00,375,22275,8.03
2020-05-10 11:16:00,9.85,9.85,9.85,9.85,150,22275,8.04
2020-05-10 11:22:00,9.35,9.35,9.35,9.35,150,22350,8.04
2020-05-10 11:23:00,9.50,9.50,9.50,9.50,75,22350,8.04
2020-05-10 11:28:00,9.30,9.30,9.30,9.30,150,21450,8.05
2020-05-10 11:29:00,9.45,9.45,9.15,9.15,900,21450,8.07
2020-05-10 11:30:00,9.35,9.35,9.35,9.35,150,21450,8.08
2020-05-10 11:33:00,9.50,9.80,9.50,9.65,1125,21600,8.12
2020-05-10 11:34:00,9.80,9.80,9.80,9.80,75,21600,8.12
2020-05-10 11:39:00,9.70,9.70,9.70,9.70,375,22200,8.13
2020-05-10 11:40:00,9.95,10.55,9.55,9.55,2475,22200,8.23
2020-05-10 11:42:00,9.65,9.65,9.60,9.60,225,22125,8.24
2020-05-10 11:44:00,9.60,9.60,9.60,9.60,75,22125,8.24
2020-05-10 11:47:00,9.85,9.85,9.85,9.85,75,22125,8.24
2020-05-10 11:51:00,9.95,9.95,9.95,9.95,150,21900,8.25
2020-05-10 11:53:00,9.65,9.65,9.65,9.65,225,21900,8.25
2020-05-10 11:54:00,9.75,9.75,9.75,9.75,150,21675,8.26
2020-05-10 11:58:00,9.60,9.60,9.60,9.60,75,21750,8.26
2020-05-10 11:59:00,9.45,9.55,9.45,9.55,225,21825,8.26
2020-05-10 12:02:00,8.95,8.95,8.95,8.95,75,21825,8.27
2020-05-10 12:07:00,9.25,9.25,9.25,9.25,900,21825,8.28
2020-05-10 12:11:00,9.15,9.15,9.15,9.15,900,22500,8.30
2020-05-10 12:12:00,9.10,9.10,9.10,9.10,300,22500,8.30
2020-05-10 12:16:00,8.80,8.85,8.80,8.85,450,22500,8.31
2020-05-10 12:17:00,8.80,8.80,8.70,8.70,1725,22500,8.32
2020-05-10 12:18:00,9.00,9.00,9.00,9.00,75,24000,8.32
2020-05-10 12:27:00,8.90,8.90,8.90,8.90,225,21900,8.32
2020-05-10 12:28:00,8.65,8.65,8.65,8.65,75,21900,8.33
2020-05-10 12:31:00,8.85,8.85,8.85,8.85,75,21900,8.33
2020-05-10 12:33:00,8.85,8.85,8.85,8.85,75,21900,8.33
2020-05-10 12:35:00,8.75,8.75,8.75,8.75,75,21900,8.33
2020-05-10 12:37:00,8.55,8.55,8.55,8.55,150,21900,8.33
2020-05-10 12:38:00,8.55,8.55,8.55,8.55,150,21900,8.33
2020-05-10 12:39:00,8.60,8.60,8.60,8.60,225,21900,8.33
2020-05-10 12:41:00,8.95,8.95,8.90,8.90,525,22125,8.33
2020-05-10 12:42:00,8.95,8.95,8.95,8.95,1350,22125,8.35
2020-05-10 12:44:00,9.25,9.25,9.25,9.25,75,22125,8.35
2020-05-10 12:45:00,9.05,9.05,9.05,9.05,375,22725,8.35
2020-05-10 12:49:00,8.90,8.90,8.90,8.90,150,23025,8.36
2020-05-10 12:56:00,9.05,9.15,9.05,9.15,750,23025,8.37
2020-05-10 12:57:00,9.20,9.30,9.20,9.30,150,22875,8.37
2020-05-10 12:58:00,9.25,9.25,9.25,9.25,375,22875,8.37
2020-05-10 12:59:00,9.30,9.30,9.30,9.30,150,22875,8.38
2020-05-10 13:00:00,9.55,9.65,9.45,9.45,675,22800,8.39
2020-05-10 13:02:00,9.35,9.35,9.25,9.25,750,22800,8.40
2020-05-10 13:03:00,9.10,9.20,9.10,9.20,150,22425,8.40
2020-05-10 13:04:00,9.25,9.25,9.25,9.25,300,22425,8.41
2020-05-10 13:12:00,9.50,9.70,9.50,9.70,750,22425,8.42
2020-05-10 13:13:00,9.70,10.00,9.70,10.00,975,22425,8.45
2020-05-10 13:14:00,9.70,9.70,9.70,9.70,375,22425,8.45
2020-05-10 13:15:00,9.70,9.70,9.50,9.50,300,22350,8.46
2020-05-10 13:16:00,9.55,9.75,9.55,9.70,375,22350,8.46
2020-05-10 13:17:00,9.60,9.60,9.60,9.60,525,22350,8.47
2020-05-10 13:18:00,9.50,9.50,9.50,9.50,75,22575,8.48
2020-05-10 13:20:00,10.00,10.40,9.85,10.05,2250,22575,8.53
2020-05-10 13:21:00,10.00,10.00,10.00,10.00,75,23625,8.53
2020-05-10 13:22:00,10.05,10.05,10.05,10.05,225,23625,8.54
2020-05-10 13:24:00,10.25,10.25,10.10,10.10,375,23475,8.55
2020-05-10 13:25:00,10.05,10.20,10.05,10.20,225,23475,8.55
2020-05-10 13:27:00,10.35,10.65,10.30,10.35,1125,23400,8.59
2020-05-10 13:28:00,10.20,10.30,10.20,10.30,225,23400,8.59
2020-05-10 13:29:00,10.25,10.25,10.25,10.25,225,23400,8.60
2020-05-10 13:30:00,10.45,10.45,10.45,10.45,150,24525,8.60
2020-05-10 13:32:00,10.00,10.00,10.00,10.00,75,24525,8.60
2020-05-10 13:33:00,9.95,9.95,9.90,9.90,1125,24675,8.62
2020-05-10 13:34:00,9.35,9.35,9.35,9.35,150,24675,8.62
2020-05-10 13:35:00,9.35,9.35,9.35,9.35,375,24675,8.63
2020-05-10 13:36:00,8.65,8.65,8.65,8.65,75,24900,8.63
2020-05-10 13:37:00,9.00,9.00,9.00,9.00,75,24900,8.63
2020-05-10 13:38:00,9.05,9.05,9.05,9.05,75,24900,8.63
2020-05-10 13:40:00,8.65,8.65,8.60,8.60,1650,24750,8.63
2020-05-10 13:41:00,8.35,8.35,7.95,8.05,2175,24750,8.61
2020-05-10 13:42:00,8.20,8.20,8.20,8.20,75,24750,8.61
2020-05-10 13:45:00,8.25,8.40,8.25,8.40,300,24600,8.61
2020-05-10 13:49:00,8.10,8.10,8.10,8.10,75,24600,8.61
2020-05-10 13:50:00,8.20,8.20,8.20,8.20,75,24600,8.61
2020-05-10 13:57:00,8.60,8.80,8.60,8.80,150,24675,8.61
2020-05-10 14:00:00,7.95,7.95,7.80,7.80,375,24675,8.61
2020-05-10 14:05:00,8.20,8.20,8.20,8.20,150,24600,8.61
2020-05-10 14:06:00,8.20,8.20,8.20,8.20,75,24600,8.61
2020-05-10 14:07:00,8.05,8.05,7.90,7.90,300,24600,8.60
2020-05-10 14:13:00,8.05,8.05,7.95,7.95,150,24675,8.60
2020-05-10 14:15:00,8.20,8.20,8.20,8.20,75,24675,8.60
2020-05-10 14:16:00,8.35,8.45,8.35,8.45,525,24675,8.60
2020-05-10 14:17:00,8.40,8.40,8.30,8.30,450,24675,8.60
2020-05-10 14:18:00,8.40,8.45,8.40,8.45,450,25050,8.60
2020-05-10 14:19:00,8.50,8.50,8.50,8.50,75,25050,8.60
2020-05-10 14:20:00,8.55,8.55,8.45,8.45,450,25050,8.60
2020-05-10 14:21:00,8.35,8.45,8.35,8.45,1800,25050,8.59
2020-05-10 14:22:00,8.25,8.25,8.25,8.25,1425,25725,8.58
2020-05-10 14:23:00,8.35,8.35,8.35,8.35,375,25725,8.58
2020-05-10 14:24:00,8.30,8.30,8.30,8.30,150,25875,8.58
2020-05-10 14:25:00,8.30,8.50,8.30,8.50,525,25875,8.58
2020-05-10 14:26:00,8.35,8.35,8.35,8.35,300,25875,8.58
2020-05-10 14:27:00,8.15,8.15,7.80,7.80,1575,26100,8.57
2020-05-10 14:28:00,7.80,7.80,7.60,7.65,900,26100,8.56
2020-05-10 14:29:00,7.90,7.90,7.90,7.90,75,26100,8.56
2020-05-10 14:30:00,7.95,8.00,7.95,8.00,900,26850,8.55
2020-05-10 14:31:00,8.25,8.25,8.20,8.20,300,26850,8.55
2020-05-10 14:33:00,8.25,8.25,8.20,8.20,1125,26925,8.55
2020-05-10 14:34:00,8.20,8.25,8.20,8.25,225,26925,8.55
2020-05-10 14:35:00,8.15,8.20,8.15,8.20,225,26925,8.55
2020-05-10 14:38:00,8.15,8.20,8.15,8.20,525,27225,8.54
2020-05-10 14:40:00,7.95,7.95,7.95,7.95,300,27225,8.54
2020-05-10 14:42:00,8.00,8.00,8.00,8.00,225,27225,8.54
2020-05-10 14:43:00,7.95,7.95,7.95,7.95,75,26925,8.54
2020-05-10 14:44:00,8.15,8.15,8.15,8.15,150,26925,8.54
2020-05-10 14:45:00,8.05,8.15,8.05,8.15,225,26925,8.54
2020-05-10 14:46:00,7.95,7.95,7.95,7.95,150,26700,8.54
2020-05-10 14:47:00,7.90,7.90,7.85,7.90,225,26700,8.54
2020-05-10 14:48:00,7.90,7.90,7.90,7.90,150,26700,8.53
2020-05-10 14:49:00,8.05,8.05,8.05,8.05,75,26550,8.53
2020-05-10 14:50:00,8.10,8.10,8.10,8.10,75,26550,8.53
2020-05-10 14:52:00,8.20,8.25,8.15,8.20,675,26550,8.53
2020-05-10 14:53:00,8.10,8.10,8.10,8.10,75,26550,8.53
2020-05-10 14:54:00,8.10,8.10,8.10,8.10,75,26475,8.53
2020-05-10 14:55:00,8.15,8.15,8.15,8.15,75,26475,8.53
2020-05-10 14:56:00,8.10,8.10,8.10,8.10,75,26475,8.53
2020-05-10 14:57:00,8.15,8.15,8.15,8.15,375,26475,8.53
2020-05-10 14:58:00,8.00,8.00,7.85,8.00,4725,26475,8.50
2020-05-10 14:59:00,7.85,7.85,7.85,7.85,75,26475,8.50
2020-05-10 15:00:00,7.80,7.80,7.80,7.80,300,30225,8.50
2020-05-10 15:01:00,8.00,8.00,7.95,7.95,2400,30225,8.48
2020-05-10 15:02:00,8.00,8.00,8.00,8.00,150,30225,8.48
2020-05-10 15:05:00,7.85,7.85,7.70,7.70,300,30300,8.48
2020-05-10 15:06:00,7.75,7.75,7.75,7.75,3000,30300,8.46
2020-05-10 15:07:00,7.85,7.85,7.75,7.75,975,30225,8.45
2020-05-10 15:08:00,7.75,7.75,7.75,7.75,150,30225,8.45
2020-05-10 15:09:00,7.70,7.75,7.65,7.75,375,29700,8.45
2020-05-10 15:10:00,7.75,7.90,7.75,7.90,375,29700,8.45
2020-05-10 15:11:00,7.90,7.90,7.75,7.75,150,29700,8.45
2020-05-10 15:12:00,7.60,7.70,7.60,7.70,300,30000,8.45
2020-05-10 15:13:00,7.75,7.80,7.70,7.70,375,30000,8.44
2020-05-10 15:14:00,7.80,7.80,7.80,7.80,75,30000,8.44
2020-05-10 15:15:00,7.75,7.75,7.75,7.75,75,29700,8.44
2020-05-10 15:17:00,7.70,7.95,7.70,7.95,225,29700,8.44
2020-05-10 15:18:00,7.75,7.80,7.60,7.65,4200,32775,8.41
2020-05-10 15:19:00,7.65,7.65,7.55,7.55,1575,32775,8.40
2020-05-10 15:20:00,7.55,7.55,7.55,7.55,675,32775,8.39
2020-05-10 15:21:00,7.50,7.50,7.25,7.25,225,33225,8.39
2020-05-10 15:22:00,7.50,7.50,7.50,7.50,300,33225,8.39
2020-05-10 15:23:00,7.50,7.55,7.50,7.50,900,33225,8.38
2020-05-10 15:25:00,7.60,7.60,7.60,7.60,450,33975,8.38
2020-05-10 15:27:00,7.60,7.60,7.60,7.60,225,33975,8.38
2020-05-10 15:28:00,7.45,7.45,7.35,7.35,750,33975,8.37
2020-05-10 15:29:01,7.60,7.60,7.40,7.60,675,33975,8.37
2020-06-10 09:17:00,4.75,4.75,3.75,3.75,450,31350,4.07
2020-06-10 09:18:00,5.95,5.95,5.40,5.40,525,31350,4.85
2020-06-10 09:19:00,5.50,5.85,5.50,5.70,2025,31350,5.40
2020-06-10 09:20:00,5.75,5.90,5.70,5.75,2025,32175,5.55
2020-06-10 09:21:00,5.85,5.85,5.50,5.65,525,32175,5.56
2020-06-10 09:22:00,5.55,5.55,5.40,5.55,825,32175,5.55
2020-06-10 09:23:00,5.50,5.55,5.50,5.55,975,32175,5.55
2020-06-10 09:24:00,5.50,5.70,5.45,5.65,1575,32175,5.55
2020-06-10 09:25:00,5.70,5.80,5.55,5.65,1425,32175,5.57
2020-06-10 09:26:00,5.60,5.70,5.60,5.60,750,33225,5.57
2020-06-10 09:27:00,5.55,5.60,5.50,5.60,525,33225,5.57
2020-06-10 09:28:00,5.50,5.55,5.50,5.50,825,33225,5.57
2020-06-10 09:29:00,5.55,5.55,5.45,5.45,300,34275,5.57
2020-06-10 09:30:00,5.40,5.50,5.40,5.40,1125,34275,5.56
2020-06-10 09:31:00,5.35,5.40,5.35,5.35,300,34275,5.55
2020-06-10 09:32:00,5.30,5.50,5.30,5.50,675,34650,5.55
2020-06-10 09:33:00,5.45,5.45,5.45,5.45,75,34650,5.55
2020-06-10 09:34:00,5.50,5.50,5.40,5.50,1125,34650,5.54
2020-06-10 09:35:00,5.55,5.55,5.55,5.55,1125,35100,5.54
2020-06-10 09:36:00,5.60,5.60,5.55,5.55,225,35100,5.54
2020-06-10 09:37:00,5.45,5.55,5.45,5.50,825,35100,5.54
2020-06-10 09:38:00,5.60,5.75,5.60,5.65,600,34950,5.54
2020-06-10 09:39:00,5.75,5.75,5.75,5.75,75,34950,5.54
2020-06-10 09:40:00,5.70,5.70,5.65,5.65,150,34950,5.54
2020-06-10 09:41:00,5.60,5.65,5.55,5.65,1350,34875,5.55
2020-06-10 09:42:00,5.70,5.75,5.70,5.75,525,34875,5.55
2020-06-10 09:43:00,5.80,5.80,5.65,5.65,600,34875,5.56
2020-06-10 09:45:00,5.70,5.70,5.55,5.55,825,35850,5.56
2020-06-10 09:46:00,5.55,5.55,5.45,5.55,2625,35850,5.55
2020-06-10 09:47:00,5.55,5.55,5.45,5.45,4425,35850,5.54
2020-06-10 09:48:00,5.40,5.55,5.40,5.40,450,35850,5.53
2020-06-10 09:49:00,5.35,5.40,5.35,5.40,300,35850,5.53
2020-06-10 09:50:00,5.30,5.45,5.30,5.45,1800,35475,5.52
2020-06-10 09:52:00,5.40,5.40,5.40,5.40,2550,35475,5.51
2020-06-10 09:53:00,5.45,5.45,5.45,5.45,450,35175,5.51
2020-06-10 09:54:00,5.40,5.55,5.40,5.55,150,35175,5.51
2020-06-10 09:59:00,5.50,5.50,5.50,5.50,75,35400,5.51
2020-06-10 10:00:00,5.60,5.60,5.45,5.50,825,35400,5.51
2020-06-10 10:01:00,5.55,5.55,5.55,5.55,75,35400,5.51
2020-06-10 10:03:00,5.45,5.45,5.45,5.45,75,35550,5.51
2020-06-10 10:04:00,5.50,5.50,5.50,5.50,750,35550,5.51
2020-06-10 10:07:00,5.55,5.55,5.55,5.55,750,36375,5.51
2020-06-10 10:08:00,5.40,5.40,5.40,5.40,450,36375,5.51
2020-06-10 10:10:00,5.40,5.70,5.40,5.65,10950,36450,5.53
2020-06-10 10:15:00,5.80,5.80,5.80,5.80,450,45750,5.54
2020-06-10 10:20:00,5.95,5.95,5.95,5.95,300,40575,5.54
2020-06-10 10:21:00,5.90,5.90,5.80,5.80,225,40800,5.54
2020-06-10 10:23:00,5.70,5.70,5.70,5.70,600,40800,5.54
2020-06-10 10:24:00,5.65,5.65,5.60,5.60,225,40800,5.54
2020-06-10 10:25:00,5.60,5.60,5.60,5.60,75,40800,5.54
2020-06-10 10:26:00,5.80,5.80,5.80,5.80,525,40950,5.54
2020-06-10 10:32:00,5.90,5.90,5.90,5.90,75,41175,5.55
2020-06-10 10:34:00,5.85,5.85,5.85,5.85,75,41250,5.55
2020-06-10 10:35:00,6.00,6.00,5.80,5.80,675,41475,5.55
2020-06-10 10:36:00,5.75,5.75,5.70,5.75,300,41475,5.55
2020-06-10 10:37:00,5.75,5.85,5.75,5.85,300,41475,5.55
2020-06-10 10:38:00,5.85,5.85,5.85,5.85,75,41475,5.55
2020-06-10 10:39:00,5.80,5.80,5.80,5.80,450,41850,5.55
2020-06-10 10:40:00,5.85,5.95,5.85,5.95,825,41850,5.56
2020-06-10 10:41:00,5.70,5.70,5.70,5.70,150,41850,5.56
2020-06-10 10:42:00,5.75,5.75,5.75,5.75,225,42600,5.56
2020-06-10 10:44:00,5.85,5.85,5.85,5.85,225,42600,5.56
2020-06-10 10:45:00,5.75,5.90,5.75,5.90,1725,42600,5.57
2020-06-10 10:46:00,5.85,5.85,5.85,5.85,150,42600,5.57
2020-06-10 10:47:00,5.90,5.90,5.90,5.90,150,44100,5.57
2020-06-10 10:48:00,5.85,5.85,5.85,5.85,75,44100,5.57
2020-06-10 10:49:00,5.85,5.85,5.85,5.85,75,44100,5.57
2020-06-10 10:50:00,5.85,5.85,5.85,5.85,75,44100,5.57
2020-06-10 10:51:00,5.90,6.00,5.90,6.00,975,44100,5.58
2020-06-10 10:52:00,6.00,6.05,6.00,6.00,525,44100,5.58
2020-06-10 10:53:00,6.05,6.05,6.05,6.05,150,44100,5.59
2020-06-10 10:54:00,6.00,6.00,6.00,6.00,150,44175,5.59
2020-06-10 10:55:00,6.10,6.10,6.10,6.10,225,44175,5.59
2020-06-10 10:56:00,6.15,6.15,6.05,6.05,150,44100,5.59
2020-06-10 10:58:00,6.15,6.15,6.15,6.15,150,44100,5.59
2020-06-10 11:00:00,6.05,6.10,6.05,6.10,1575,44100,5.60
2020-06-10 11:01:00,6.10,6.15,6.10,6.15,150,44100,5.61
2020-06-10 11:03:00,6.00,6.00,6.00,6.00,525,42825,5.61
2020-06-10 11:04:00,5.90,5.95,5.90,5.95,150,42825,5.61
2020-06-10 11:05:00,5.85,5.90,5.85,5.90,300,42675,5.61
2020-06-10 11:08:00,5.90,5.90,5.90,5.90,75,42675,5.61
2020-06-10 11:09:00,6.15,6.15,6.15,6.15,1575,42525,5.62
2020-06-10 11:10:00,6.15,6.15,6.15,6.15,225,42525,5.63
2020-06-10 11:11:00,6.20,6.25,6.20,6.25,4800,46275,5.67
2020-06-10 11:12:00,6.25,6.25,6.25,6.25,1275,46275,5.68
2020-06-10 11:13:00,6.25,6.30,6.20,6.20,600,46275,5.68
2020-06-10 11:15:00,6.10,6.10,6.10,6.10,150,48225,5.68
2020-06-10 11:20:00,6.15,6.15,6.15,6.15,225,45300,5.68
2020-06-10 11:22:00,6.20,6.20,6.20,6.20,600,45300,5.69
2020-06-10 11:23:00,6.20,6.20,6.20,6.20,150,45300,5.69
2020-06-10 11:26:00,6.40,6.40,6.40,6.40,75,45300,5.69
2020-06-10 11:27:00,6.35,6.40,6.35,6.40,225,45300,5.69
2020-06-10 11:29:00,6.25,6.25,6.25,6.25,300,45450,5.69
2020-06-10 11:32:00,6.25,6.25,6.25,6.25,300,45450,5.70
2020-06-10 11:33:00,6.45,6.45,6.45,6.45,75,45675,5.70
2020-06-10 11:36:00,6.40,6.40,6.40,6.40,75,45675,5.70
2020-06-10 11:37:00,6.30,6.30,6.30,6.30,75,45675,5.70
2020-06-10 11:38:00,6.25,6.25,6.20,6.20,975,45675,5.70
2020-06-10 11:39:00,6.25,6.25,6.25,6.25,975,46200,5.71
2020-06-10 11:40:00,6.25,6.25,6.20,6.20,675,46200,5.72
2020-06-10 11:41:00,6.30,6.30,6.30,6.30,150,46200,5.72
2020-06-10 11:42:00,6.30,6.30,6.30,6.30,300,48000,5.72
2020-06-10 11:43:00,6.30,6.30,6.30,6.30,150,48000,5.72
2020-06-10 11:44:00,6.25,6.25,6.25,6.25,75,48000,5.72
2020-06-10 11:47:00,6.30,6.30,6.30,6.30,525,48375,5.73
2020-06-10 11:48:00,6.30,6.30,6.30,6.30,375,48375,5.73
2020-06-10 11:49:00,6.20,6.20,6.20,6.20,75,48375,5.73
2020-06-10 11:52:00,5.95,5.95,5.95,5.95,600,47925,5.73
2020-06-10 11:55:00,6.05,6.05,6.05,6.05,2175,48150,5.74
2020-06-10 11:56:00,6.05,6.10,6.05,6.10,675,48150,5.74
2020-06-10 12:00:00,6.10,6.10,6.00,6.00,600,48750,5.74
2020-06-10 12:03:00,6.05,6.05,6.00,6.00,975,48750,5.75
2020-06-10 12:05:00,6.20,6.20,6.00,6.00,900,48750,5.75
2020-06-10 12:06:00,6.10,6.25,6.10,6.25,1050,49500,5.76
2020-06-10 12:07:00,6.10,6.10,6.05,6.05,525,49500,5.76
2020-06-10 12:10:00,6.10,6.10,6.10,6.10,75,48825,5.76
2020-06-10 12:11:00,6.10,6.10,6.10,6.10,150,48825,5.76
2020-06-10 12:13:00,6.10,6.10,6.05,6.05,900,48600,5.76
2020-06-10 12:14:00,6.15,6.15,6.05,6.10,1350,48600,5.77
2020-06-10 12:15:00,6.20,6.25,6.20,6.25,750,48150,5.77
2020-06-10 12:16:00,6.20,6.20,6.15,6.15,525,48150,5.77
2020-06-10 12:17:00,6.30,6.30,6.30,6.30,75,48150,5.77
2020-06-10 12:18:00,6.20,6.20,6.20,6.20,150,47925,5.77
2020-06-10 12:22:00,6.10,6.15,6.10,6.15,300,47925,5.78
2020-06-10 12:23:00,6.25,6.25,6.10,6.10,525,47925,5.78
2020-06-10 12:33:00,5.90,5.90,5.90,5.90,375,48300,5.78
2020-06-10 12:35:00,5.95,5.95,5.95,5.95,150,48300,5.78
2020-06-10 12:41:00,6.10,6.10,6.10,6.10,375,48750,5.78
2020-06-10 12:44:00,5.95,5.95,5.95,5.95,150,48675,5.78
2020-06-10 12:47:00,6.05,6.05,6.05,6.05,600,48750,5.78
2020-06-10 12:48:00,6.05,6.20,6.05,6.15,300,49275,5.78
2020-06-10 12:49:00,6.05,6.05,6.05,6.05,75,49275,5.78
2020-06-10 12:52:00,6.15,6.20,6.15,6.20,375,49425,5.79
2020-06-10 12:53:00,6.20,6.20,6.20,6.20,375,49500,5.79
2020-06-10 12:56:00,6.05,6.05,5.95,5.95,375,49500,5.79
2020-06-10 13:00:00,6.05,6.05,6.05,6.05,75,49425,5.79
2020-06-10 13:04:00,5.90,5.90,5.90,5.90,450,48900,5.79
2020-06-10 13:05:00,5.85,5.85,5.85,5.85,225,48900,5.79
2020-06-10 13:07:00,5.85,5.85,5.85,5.85,150,49200,5.79
2020-06-10 13:08:00,5.70,5.70,5.70,5.70,375,49200,5.79
2020-06-10 13:09:00,5.80,5.80,5.80,5.80,75,49125,5.79
2020-06-10 13:16:00,5.85,5.85,5.85,5.85,525,48675,5.79
2020-06-10 13:17:00,5.70,5.70,5.70,5.70,225,48675,5.79
2020-06-10 13:27:00,5.70,5.75,5.70,5.75,1050,48975,5.79
2020-06-10 13:28:00,5.80,5.80,5.70,5.70,900,48975,5.79
2020-06-10 13:29:00,5.80,5.85,5.80,5.85,1125,48975,5.79
2020-06-10 13:33:00,6.05,6.05,6.05,6.05,150,50700,5.79
2020-06-10 13:40:00,6.00,6.00,6.00,6.00,300,49725,5.79
2020-06-10 13:44:00,5.75,5.80,5.75,5.80,900,50025,5.79
2020-06-10 13:46:00,5.70,5.70,5.70,5.70,150,50250,5.79
2020-06-10 13:47:00,5.60,5.70,5.60,5.70,675,50250,5.79
2020-06-10 13:48:00,5.70,5.70,5.70,5.70,300,50250,5.79
2020-06-10 13:49:00,5.70,5.70,5.70,5.70,750,50250,5.79
2020-06-10 13:50:00,5.70,5.70,5.70,5.70,225,50250,5.79
2020-06-10 13:58:00,5.70,5.70,5.70,5.70,75,50250,5.79
2020-06-10 14:05:00,5.55,5.55,5.55,5.55,150,50250,5.79
2020-06-10 14:10:00,5.65,5.65,5.65,5.65,300,50250,5.79
2020-06-10 14:11:00,5.65,5.65,5.60,5.60,1275,50250,5.78
2020-06-10 14:12:00,5.65,5.65,5.65,5.65,150,50250,5.78
2020-06-10 14:13:00,5.70,5.70,5.70,5.70,225,51750,5.78
2020-06-10 14:14:00,5.75,5.75,5.75,5.75,75,51750,5.78
2020-06-10 14:15:00,5.70,5.70,5.70,5.70,225,51525,5.78
2020-06-10 14:17:00,5.60,5.60,5.60,5.60,75,51525,5.78
2020-06-10 14:20:00,5.60,5.60,5.60,5.60,75,51675,5.78
2020-06-10 14:21:00,5.55,5.55,5.50,5.50,150,51675,5.78
2020-06-10 14:25:00,5.45,5.45,5.45,5.45,75,51675,5.78
2020-06-10 14:26:00,5.55,5.55,5.50,5.50,375,51675,5.78
2020-06-10 14:27:00,5.15,5.15,5.15,5.15,75,51600,5.78
2020-06-10 14:28:00,5.20,5.20,5.20,5.20,150,51600,5.78
2020-06-10 14:30:00,5.30,5.30,5.10,5.15,900,51750,5.78
2020-06-10 14:31:00,5.15,5.30,5.15,5.30,300,51750,5.77
2020-06-10 14:34:00,5.05,5.15,5.05,5.10,525,52425,5.77
2020-06-10 14:35:00,5.00,5.10,5.00,5.10,900,52425,5.76
2020-06-10 14:36:00,5.10,5.10,5.05,5.05,525,53550,5.76
2020-06-10 14:37:00,5.05,5.05,5.05,5.05,75,53550,5.76
2020-06-10 14:39:00,5.20,5.20,5.05,5.05,600,53925,5.76
2020-06-10 14:40:00,5.10,5.10,5.10,5.10,225,53925,5.76
2020-06-10 14:43:00,5.30,5.30,5.30,5.30,75,52800,5.76
2020-06-10 14:45:00,5.30,5.30,5.30,5.30,75,51675,5.75
2020-06-10 14:47:00,5.35,5.35,5.20,5.20,375,51675,5.75
2020-06-10 14:48:00,5.35,5.35,5.35,5.35,75,51525,5.75
2020-06-10 14:50:00,5.25,5.25,5.25,5.25,225,51525,5.75
2020-06-10 14:52:00,5.25,5.35,5.20,5.20,825,51600,5.75
2020-06-10 14:54:00,5.45,5.45,5.45,5.45,75,51675,5.75
2020-06-10 15:00:00,5.20,5.20,5.20,5.20,150,51750,5.75
2020-06-10 15:01:00,5.10,5.10,5.10,5.10,225,51750,5.75
2020-06-10 15:02:00,5.30,5.30,5.30,5.30,300,51750,5.74
2020-06-10 15:03:00,5.40,5.40,5.20,5.20,1275,51300,5.74
2020-06-10 15:06:00,5.50,5.50,5.45,5.50,525,50550,5.74
2020-06-10 15:07:00,5.35,5.50,5.35,5.50,300,50550,5.74
2020-06-10 15:08:00,5.35,5.35,5.35,5.35,225,50550,5.74
2020-06-10 15:10:00,5.45,5.45,5.45,5.45,450,50400,5.74
2020-06-10 15:11:00,5.30,5.35,5.30,5.35,300,50400,5.73
2020-06-10 15:12:00,5.20,5.20,5.20,5.20,75,50325,5.73
2020-06-10 15:17:00,5.30,5.35,5.10,5.35,375,50325,5.73
2020-06-10 15:18:00,5.35,5.35,5.35,5.35,375,50100,5.73
2020-06-10 15:19:00,5.15,5.15,5.15,5.15,150,50100,5.73
2020-06-10 15:20:00,5.35,5.35,5.20,5.20,825,50100,5.73
2020-06-10 15:21:00,5.15,5.15,5.00,5.05,1575,49500,5.72
2020-06-10 15:22:00,5.00,5.05,5.00,5.05,300,49500,5.72
2020-06-10 15:23:00,5.20,5.20,5.05,5.05,375,49500,5.72
2020-06-10 15:24:00,5.15,5.15,4.95,5.15,900,49875,5.71
2020-06-10 15:25:00,5.00,5.20,5.00,5.20,1050,49875,5.70
2020-06-10 15:26:00,5.05,5.10,4.75,5.10,3000,49875,5.69
2020-06-10 15:27:00,5.10,5.10,5.05,5.05,1050,50175,5.68
2020-06-10 15:28:00,5.00,5.00,4.85,4.85,600,50175,5.68
2020-06-10 15:29:01,4.70,4.70,4.70,4.70,75,50175,5.68
2020-07-10 09:15:00,4.50,4.50,4.50,4.50,75,50550,4.50
2020-07-10 09:16:00,5.25,5.25,5.25,5.25,75,50550,4.87
2020-07-10 09:17:00,5.10,5.10,4.95,4.95,1275,50850,4.96
2020-07-10 09:18:00,5.05,5.30,4.95,4.95,675,50850,5.02
2020-07-10 09:19:00,4.80,4.80,4.80,4.80,150,50850,5.00
2020-07-10 09:21:00,4.85,4.95,4.80,4.80,375,49800,4.98
2020-07-10 09:22:00,4.90,4.90,4.90,4.90,375,49800,4.97
2020-07-10 09:23:00,4.95,4.95,4.90,4.90,150,49800,4.97
2020-07-10 09:24:00,5.10,5.10,5.05,5.05,300,50100,4.98
2020-07-10 09:25:00,5.10,5.10,5.10,5.10,375,50100,4.99
2020-07-10 09:26:00,5.15,5.15,5.05,5.15,2625,51750,5.04
2020-07-10 09:27:00,5.25,5.25,5.25,5.25,150,51750,5.05
2020-07-10 09:28:00,5.20,5.25,5.15,5.25,450,51750,5.05
2020-07-10 09:29:00,5.30,5.35,5.25,5.35,1575,52125,5.09
2020-07-10 09:30:00,5.30,5.40,5.30,5.30,1725,52125,5.13
2020-07-10 09:31:00,5.30,5.35,5.30,5.30,750,52125,5.14
2020-07-10 09:32:00,5.25,5.30,5.25,5.30,600,52125,5.15
2020-07-10 09:33:00,5.25,5.25,5.25,5.25,75,52500,5.15
2020-07-10 09:34:00,5.30,5.30,5.30,5.30,75,52500,5.15
2020-07-10 09:35:00,5.30,5.30,5.20,5.25,300,52425,5.15
2020-07-10 09:36:00,5.15,5.15,5.15,5.15,75,52425,5.15
2020-07-10 09:37:00,5.15,5.20,5.15,5.20,450,52425,5.15
2020-07-10 09:39:00,5.15,5.15,5.00,5.00,1800,52050,5.14
2020-07-10 09:40:00,5.05,5.10,5.00,5.10,900,52050,5.14
2020-07-10 09:41:00,5.10,5.20,5.00,5.10,1875,52875,5.13
2020-07-10 09:42:00,5.10,5.10,5.10,5.10,150,52875,5.13
2020-07-10 09:43:00,5.10,5.10,5.05,5.05,1050,52875,5.13
2020-07-10 09:44:00,5.05,5.10,5.05,5.10,375,55125,5.13
2020-07-10 09:45:00,5.00,5.05,4.85,4.85,1200,55125,5.12
2020-07-10 09:46:00,4.95,5.00,4.85,4.85,375,55125,5.11
2020-07-10 09:49:00,5.05,5.15,5.05,5.10,225,55875,5.11
2020-07-10 09:50:00,4.95,5.10,4.95,5.10,375,55950,5.11
2020-07-10 09:51:00,5.05,5.05,5.05,5.05,375,55950,5.11
2020-07-10 09:52:00,5.10,5.10,4.95,4.95,525,55950,5.11
2020-07-10 09:53:00,5.10,5.10,4.95,5.00,1050,55800,5.10
2020-07-10 09:54:00,5.00,5.10,5.00,5.10,750,55800,5.10
2020-07-10 09:55:00,5.10,5.15,5.05,5.15,975,55800,5.10
2020-07-10 09:56:00,5.10,5.15,5.10,5.15,450,55725,5.10
2020-07-10 09:57:00,5.15,5.15,5.15,5.15,300,55725,5.10
2020-07-10 09:58:00,5.20,5.20,5.20,5.20,75,55725,5.10
2020-07-10 09:59:00,5.20,5.25,5.20,5.25,1200,55575,5.11
2020-07-10 10:00:00,5.05,5.05,5.05,5.05,75,55575,5.11
2020-07-10 10:01:00,5.15,5.20,5.15,5.15,675,55575,5.11
2020-07-10 10:02:00,5.20,5.20,5.20,5.20,1500,55575,5.11
2020-07-10 10:03:00,5.15,5.20,4.90,4.95,3525,56550,5.11
2020-07-10 10:04:00,4.95,4.95,4.95,4.95,225,56550,5.11
2020-07-10 10:05:00,5.05,5.10,5.05,5.10,225,56550,5.11
2020-07-10 10:06:00,5.10,5.10,5.05,5.05,675,57525,5.11
2020-07-10 10:07:00,5.10,5.10,5.05,5.05,675,57525,5.11
2020-07-10 10:08:00,5.05,5.05,4.90,4.95,1500,59625,5.10
2020-07-10 10:09:00,4.90,4.95,4.90,4.95,300,59625,5.10
2020-07-10 10:11:00,4.95,4.95,4.95,4.95,75,59625,5.10
2020-07-10 10:13:00,4.95,5.05,4.95,5.05,225,59625,5.10
2020-07-10 10:14:00,5.05,5.05,4.95,4.95,300,59925,5.10
2020-07-10 10:15:00,4.95,4.95,4.90,4.90,525,59925,5.10
2020-07-10 10:17:00,4.90,4.95,4.90,4.95,1200,60525,5.09
2020-07-10 10:19:00,4.95,4.95,4.95,4.95,225,60525,5.09
2020-07-10 10:20:00,5.00,5.00,5.00,5.00,375,61725,5.09
2020-07-10 10:21:00,5.05,5.05,5.05,5.05,75,61725,5.09
2020-07-10 10:22:00,5.10,5.10,5.05,5.05,375,61725,5.09
2020-07-10 10:23:00,5.05,5.05,5.05,5.05,75,62175,5.09
2020-07-10 10:25:00,5.05,5.05,4.90,5.00,1800,62175,5.09
2020-07-10 10:26:00,5.10,5.10,5.05,5.05,450,62925,5.09
2020-07-10 10:27:00,5.05,5.10,5.05,5.10,2925,62925,5.09
2020-07-10 10:28:00,5.05,5.10,5.05,5.05,1125,62925,5.08
2020-07-10 10:29:00,5.00,5.00,5.00,5.00,375,62925,5.08
2020-07-10 10:30:00,5.00,5.00,5.00,5.00,225,66975,5.08
2020-07-10 10:31:00,5.10,5.10,5.10,5.10,900,66975,5.08
2020-07-10 10:32:00,5.15,5.15,5.15,5.15,525,66525,5.09
2020-07-10 10:33:00,5.10,5.10,5.10,5.10,225,66525,5.09
2020-07-10 10:35:00,5.10,5.10,5.10,5.10,375,66525,5.09
2020-07-10 10:38:00,5.20,5.20,5.20,5.20,150,67275,5.09
2020-07-10 10:39:00,5.25,5.25,5.25,5.25,150,65625,5.09
2020-07-10 10:40:00,5.25,5.25,5.25,5.25,1500,65625,5.09
2020-07-10 10:41:00,5.20,5.20,5.20,5.20,150,65625,5.09
2020-07-10 10:42:00,5.25,5.25,5.25,5.25,1125,66975,5.09
2020-07-10 10:44:00,5.30,5.30,5.30,5.30,225,66000,5.10
2020-07-10 10:45:00,5.15,5.15,5.15,5.15,675,0,5.10
2020-07-10 10:46:00,5.15,5.15,5.15,5.15,300,66000,5.10
2020-07-10 10:52:00,5.25,5.40,5.25,5.40,600,66375,5.10
2020-07-10 10:53:00,5.35,5.35,5.35,5.35,525,66375,5.10
2020-07-10 10:55:00,5.35,5.50,5.35,5.50,1200,66000,5.11
2020-07-10 10:56:00,5.45,5.55,5.40,5.55,900,66000,5.12
2020-07-10 10:57:00,5.50,5.50,5.40,5.40,225,66000,5.12
2020-07-10 10:58:00,5.25,5.30,5.20,5.30,1125,66000,5.12
2020-07-10 11:00:00,5.20,5.20,5.20,5.20,2025,66000,5.12
2020-07-10 11:01:00,5.05,5.10,5.05,5.05,1575,66000,5.12
2020-07-10 11:02:00,5.05,5.15,5.00,5.10,2250,68400,5.12
2020-07-10 11:03:00,5.10,5.15,5.05,5.05,975,68400,5.12
2020-07-10 11:04:00,5.10,5.15,5.05,5.05,2250,68400,5.12
2020-07-10 11:05:00,5.05,5.05,4.95,4.95,1275,71550,5.11
2020-07-10 11:06:00,5.10,5.15,5.05,5.10,1425,71550,5.11
2020-07-10 11:07:00,5.10,5.10,5.10,5.10,375,71550,5.11
2020-07-10 11:08:00,5.10,5.10,5.00,5.00,2025,71550,5.11
2020-07-10 11:09:00,4.95,4.95,4.95,4.95,75,74175,5.11
2020-07-10 11:13:00,4.90,4.90,4.90,4.90,300,74175,5.11
2020-07-10 11:15:00,4.80,4.80,4.80,4.80,1125,73875,5.11
2020-07-10 11:16:00,4.85,4.85,4.85,4.85,300,73875,5.10
2020-07-10 11:17:00,4.80,4.95,4.80,4.95,1050,73875,5.10
2020-07-10 11:19:00,4.95,4.95,4.95,4.95,1500,76200,5.10
2020-07-10 11:20:00,5.00,5.00,4.80,4.90,3525,79275,5.09
2020-07-10 11:22:00,4.80,4.80,4.80,4.80,150,79275,5.09
2020-07-10 11:23:00,4.75,4.80,4.75,4.80,225,78825,5.09
2020-07-10 11:24:00,4.80,4.80,4.80,4.80,225,78825,5.09
2020-07-10 11:25:00,4.80,4.80,4.80,4.80,225,78825,5.09
2020-07-10 11:26:00,4.75,4.75,4.70,4.70,300,78825,5.09
2020-07-10 11:27:00,4.65,4.65,4.55,4.65,525,78975,5.08
2020-07-10 11:31:00,4.60,4.60,4.60,4.60,225,78525,5.08
2020-07-10 11:35:00,4.70,4.75,4.65,4.75,1650,77475,5.07
2020-07-10 11:36:00,4.80,4.90,4.80,4.90,1875,77475,5.07
2020-07-10 11:41:00,4.95,4.95,4.90,4.90,150,79125,5.07
2020-07-10 11:42:00,4.90,4.90,4.90,4.90,1200,79125,5.06
2020-07-10 11:43:00,4.80,4.95,4.80,4.95,2250,79125,5.06
2020-07-10 11:44:00,5.00,5.00,4.95,5.00,975,81900,5.06
2020-07-10 11:45:00,5.00,5.00,5.00,5.00,2475,81900,5.06
2020-07-10 11:46:00,4.95,4.95,4.95,4.95,600,81900,5.06
2020-07-10 11:47:00,4.95,4.95,4.95,4.95,150,0,5.06
2020-07-10 11:51:00,5.00,5.00,5.00,5.00,525,84375,5.06
2020-07-10 11:52:00,5.00,5.00,5.00,5.00,225,84375,5.06
2020-07-10 11:55:00,4.95,4.95,4.95,4.95,75,84525,5.06
2020-07-10 11:59:00,4.90,4.90,4.90,4.90,750,84525,5.06
2020-07-10 12:00:00,4.85,4.90,4.80,4.80,450,84375,5.05
2020-07-10 12:01:00,4.80,4.80,4.80,4.80,75,84375,5.05
2020-07-10 12:02:00,4.80,4.80,4.80,4.80,225,84375,5.05
2020-07-10 12:05:00,4.55,4.60,4.50,4.60,600,84900,5.05
2020-07-10 12:07:00,4.65,4.65,4.65,4.65,75,84975,5.05
2020-07-10 12:14:00,4.70,4.70,4.60,4.65,1725,86475,5.04
2020-07-10 12:15:00,4.70,4.70,4.70,4.70,225,86475,5.04
2020-07-10 12:16:00,4.65,4.65,4.65,4.65,75,86475,5.04
2020-07-10 12:17:00,4.60,4.60,4.60,4.60,225,86475,5.04
2020-07-10 12:18:00,4.60,4.60,4.55,4.55,225,86700,5.04
2020-07-10 12:20:00,4.60,4.60,4.60,4.60,150,86775,5.04
2020-07-10 12:21:00,4.55,4.55,4.50,4.50,2625,86775,5.03
2020-07-10 12:22:00,4.45,4.45,4.45,4.45,225,86775,5.03
2020-07-10 12:23:00,4.50,4.50,4.45,4.45,150,86775,5.02
2020-07-10 12:25:00,4.55,4.55,4.55,4.55,375,89325,5.02
2020-07-10 12:26:00,4.50,4.50,4.50,4.50,75,89325,5.02
2020-07-10 12:27:00,4.50,4.55,4.50,4.55,1050,89400,5.02
2020-07-10 12:28:00,4.55,4.55,4.50,4.50,300,89400,5.02
2020-07-10 12:30:00,4.45,4.45,4.45,4.45,450,90675,5.01
2020-07-10 12:31:00,4.40,4.40,4.30,4.40,900,90675,5.01
2020-07-10 12:32:00,4.45,4.50,4.45,4.50,300,90675,5.01
2020-07-10 12:35:00,4.60,4.60,4.60,4.60,225,90825,5.01
2020-07-10 12:37:00,4.50,4.50,4.50,4.50,150,90825,5.00
2020-07-10 12:39:00,4.60,4.60,4.60,4.60,225,90900,5.00
2020-07-10 12:43:00,4.65,4.65,4.65,4.65,225,90675,5.00
2020-07-10 12:44:00,4.65,4.65,4.50,4.50,150,90675,5.00
2020-07-10 12:45:00,4.70,4.70,4.70,4.70,450,90450,5.00
2020-07-10 12:46:00,4.75,4.75,4.75,4.75,450,90450,5.00
2020-07-10 12:47:00,4.70,4.80,4.70,4.80,750,90450,5.00
2020-07-10 12:48:00,4.75,4.80,4.75,4.75,1725,90000,4.99
2020-07-10 12:50:00,4.70,4.70,4.70,4.70,825,89550,4.99
2020-07-10 12:51:00,4.65,4.65,4.60,4.60,375,89550,4.99
2020-07-10 12:52:00,4.80,4.80,4.80,4.80,750,89550,4.99
2020-07-10 12:53:00,4.90,4.90,4.90,4.90,1275,89550,4.99
2020-07-10 12:54:00,4.90,4.90,4.90,4.90,750,91425,4.99
2020-07-10 12:55:00,4.90,4.95,4.90,4.95,1050,91425,4.99
2020-07-10 12:56:00,4.95,5.00,4.95,5.00,975,91425,4.99
2020-07-10 12:57:00,5.00,5.00,4.85,4.90,1575,92775,4.99
2020-07-10 12:58:00,4.95,4.95,4.95,4.95,450,92775,4.99
2020-07-10 13:01:00,4.95,4.95,4.85,4.85,225,93375,4.99
2020-07-10 13:05:00,4.90,4.90,4.90,4.90,75,93450,4.99
2020-07-10 13:06:00,4.90,4.90,4.90,4.90,225,93375,4.99
2020-07-10 13:09:00,4.75,4.75,4.75,4.75,600,93225,4.98
2020-07-10 13:12:00,4.55,4.55,4.55,4.55,75,93225,4.98
2020-07-10 13:13:00,4.70,4.70,4.70,4.70,525,93225,4.98
2020-07-10 13:14:00,4.65,4.65,4.65,4.65,75,93225,4.98
2020-07-10 13:18:00,4.60,4.65,4.60,4.65,1050,93225,4.98
2020-07-10 13:20:00,4.55,4.55,4.50,4.50,1050,93225,4.98
2020-07-10 13:21:00,4.60,4.60,4.60,4.60,2100,95100,4.97
2020-07-10 13:24:00,4.60,4.65,4.60,4.65,525,96000,4.97
2020-07-10 13:25:00,4.55,4.65,4.55,4.65,300,96000,4.97
2020-07-10 13:26:00,4.70,4.70,4.70,4.70,75,96000,4.97
2020-07-10 13:28:00,4.60,4.65,4.60,4.65,525,94950,4.97
2020-07-10 13:30:00,4.70,4.70,4.70,4.70,75,95100,4.97
2020-07-10 13:32:00,4.75,4.75,4.70,4.75,3075,95100,4.96
2020-07-10 13:33:00,4.75,4.75,4.75,4.75,1500,96075,4.96
2020-07-10 13:34:00,4.75,4.75,4.75,4.75,3525,96075,4.95
2020-07-10 13:35:00,4.75,4.75,4.75,4.75,600,96075,4.95
2020-07-10 13:37:00,4.65,4.65,4.65,4.65,525,96675,4.95
2020-07-10 13:38:00,4.70,4.70,4.70,4.70,150,96675,4.95
2020-07-10 13:39:00,4.65,4.65,4.65,4.65,225,96750,4.95
2020-07-10 13:43:00,4.65,4.65,4.65,4.65,300,96600,4.95
2020-07-10 13:46:00,4.70,4.70,4.70,4.70,150,96600,4.95
2020-07-10 13:47:00,4.65,4.70,4.65,4.70,450,96600,4.95
2020-07-10 13:49:00,4.60,4.70,4.60,4.70,975,96150,4.94
2020-07-10 13:55:00,4.45,4.50,4.45,4.45,675,95175,4.94
2020-07-10 13:59:00,4.50,4.50,4.45,4.45,975,95550,4.94
2020-07-10 14:00:00,4.45,4.45,4.45,4.45,75,95100,4.94
2020-07-10 14:01:00,4.50,4.50,4.45,4.45,1050,95100,4.93
2020-07-10 14:06:00,4.40,4.40,4.20,4.20,750,95025,4.93
2020-07-10 14:07:00,4.25,4.25,4.25,4.25,150,0,4.93
2020-07-10 14:09:00,4.25,4.25,4.10,4.10,825,94875,4.93
2020-07-10 14:15:00,4.30,4.30,4.30,4.30,75,95025,4.93
2020-07-10 14:16:00,4.20,4.25,4.20,4.25,525,95025,4.92
2020-07-10 14:17:00,4.30,4.30,4.30,4.30,75,95025,4.92
2020-07-10 14:19:00,4.35,4.35,4.35,4.35,150,95100,4.92
2020-07-10 14:20:00,4.35,4.35,4.35,4.35,75,95100,4.92
2020-07-10 14:22:00,4.40,4.40,4.35,4.35,300,95100,4.92
2020-07-10 14:27:00,4.20,4.20,4.20,4.20,450,94350,4.92
2020-07-10 14:28:00,4.25,4.25,4.25,4.25,375,94350,4.92
2020-07-10 14:30:00,4.20,4.20,4.05,4.05,675,93600,4.91
2020-07-10 14:31:00,4.05,4.05,3.90,3.90,2250,93600,4.90
2020-07-10 14:36:00,3.80,3.80,3.80,3.80,375,93600,4.90
2020-07-10 14:37:00,3.75,3.75,3.75,3.75,75,93600,4.89
2020-07-10 14:42:00,3.95,3.95,3.95,3.95,75,93375,4.89
2020-07-10 14:44:00,3.85,3.85,3.85,3.85,75,92700,4.89
2020-07-10 14:45:00,3.85,3.95,3.85,3.95,450,92700,4.89
2020-07-10 14:46:00,3.85,3.95,3.85,3.90,1275,92850,4.88
2020-07-10 14:48:00,3.95,3.95,3.95,3.95,375,93750,4.88
2020-07-10 14:49:00,3.90,3.90,3.90,3.90,825,93750,4.87
2020-07-10 14:50:00,3.90,3.90,3.75,3.75,300,93750,4.87
2020-07-10 14:51:00,3.80,3.80,3.80,3.80,750,93900,4.87
2020-07-10 14:55:00,3.80,3.80,3.80,3.80,150,93900,4.87
2020-07-10 14:58:00,3.75,3.75,3.75,3.75,150,93900,4.86
2020-07-10 15:01:00,3.85,3.85,3.85,3.85,75,93825,4.86
2020-07-10 15:03:00,3.90,3.90,3.90,3.90,75,93825,4.86
2020-07-10 15:06:00,3.85,3.85,3.85,3.85,300,93825,4.86
2020-07-10 15:07:00,3.95,3.95,3.95,3.95,450,93825,4.86
2020-07-10 15:08:00,3.95,3.95,3.95,3.95,750,93825,4.85
2020-07-10 15:09:00,4.00,4.00,4.00,4.00,2100,94125,4.84
2020-07-10 15:10:00,4.00,4.05,3.95,4.00,1950,94125,4.83
2020-07-10 15:11:00,4.00,4.00,4.00,4.00,75,94125,4.83
2020-07-10 15:13:00,4.10,4.10,4.10,4.10,375,95775,4.83
2020-07-10 15:14:00,4.10,4.10,4.10,4.10,150,95775,4.83
2020-07-10 15:16:00,4.15,4.20,4.15,4.20,300,95850,4.83
2020-07-10 15:17:00,4.20,4.20,4.15,4.15,750,95850,4.82
2020-07-10 15:18:00,4.20,4.20,4.05,4.05,1425,96075,4.82
2020-07-10 15:20:00,4.10,4.10,4.10,4.10,300,96075,4.82
2020-07-10 15:21:00,4.05,4.10,4.05,4.10,975,96375,4.81
2020-07-10 15:22:00,4.00,4.05,4.00,4.05,300,96375,4.81
2020-07-10 15:23:00,4.05,4.05,4.05,4.05,225,96375,4.81
2020-07-10 15:24:00,3.95,3.95,3.85,3.85,225,96825,4.81
2020-07-10 15:25:00,3.80,4.00,3.80,4.00,375,96825,4.81
2020-07-10 15:26:00,3.80,3.90,3.80,3.80,675,96825,4.80
2020-07-10 15:27:00,3.80,3.90,3.80,3.90,6000,96825,4.77
2020-07-10 15:28:00,3.85,4.15,3.85,4.15,450,101700,4.77
2020-07-10 15:29:01,3.70,3.70,3.60,3.70,225,101700,4.77
2020-08-10 09:15:00,3.10,3.10,2.65,2.65,675,93900,2.87
2020-08-10 09:16:00,3.30,3.35,3.25,3.35,1050,93900,3.13
2020-08-10 09:17:00,3.25,3.30,3.00,3.00,1650,93825,3.16
2020-08-10 09:18:00,2.95,2.95,2.85,2.85,675,93825,3.12
2020-08-10 09:19:00,2.80,2.80,2.75,2.75,2100,93825,3.00
2020-08-10 09:20:00,2.70,2.70,2.60,2.60,675,92775,2.97
2020-08-10 09:21:00,2.70,2.70,2.60,2.60,3750,92775,2.84
2020-08-10 09:22:00,2.65,2.75,2.65,2.75,3075,92775,2.80
2020-08-10 09:24:00,2.65,2.70,2.65,2.70,225,92250,2.80
2020-08-10 09:25:00,2.70,2.70,2.55,2.55,750,92250,2.79
2020-08-10 09:26:00,2.60,2.80,2.60,2.80,900,92475,2.78
2020-08-10 09:27:00,2.75,2.80,2.70,2.75,2175,92475,2.77
2020-08-10 09:28:00,3.00,3.00,3.00,3.00,300,92475,2.78
2020-08-10 09:29:00,3.15,3.25,3.10,3.25,9825,92400,2.91
2020-08-10 09:30:00,3.20,3.25,3.15,3.25,3600,92400,2.95
2020-08-10 09:31:00,3.25,3.30,3.20,3.25,1950,92400,2.96
2020-08-10 09:32:00,3.25,3.40,3.25,3.30,3525,90375,3.00
2020-08-10 09:33:00,3.40,3.40,3.30,3.30,525,90375,3.00
2020-08-10 09:34:00,3.40,3.50,3.40,3.50,1050,90375,3.01
2020-08-10 09:35:00,3.50,3.60,3.45,3.50,3300,88125,3.05
2020-08-10 09:36:00,3.50,3.65,3.50,3.60,5850,88125,3.12
2020-08-10 09:37:00,3.50,3.60,3.50,3.60,5400,88125,3.16
2020-08-10 09:38:00,3.55,3.60,3.50,3.55,1425,88200,3.17
2020-08-10 09:39:00,3.55,3.60,3.50,3.50,3000,88200,3.19
2020-08-10 09:40:00,3.50,3.60,3.50,3.60,2100,88200,3.20
2020-08-10 09:41:00,3.55,3.65,3.50,3.65,3225,87900,3.22
2020-08-10 09:42:00,3.55,3.60,3.45,3.60,2850,87900,3.23
2020-08-10 09:43:00,3.70,3.75,3.55,3.70,4575,87900,3.26
2020-08-10 09:44:00,3.70,3.75,3.55,3.60,2475,92625,3.27
2020-08-10 09:45:00,3.60,3.60,3.60,3.60,300,92625,3.27
2020-08-10 09:46:00,3.65,3.65,3.55,3.60,3000,92625,3.29
2020-08-10 09:47:00,3.60,3.60,3.55,3.55,4500,93750,3.30
2020-08-10 09:48:00,3.50,3.55,3.50,3.55,2625,93750,3.31
2020-08-10 09:49:00,3.50,3.55,3.50,3.50,3975,93750,3.32
2020-08-10 09:50:00,3.55,3.55,3.50,3.55,2025,98925,3.32
2020-08-10 09:51:00,3.50,3.55,3.45,3.55,5175,98925,3.33
2020-08-10 09:52:00,3.60,3.60,3.60,3.60,75,98925,3.33
2020-08-10 09:53:00,3.55,3.55,3.45,3.50,1950,102525,3.34
2020-08-10 09:54:00,3.50,3.50,3.50,3.50,2475,102525,3.34
2020-08-10 09:55:00,3.45,3.45,3.45,3.45,75,102525,3.34
2020-08-10 09:56:00,3.50,3.50,3.45,3.45,1500,105000,3.34
2020-08-10 09:57:00,3.50,3.50,3.50,3.50,825,105000,3.34
2020-08-10 09:58:00,3.45,3.50,3.45,3.50,3525,105000,3.35
2020-08-10 09:59:00,3.50,3.55,3.50,3.50,5700,111450,3.36
2020-08-10 10:00:00,3.50,3.50,3.50,3.50,750,111450,3.36
2020-08-10 10:01:00,3.50,3.50,3.50,3.50,2475,111450,3.36
2020-08-10 10:02:00,3.50,3.50,3.50,3.50,975,117900,3.36
2020-08-10 10:03:00,3.50,3.50,3.50,3.50,1350,117900,3.36
2020-08-10 10:04:00,3.50,3.50,3.40,3.40,1050,117900,3.36
2020-08-10 10:05:00,3.40,3.50,3.40,3.40,5325,121125,3.37
2020-08-10 10:06:00,3.45,3.50,3.35,3.35,1200,121125,3.37
2020-08-10 10:07:00,3.35,3.35,3.35,3.35,1050,121125,3.37
2020-08-10 10:09:00,3.40,3.40,3.40,3.40,375,121425,3.37
2020-08-10 10:10:00,3.40,3.40,3.30,3.30,600,121425,3.37
2020-08-10 10:11:00,3.35,3.35,3.35,3.35,450,121425,3.37
2020-08-10 10:12:00,3.30,3.35,3.30,3.35,1200,121425,3.37
2020-08-10 10:13:00,3.40,3.40,3.35,3.35,1050,121425,3.37
2020-08-10 10:14:00,3.25,3.35,3.25,3.35,675,122550,3.37
2020-08-10 10:15:00,3.25,3.35,3.25,3.35,2100,122550,3.37
2020-08-10 10:16:00,3.25,3.30,3.25,3.30,1350,122550,3.36
2020-08-10 10:17:00,3.25,3.25,3.25,3.25,2550,124950,3.36
2020-08-10 10:18:00,3.25,3.25,3.15,3.15,11400,124950,3.35
2020-08-10 10:19:00,3.15,3.15,2.95,3.05,4950,124950,3.34
2020-08-10 10:20:00,3.10,3.15,3.10,3.15,975,124725,3.34
2020-08-10 10:22:00,3.10,3.10,3.10,3.10,225,124725,3.34
2020-08-10 10:23:00,3.10,3.20,3.10,3.20,375,124725,3.34
2020-08-10 10:24:00,3.20,3.20,3.15,3.20,825,124500,3.34
2020-08-10 10:25:00,3.20,3.20,3.20,3.20,525,124500,3.34
2020-08-10 10:26:00,3.25,3.25,3.20,3.20,900,124575,3.33
2020-08-10 10:27:00,3.25,3.25,3.25,3.25,2475,124575,3.33
2020-08-10 10:28:00,3.25,3.25,3.25,3.25,225,124575,3.33
2020-08-10 10:29:00,3.15,3.15,3.15,3.15,600,126225,3.33
2020-08-10 10:31:00,3.20,3.20,3.20,3.20,300,126225,3.33
2020-08-10 10:32:00,3.20,3.20,3.20,3.20,300,126225,3.33
2020-08-10 10:33:00,3.15,3.15,3.15,3.15,375,125775,3.33
2020-08-10 10:35:00,3.15,3.15,3.15,3.15,225,126150,3.33
2020-08-10 10:36:00,3.15,3.15,3.15,3.15,675,126150,3.33
2020-08-10 10:37:00,3.20,3.20,3.10,3.15,2100,126150,3.33
2020-08-10 10:38:00,3.15,3.15,3.15,3.15,150,127500,3.33
2020-08-10 10:39:00,3.15,3.20,3.15,3.20,600,127500,3.33
2020-08-10 10:40:00,3.15,3.20,3.15,3.15,1350,127500,3.33
2020-08-10 10:41:00,3.15,3.20,3.15,3.20,300,127500,3.33
2020-08-10 10:42:00,3.25,3.25,3.25,3.25,225,127050,3.33
2020-08-10 10:44:00,3.15,3.20,3.15,3.20,375,127275,3.32
2020-08-10 10:45:00,3.15,3.20,3.15,3.20,1200,127275,3.32
2020-08-10 10:46:00,3.25,3.25,3.25,3.25,600,127275,3.32
2020-08-10 10:47:00,3.25,3.25,3.25,3.25,675,128250,3.32
2020-08-10 10:48:00,3.30,3.30,3.30,3.30,1875,128250,3.32
2020-08-10 10:49:00,3.25,3.25,3.25,3.25,1275,128250,3.32
2020-08-10 10:50:00,3.25,3.25,3.20,3.25,1050,132075,3.32
2020-08-10 10:51:00,3.25,3.25,3.20,3.20,2625,132075,3.32
2020-08-10 10:52:00,3.15,3.25,3.15,3.25,825,132075,3.32
2020-08-10 10:53:00,3.25,3.25,3.20,3.20,900,133350,3.32
2020-08-10 10:55:00,3.25,3.25,3.25,3.25,1500,133350,3.32
2020-08-10 10:57:00,3.25,3.25,3.10,3.10,4200,135075,3.31
2020-08-10 10:58:00,3.25,3.25,3.20,3.25,1575,135075,3.31
2020-08-10 10:59:00,3.20,3.20,3.20,3.20,75,136650,3.31
2020-08-10 11:00:00,3.20,3.20,3.20,3.20,75,136650,3.31
2020-08-10 11:02:00,3.15,3.20,3.15,3.20,2100,137475,3.31
2020-08-10 11:03:00,3.25,3.25,3.25,3.25,825,137475,3.31
2020-08-10 11:04:00,3.25,3.25,3.15,3.15,1275,137475,3.31
2020-08-10 11:05:00,3.15,3.20,3.15,3.20,1050,137250,3.31
2020-08-10 11:06:00,3.15,3.15,3.15,3.15,450,137250,3.31
2020-08-10 11:07:00,3.15,3.15,3.15,3.15,900,137250,3.31
2020-08-10 11:08:00,3.20,3.20,3.15,3.15,1200,137400,3.31
2020-08-10 11:10:00,3.15,3.15,3.15,3.15,75,137400,3.31
2020-08-10 11:11:00,3.20,3.20,3.20,3.20,375,137100,3.31
2020-08-10 11:12:00,3.25,3.25,3.20,3.20,300,137100,3.31
2020-08-10 11:15:00,3.20,3.20,3.20,3.20,225,137475,3.31
2020-08-10 11:16:00,3.20,3.20,3.20,3.20,75,137475,3.31
2020-08-10 11:18:00,3.15,3.15,3.15,3.15,300,137625,3.31
2020-08-10 11:19:00,3.20,3.20,3.20,3.20,150,137625,3.31
2020-08-10 11:22:00,3.25,3.25,3.25,3.25,225,137550,3.31
2020-08-10 11:23:00,3.20,3.20,3.20,3.20,150,137550,3.31
2020-08-10 11:25:00,3.25,3.25,3.20,3.25,450,137550,3.31
2020-08-10 11:26:00,3.20,3.25,3.20,3.25,1350,137550,3.31
2020-08-10 11:27:00,3.20,3.20,3.20,3.20,750,138075,3.31
2020-08-10 11:29:00,3.25,3.25,3.25,3.25,150,138075,3.31
2020-08-10 11:30:00,3.20,3.20,3.20,3.20,75,137700,3.31
2020-08-10 11:31:00,3.25,3.25,3.25,3.25,225,137700,3.31
2020-08-10 11:34:00,3.20,3.20,3.20,3.20,1125,137925,3.31
2020-08-10 11:36:00,3.15,3.15,3.15,3.15,825,137025,3.30
2020-08-10 11:37:00,3.20,3.25,3.20,3.25,2775,137025,3.30
2020-08-10 11:38:00,3.25,3.25,3.25,3.25,75,137025,3.30
2020-08-10 11:39:00,3.15,3.15,3.15,3.15,1500,137400,3.30
2020-08-10 11:40:00,3.20,3.20,3.15,3.20,600,137400,3.30
2020-08-10 11:45:00,3.20,3.20,3.20,3.20,900,138525,3.30
2020-08-10 11:47:00,3.25,3.25,3.20,3.20,525,138000,3.30
2020-08-10 11:48:00,3.25,3.25,3.25,3.25,300,138000,3.30
2020-08-10 11:53:00,3.20,3.30,3.20,3.25,1425,138150,3.30
2020-08-10 11:54:00,3.25,3.25,3.25,3.25,1425,137925,3.30
2020-08-10 11:55:00,3.25,3.25,3.25,3.25,1500,137925,3.30
2020-08-10 11:56:00,3.25,3.25,3.20,3.20,2025,140475,3.30
2020-08-10 11:57:00,3.20,3.20,3.20,3.20,750,140475,3.30
2020-08-10 11:58:00,3.15,3.15,3.15,3.15,75,140475,3.30
2020-08-10 11:59:00,3.15,3.15,3.15,3.15,375,140475,3.30
2020-08-10 12:00:00,3.25,3.25,3.20,3.20,2850,139875,3.30
2020-08-10 12:01:00,3.25,3.25,3.25,3.25,600,139875,3.30
2020-08-10 12:05:00,3.20,3.20,3.20,3.20,525,142500,3.30
2020-08-10 12:09:00,3.15,3.15,3.15,3.15,75,142350,3.30
2020-08-10 12:13:00,3.20,3.20,3.20,3.20,375,142350,3.30
2020-08-10 12:17:00,3.15,3.15,3.15,3.15,225,142650,3.30
2020-08-10 12:18:00,3.10,3.10,3.10,3.10,600,142500,3.30
2020-08-10 12:19:00,3.10,3.10,3.10,3.10,600,142500,3.30
2020-08-10 12:20:00,3.10,3.15,3.10,3.15,1275,143025,3.30
2020-08-10 12:21:00,3.15,3.15,3.15,3.15,375,143025,3.29
2020-08-10 12:22:00,3.10,3.10,3.10,3.10,150,143025,3.29
2020-08-10 12:23:00,3.20,3.20,3.20,3.20,1125,143025,3.29
2020-08-10 12:27:00,3.15,3.15,3.15,3.15,150,144375,3.29
2020-08-10 12:28:00,3.20,3.20,3.20,3.20,150,144375,3.29
2020-08-10 12:29:00,3.15,3.15,3.15,3.15,150,144375,3.29
2020-08-10 12:36:00,3.00,3.00,3.00,3.00,300,144450,3.29
2020-08-10 12:37:00,3.00,3.00,3.00,3.00,675,144450,3.29
2020-08-10 12:38:00,3.00,3.00,3.00,3.00,1350,144450,3.29
2020-08-10 12:39:00,2.95,2.95,2.95,2.95,75,146475,3.29
2020-08-10 12:40:00,3.00,3.00,3.00,3.00,2550,146475,3.29
2020-08-10 12:41:00,3.00,3.05,3.00,3.00,5850,154425,3.28
2020-08-10 12:42:00,3.00,3.00,3.00,3.00,7125,154425,3.27
2020-08-10 12:43:00,3.00,3.05,3.00,3.05,3750,154425,3.27
2020-08-10 12:44:00,3.00,3.05,3.00,3.00,5025,154425,3.26
2020-08-10 12:45:00,3.00,3.00,3.00,3.00,975,169050,3.26
2020-08-10 12:47:00,3.00,3.05,2.95,3.00,9300,169050,3.25
2020-08-10 12:48:00,3.00,3.05,3.00,3.00,5850,178350,3.25
2020-08-10 12:49:00,2.95,2.95,2.95,2.95,75,178350,3.25
2020-08-10 12:51:00,3.00,3.00,2.95,2.95,600,183675,3.25
2020-08-10 12:52:00,2.95,3.00,2.95,3.00,225,183675,3.24
2020-08-10 12:53:00,3.00,3.00,3.00,3.00,225,183675,3.24
2020-08-10 12:54:00,2.95,3.00,2.95,3.00,2475,184725,3.24
2020-08-10 12:55:00,3.00,3.05,3.00,3.05,2925,184725,3.24
2020-08-10 12:56:00,3.00,3.00,3.00,3.00,2250,184725,3.24
2020-08-10 12:57:00,3.00,3.00,3.00,3.00,450,191325,3.24
2020-08-10 12:58:00,3.00,3.00,3.00,3.00,675,191325,3.24
2020-08-10 12:59:00,3.00,3.05,3.00,3.00,525,191325,3.24
2020-08-10 13:00:00,3.00,3.00,3.00,3.00,375,192675,3.24
2020-08-10 13:01:00,3.10,3.10,3.10,3.10,3825,192675,3.23
2020-08-10 13:02:00,3.10,3.15,3.05,3.15,4725,192675,3.23
2020-08-10 13:03:00,3.15,3.15,3.10,3.15,2400,195600,3.23
2020-08-10 13:04:00,3.20,3.20,3.15,3.15,6375,195600,3.23
2020-08-10 13:05:00,3.15,3.15,3.15,3.15,150,195600,3.23
2020-08-10 13:06:00,3.15,3.20,3.10,3.10,1950,199125,3.23
2020-08-10 13:07:00,3.05,3.10,3.05,3.05,975,199125,3.23
2020-08-10 13:08:00,3.05,3.15,3.05,3.10,750,199125,3.23
2020-08-10 13:09:00,3.10,3.15,3.10,3.10,225,199125,3.23
2020-08-10 13:10:00,3.10,3.15,3.10,3.15,375,199125,3.23
2020-08-10 13:11:00,3.15,3.15,3.15,3.15,900,199125,3.23
2020-08-10 13:12:00,3.15,3.25,3.15,3.20,675,199425,3.23
2020-08-10 13:13:00,3.20,3.20,3.20,3.20,75,199425,3.23
2020-08-10 13:14:00,3.25,3.25,3.20,3.20,375,199425,3.23
2020-08-10 13:15:00,3.20,3.20,3.20,3.20,675,199500,3.23
2020-08-10 13:17:00,3.20,3.20,3.20,3.20,375,199500,3.23
2020-08-10 13:18:00,3.25,3.25,3.20,3.20,675,199275,3.23
2020-08-10 13:19:00,3.30,3.30,3.30,3.30,225,199275,3.23
2020-08-10 13:20:00,3.20,3.20,3.20,3.20,450,199275,3.23
2020-08-10 13:22:00,3.20,3.20,3.15,3.15,225,199125,3.23
2020-08-10 13:23:00,3.20,3.20,3.20,3.20,750,199125,3.23
2020-08-10 13:24:00,3.20,3.20,3.20,3.20,675,199125,3.23
2020-08-10 13:26:00,3.25,3.25,3.20,3.20,750,199125,3.23
2020-08-10 13:27:00,3.15,3.15,3.15,3.15,450,199125,3.23
2020-08-10 13:30:00,3.10,3.10,3.10,3.10,600,199125,3.23
2020-08-10 13:31:00,3.05,3.10,3.05,3.10,375,199125,3.23
2020-08-10 13:32:00,3.05,3.05,3.00,3.00,225,199125,3.23
2020-08-10 13:33:00,3.05,3.05,3.00,3.00,150,199125,3.23
2020-08-10 13:34:00,3.05,3.05,3.05,3.05,300,199125,3.23
2020-08-10 13:35:00,3.05,3.05,3.05,3.05,150,199125,3.23
2020-08-10 13:38:00,3.10,3.10,3.10,3.10,75,199125,3.23
2020-08-10 13:39:00,3.15,3.20,3.10,3.20,3075,199125,3.23
2020-08-10 13:40:00,3.20,3.20,3.20,3.20,75,199125,3.23
2020-08-10 13:42:00,3.15,3.15,3.15,3.15,600,199275,3.23
2020-08-10 13:43:00,3.10,3.15,3.10,3.15,1200,199275,3.23
2020-08-10 13:46:00,3.10,3.10,3.10,3.10,150,199275,3.23
2020-08-10 13:47:00,3.10,3.10,3.10,3.10,225,199275,3.23
2020-08-10 13:48:00,3.15,3.25,3.15,3.25,1275,199425,3.23
2020-08-10 13:49:00,3.20,3.20,3.20,3.20,75,199425,3.23
2020-08-10 13:52:00,3.25,3.25,3.25,3.25,300,199950,3.23
2020-08-10 13:53:00,3.25,3.25,3.25,3.25,450,199950,3.23
2020-08-10 13:54:00,3.30,3.30,3.25,3.25,1050,199800,3.23
2020-08-10 13:55:00,3.25,3.30,3.25,3.30,300,199800,3.23
2020-08-10 13:56:00,3.35,3.35,3.20,3.20,525,199800,3.23
2020-08-10 13:57:00,3.20,3.25,3.15,3.25,3750,199650,3.23
2020-08-10 13:58:00,3.20,3.30,3.20,3.25,1350,199650,3.23
2020-08-10 14:02:00,3.35,3.35,3.35,3.35,75,199650,3.23
2020-08-10 14:03:00,3.30,3.30,3.30,3.30,150,199650,3.23
2020-08-10 14:07:00,3.35,3.35,3.35,3.35,150,199800,3.23
2020-08-10 14:08:00,3.35,3.35,3.35,3.35,75,199800,3.23
2020-08-10 14:09:00,3.35,3.35,3.30,3.35,450,199800,3.23
2020-08-10 14:11:00,3.25,3.35,3.25,3.35,525,199800,3.23
2020-08-10 14:12:00,3.25,3.25,3.25,3.25,75,199725,3.23
2020-08-10 14:14:00,3.30,3.30,3.30,3.30,900,199725,3.23
2020-08-10 14:17:00,3.30,3.35,3.30,3.35,150,199650,3.23
2020-08-10 14:18:00,3.30,3.30,3.30,3.30,225,199500,3.23
2020-08-10 14:20:00,3.25,3.35,3.25,3.35,4875,199500,3.23
2020-08-10 14:21:00,3.30,3.30,3.30,3.30,675,202725,3.23
2020-08-10 14:23:00,3.25,3.30,3.25,3.30,600,202725,3.23
2020-08-10 14:24:00,3.25,3.25,3.25,3.25,150,202725,3.23
2020-08-10 14:25:00,3.30,3.30,3.25,3.25,525,199650,3.23
2020-08-10 14:26:00,3.25,3.25,3.25,3.25,450,199650,3.23
2020-08-10 14:28:00,3.30,3.30,3.30,3.30,300,199425,3.23
2020-08-10 14:29:00,3.25,3.30,3.25,3.25,1125,199425,3.23
2020-08-10 14:30:00,3.30,3.35,3.30,3.30,2850,199875,3.23
2020-08-10 14:31:00,3.35,3.35,3.35,3.35,1125,199875,3.23
2020-08-10 14:32:00,3.35,3.35,3.30,3.35,600,199875,3.23
2020-08-10 14:33:00,3.35,3.35,3.35,3.35,75,199875,3.23
2020-08-10 14:34:00,3.35,3.35,3.35,3.35,150,200925,3.23
2020-08-10 14:35:00,3.35,3.40,3.30,3.40,2025,200925,3.23
2020-08-10 14:36:00,3.30,3.40,3.30,3.30,7350,201600,3.23
2020-08-10 14:37:00,3.25,3.30,3.20,3.20,1725,201600,3.23
2020-08-10 14:38:00,3.20,3.25,3.20,3.20,1575,201600,3.23
2020-08-10 14:39:00,3.30,3.30,3.30,3.30,225,201600,3.23
2020-08-10 14:41:00,3.25,3.35,3.20,3.25,2700,202350,3.23
2020-08-10 14:42:00,3.25,3.25,3.25,3.25,3075,202575,3.23
2020-08-10 14:43:00,3.30,3.30,3.20,3.20,2400,202575,3.23
2020-08-10 14:44:00,3.35,3.35,3.30,3.30,825,202575,3.23
2020-08-10 14:45:00,3.30,3.35,3.25,3.25,1500,201150,3.23
2020-08-10 14:46:00,3.30,3.35,3.30,3.30,3000,201150,3.23
2020-08-10 14:47:00,3.35,3.40,3.35,3.40,2475,201150,3.24
2020-08-10 14:48:00,3.40,3.40,3.35,3.35,1800,200550,3.24
2020-08-10 14:49:00,3.25,3.30,3.25,3.30,1125,200550,3.24
2020-08-10 14:50:00,3.30,3.30,3.25,3.30,1350,200550,3.24
2020-08-10 14:51:00,3.35,3.35,3.35,3.35,2475,202500,3.24
2020-08-10 14:52:00,3.35,3.35,3.25,3.25,1200,202500,3.24
2020-08-10 14:53:00,3.30,3.30,3.30,3.30,300,202500,3.24
2020-08-10 14:54:00,3.30,3.30,3.25,3.25,1575,202800,3.24
2020-08-10 14:55:00,3.20,3.20,3.20,3.20,900,202800,3.24
2020-08-10 14:56:00,3.25,3.25,3.25,3.25,1500,202800,3.24
2020-08-10 14:57:00,3.25,3.25,3.25,3.25,450,203475,3.24
2020-08-10 14:58:00,3.25,3.25,3.25,3.25,225,203475,3.24
2020-08-10 14:59:00,3.25,3.30,3.25,3.30,2850,203475,3.24
2020-08-10 15:00:00,3.30,3.30,3.20,3.25,2550,205800,3.24
2020-08-10 15:01:00,3.20,3.25,3.15,3.15,1425,205800,3.24
2020-08-10 15:02:00,3.20,3.25,3.20,3.20,375,205800,3.24
2020-08-10 15:03:00,3.20,3.20,3.20,3.20,1425,204150,3.24
2020-08-10 15:04:00,3.20,3.20,3.15,3.15,5325,204150,3.24
2020-08-10 15:05:00,3.15,3.15,3.10,3.10,5625,204150,3.23
2020-08-10 15:06:00,3.05,3.10,2.95,2.95,3675,208125,3.23
2020-08-10 15:08:00,3.00,3.00,2.90,2.95,2700,208125,3.23
2020-08-10 15:09:00,2.95,2.95,2.90,2.95,675,207075,3.23
2020-08-10 15:10:00,2.95,3.00,2.85,2.95,3750,207075,3.23
2020-08-10 15:11:00,3.00,3.00,3.00,3.00,4425,207075,3.22
2020-08-10 15:12:00,2.95,2.95,2.90,2.90,1200,212550,3.22
2020-08-10 15:13:00,2.90,2.95,2.90,2.90,12000,212550,3.21
2020-08-10 15:14:00,2.90,2.90,2.85,2.85,4650,212550,3.21
2020-08-10 15:15:00,2.85,2.85,2.80,2.80,8100,224250,3.20
2020-08-10 15:16:00,2.85,2.90,2.85,2.90,2700,224250,3.20
2020-08-10 15:17:00,2.85,2.90,2.85,2.90,8625,224250,3.20
2020-08-10 15:18:00,2.90,3.00,2.85,2.85,11100,241050,3.19
2020-08-10 15:19:00,2.95,2.95,2.90,2.90,1500,241050,3.19
2020-08-10 15:20:00,2.90,2.90,2.90,2.90,11850,241050,3.18
2020-08-10 15:21:00,2.85,2.90,2.85,2.90,11625,254550,3.17
2020-08-10 15:22:00,2.90,2.90,2.85,2.90,8100,254550,3.17
2020-08-10 15:23:00,2.90,2.90,2.85,2.90,5475,254550,3.17
2020-08-10 15:24:00,2.90,2.90,2.80,2.90,5475,270750,3.16
2020-08-10 15:25:00,2.80,2.95,2.75,2.95,27675,270750,3.14
2020-08-10 15:26:00,2.90,3.00,2.80,2.95,52275,270750,3.13
2020-08-10 15:27:00,2.95,3.10,2.95,3.10,45075,313500,3.12
2020-08-10 15:28:00,3.00,3.00,2.90,2.90,6750,313500,3.12
2020-08-10 15:29:01,2.90,3.10,2.70,3.10,33075,313500,3.10
2020-09-10 09:15:00,3.35,3.35,2.10,2.65,9825,315825,2.55
2020-09-10 09:16:00,2.55,2.60,2.55,2.60,9675,315825,2.55
2020-09-10 09:17:00,2.55,2.55,2.55,2.55,2475,316650,2.55
2020-09-10 09:18:00,2.55,2.60,2.55,2.55,10125,316650,2.55
2020-09-10 09:19:00,2.55,2.55,2.50,2.50,6750,316650,2.55
2020-09-10 09:20:00,2.50,2.55,2.50,2.55,2475,309975,2.54
2020-09-10 09:22:00,2.55,2.60,2.55,2.55,1725,309975,2.54
2020-09-10 09:23:00,2.60,2.60,2.60,2.60,975,309975,2.55
2020-09-10 09:24:00,2.55,2.60,2.55,2.60,1875,309975,2.55
2020-09-10 09:25:00,2.55,2.55,2.55,2.55,1950,309975,2.55
2020-09-10 09:26:00,2.60,2.60,2.55,2.55,1950,307650,2.55
2020-09-10 09:27:00,2.55,2.55,2.55,2.55,7800,307650,2.55
2020-09-10 09:28:00,2.55,2.55,2.55,2.55,900,307650,2.55
2020-09-10 09:29:00,2.50,2.55,2.50,2.55,1950,307275,2.55
2020-09-10 09:30:00,2.55,2.60,2.55,2.60,1950,307275,2.55
2020-09-10 09:31:00,2.60,2.65,2.60,2.65,4875,307275,2.55
2020-09-10 09:32:00,2.65,2.70,2.65,2.70,7200,309000,2.56
2020-09-10 09:33:00,2.65,2.75,2.65,2.70,1275,309000,2.56
2020-09-10 09:34:00,2.70,2.70,2.65,2.70,4050,309000,2.57
2020-09-10 09:35:00,2.70,2.75,2.70,2.70,3825,310575,2.58
2020-09-10 09:36:00,2.75,2.80,2.75,2.75,3900,310575,2.59
2020-09-10 09:37:00,2.75,2.85,2.75,2.80,4200,310575,2.60
2020-09-10 09:38:00,2.80,2.80,2.75,2.75,3600,309750,2.60
2020-09-10 09:39:00,2.80,2.85,2.80,2.85,8250,309750,2.62
2020-09-10 09:40:00,2.85,2.90,2.80,2.85,12150,309750,2.64
2020-09-10 09:41:00,2.85,2.85,2.80,2.80,3300,302925,2.65
2020-09-10 09:42:00,2.80,2.85,2.80,2.85,3750,302925,2.65
2020-09-10 09:43:00,2.75,2.85,2.75,2.85,3300,302925,2.65
2020-09-10 09:44:00,2.85,2.90,2.85,2.85,3525,305925,2.66
2020-09-10 09:45:00,2.85,2.95,2.85,2.95,11175,305925,2.68
2020-09-10 09:46:00,2.95,2.95,2.90,2.90,7725,305925,2.69
2020-09-10 09:47:00,2.85,2.85,2.85,2.85,3150,308325,2.69
2020-09-10 09:48:00,2.85,2.85,2.80,2.80,6075,308325,2.70
2020-09-10 09:50:00,2.80,2.80,2.80,2.80,3450,307950,2.70
2020-09-10 09:51:00,2.80,2.85,2.80,2.80,2850,307950,2.70
2020-09-10 09:52:00,2.80,2.85,2.75,2.80,3375,307950,2.70
2020-09-10 09:53:00,2.80,2.80,2.75,2.75,1725,310875,2.71
2020-09-10 09:54:00,2.75,2.80,2.75,2.80,1725,310875,2.71
2020-09-10 09:55:00,2.75,2.75,2.75,2.75,1350,310875,2.71
2020-09-10 09:56:00,2.75,2.85,2.70,2.70,10125,309000,2.71
2020-09-10 09:57:00,2.75,2.75,2.75,2.75,75,309000,2.71
2020-09-10 09:58:00,2.75,2.80,2.75,2.80,375,309000,2.71
2020-09-10 09:59:00,2.70,2.70,2.70,2.70,225,309525,2.71
2020-09-10 10:00:00,2.80,2.80,2.75,2.75,1200,309525,2.71
2020-09-10 10:01:00,2.75,2.75,2.70,2.70,4800,309525,2.71
2020-09-10 10:02:00,2.70,2.70,2.70,2.70,75,306600,2.71
2020-09-10 10:03:00,2.70,2.80,2.70,2.75,2850,306600,2.71
2020-09-10 10:04:00,2.80,2.80,2.70,2.70,5025,306600,2.71
2020-09-10 10:05:00,2.75,2.75,2.75,2.75,150,310575,2.71
2020-09-10 10:06:00,2.70,2.70,2.70,2.70,4800,310575,2.71
2020-09-10 10:07:00,2.70,2.75,2.60,2.65,3600,310575,2.71
2020-09-10 10:08:00,2.65,2.65,2.65,2.65,1425,313125,2.71
2020-09-10 10:09:00,2.70,2.70,2.65,2.65,750,313125,2.71
2020-09-10 10:10:00,2.75,2.75,2.65,2.65,2925,313125,2.71
2020-09-10 10:11:00,2.65,2.65,2.65,2.65,750,313875,2.71
2020-09-10 10:12:00,2.65,2.70,2.65,2.70,1500,313875,2.71
2020-09-10 10:13:00,2.65,2.65,2.65,2.65,975,313875,2.71
2020-09-10 10:15:00,2.65,2.65,2.60,2.60,4650,312225,2.71
2020-09-10 10:16:00,2.60,2.65,2.55,2.55,3075,312225,2.70
2020-09-10 10:17:00,2.60,2.60,2.60,2.60,750,306750,2.70
2020-09-10 10:18:00,2.60,2.60,2.60,2.60,600,306750,2.70
2020-09-10 10:20:00,2.60,2.60,2.55,2.55,1650,306300,2.70
2020-09-10 10:21:00,2.55,2.60,2.55,2.60,1350,306300,2.70
2020-09-10 10:22:00,2.60,2.60,2.60,2.60,1125,306300,2.70
2020-09-10 10:23:00,2.55,2.60,2.55,2.60,2475,306000,2.70
2020-09-10 10:24:00,2.60,2.60,2.55,2.60,1050,306000,2.70
2020-09-10 10:25:00,2.60,2.60,2.60,2.60,900,306000,2.70
2020-09-10 10:26:00,2.60,2.70,2.60,2.70,225,306900,2.70
2020-09-10 10:27:00,2.65,2.65,2.65,2.65,750,306900,2.70
2020-09-10 10:28:00,2.60,2.65,2.60,2.65,2175,306900,2.70
2020-09-10 10:29:00,2.65,2.80,2.65,2.70,1125,307500,2.70
2020-09-10 10:30:00,2.60,2.60,2.60,2.60,1950,307500,2.70
2020-09-10 10:31:00,2.60,2.60,2.55,2.55,1350,307500,2.70
2020-09-10 10:32:00,2.50,2.50,2.50,2.50,225,306075,2.70
2020-09-10 10:33:00,2.50,2.50,2.45,2.45,6075,306075,2.69
2020-09-10 10:34:00,2.45,2.50,2.45,2.45,14025,306075,2.68
2020-09-10 10:35:00,2.45,2.45,2.45,2.45,3900,315825,2.67
2020-09-10 10:36:00,2.45,2.45,2.45,2.45,7200,315825,2.67
2020-09-10 10:37:00,2.50,2.50,2.45,2.50,15975,315825,2.66
2020-09-10 10:38:00,2.50,2.50,2.45,2.45,975,330375,2.65
2020-09-10 10:39:00,2.45,2.45,2.40,2.45,1875,330375,2.65
2020-09-10 10:40:00,2.45,2.45,2.35,2.40,10050,330375,2.64
2020-09-10 10:41:00,2.40,2.40,2.40,2.40,675,330375,2.64
2020-09-10 10:42:00,2.45,2.45,2.45,2.45,600,332175,2.64
2020-09-10 10:43:00,2.45,2.45,2.35,2.45,3900,332175,2.64
2020-09-10 10:44:00,2.40,2.40,2.40,2.40,525,333000,2.64
2020-09-10 10:45:00,2.45,2.50,2.45,2.45,2550,333000,2.64
2020-09-10 10:46:00,2.50,2.50,2.50,2.50,6900,333000,2.64
2020-09-10 10:47:00,2.50,2.50,2.50,2.50,75,333000,2.64
2020-09-10 10:48:00,2.55,2.55,2.55,2.55,1500,336525,2.64
2020-09-10 10:49:00,2.50,2.50,2.50,2.50,10050,336525,2.63
2020-09-10 10:50:00,2.50,2.50,2.45,2.45,2475,342600,2.63
2020-09-10 10:51:00,2.50,2.50,2.50,2.50,1425,342600,2.63
2020-09-10 10:52:00,2.45,2.50,2.45,2.45,1950,342600,2.63
2020-09-10 10:53:00,2.45,2.45,2.45,2.45,75,342600,2.63
2020-09-10 10:54:00,2.45,2.50,2.45,2.50,1650,343050,2.63
2020-09-10 10:55:00,2.50,2.50,2.50,2.50,2700,343050,2.63
2020-09-10 10:56:00,2.50,2.50,2.50,2.50,2400,343050,2.63
2020-09-10 10:58:00,2.55,2.55,2.55,2.55,375,344250,2.63
2020-09-10 10:59:00,2.50,2.50,2.50,2.50,1500,343725,2.63
2020-09-10 11:00:00,2.50,2.50,2.50,2.50,975,343725,2.62
2020-09-10 11:03:00,2.55,2.55,2.50,2.50,15000,342150,2.62
2020-09-10 11:04:00,2.50,2.50,2.50,2.50,2400,342150,2.62
2020-09-10 11:05:00,2.50,2.50,2.45,2.45,3450,353175,2.62
2020-09-10 11:06:00,2.50,2.50,2.45,2.50,600,353175,2.62
2020-09-10 11:07:00,2.45,2.45,2.45,2.45,600,353175,2.62
2020-09-10 11:08:00,2.45,2.50,2.45,2.45,1200,353475,2.62
2020-09-10 11:09:00,2.50,2.55,2.50,2.55,8100,353475,2.61
2020-09-10 11:10:00,2.50,2.50,2.50,2.50,1800,353475,2.61
2020-09-10 11:11:00,2.45,2.45,2.45,2.45,300,354900,2.61
2020-09-10 11:12:00,2.50,2.50,2.45,2.50,4125,354900,2.61
2020-09-10 11:13:00,2.50,2.50,2.50,2.50,675,354900,2.61
2020-09-10 11:16:00,2.45,2.45,2.45,2.45,600,354825,2.61
2020-09-10 11:17:00,2.50,2.50,2.50,2.50,750,354825,2.61
2020-09-10 11:18:00,2.50,2.50,2.50,2.50,900,354075,2.61
2020-09-10 11:19:00,2.50,2.50,2.50,2.50,2250,354075,2.61
2020-09-10 11:20:00,2.55,2.55,2.55,2.55,300,354075,2.61
2020-09-10 11:22:00,2.50,2.50,2.50,2.50,450,354150,2.61
2020-09-10 11:23:00,2.50,2.50,2.50,2.50,225,354150,2.61
2020-09-10 11:24:00,2.45,2.50,2.45,2.50,1275,354150,2.61
2020-09-10 11:25:00,2.50,2.50,2.50,2.50,750,354150,2.61
2020-09-10 11:26:00,2.45,2.45,2.45,2.45,2250,354150,2.61
2020-09-10 11:27:00,2.50,2.50,2.50,2.50,750,351675,2.61
2020-09-10 11:28:00,2.45,2.45,2.45,2.45,75,351675,2.61
2020-09-10 11:31:00,2.45,2.45,2.45,2.45,4500,351600,2.61
2020-09-10 11:33:00,2.45,2.45,2.45,2.45,600,350775,2.61
2020-09-10 11:34:00,2.50,2.50,2.40,2.40,2775,350775,2.61
2020-09-10 11:35:00,2.45,2.45,2.45,2.45,300,350775,2.61
2020-09-10 11:36:00,2.40,2.45,2.40,2.40,1650,350400,2.60
2020-09-10 11:37:00,2.40,2.45,2.40,2.40,3225,350400,2.60
2020-09-10 11:38:00,2.45,2.45,2.45,2.45,2325,345825,2.60
2020-09-10 11:40:00,2.45,2.50,2.45,2.50,6675,345825,2.60
2020-09-10 11:42:00,2.50,2.50,2.50,2.50,5700,350325,2.60
2020-09-10 11:43:00,2.50,2.55,2.50,2.55,7875,350325,2.60
2020-09-10 11:44:00,2.55,2.55,2.50,2.50,4650,358350,2.60
2020-09-10 11:45:00,2.50,2.55,2.50,2.55,21600,358350,2.59
2020-09-10 11:46:00,2.55,2.60,2.55,2.60,3225,358350,2.59
2020-09-10 11:47:00,2.60,2.60,2.60,2.60,3900,383475,2.59
2020-09-10 11:48:00,2.60,2.60,2.55,2.55,8175,383475,2.59
2020-09-10 11:49:00,2.55,2.60,2.55,2.60,600,383475,2.59
2020-09-10 11:50:00,2.55,2.55,2.55,2.55,900,383475,2.59
2020-09-10 11:51:00,2.55,2.55,2.55,2.55,1500,395325,2.59
2020-09-10 11:52:00,2.50,2.55,2.50,2.55,3450,395325,2.59
2020-09-10 11:53:00,2.50,2.50,2.50,2.50,300,395325,2.59
2020-09-10 11:54:00,2.55,2.55,2.55,2.55,525,396300,2.59
2020-09-10 11:55:00,2.55,2.55,2.55,2.55,75,396300,2.59
2020-09-10 11:56:00,2.50,2.50,2.50,2.50,750,396300,2.59
2020-09-10 11:57:00,2.55,2.55,2.55,2.55,3750,395850,2.59
2020-09-10 11:58:00,2.55,2.55,2.50,2.50,5400,395850,2.59
2020-09-10 11:59:00,2.55,2.55,2.55,2.55,375,395850,2.59
2020-09-10 12:00:00,2.55,2.55,2.55,2.55,225,400050,2.59
2020-09-10 12:03:00,2.55,2.55,2.55,2.55,1800,400050,2.59
2020-09-10 12:04:00,2.55,2.55,2.55,2.55,900,400050,2.59
2020-09-10 12:06:00,2.55,2.55,2.50,2.50,750,401700,2.59
2020-09-10 12:07:00,2.50,2.50,2.50,2.50,600,401700,2.59
2020-09-10 12:08:00,2.55,2.55,2.55,2.55,900,401550,2.59
2020-09-10 12:09:00,2.55,2.55,2.50,2.50,1050,401550,2.59
2020-09-10 12:10:00,2.55,2.60,2.55,2.60,2250,401550,2.59
2020-09-10 12:14:00,2.60,2.60,2.55,2.55,6525,405000,2.59
2020-09-10 12:15:00,2.55,2.60,2.55,2.55,16275,405000,2.59
2020-09-10 12:16:00,2.55,2.60,2.55,2.55,14400,405000,2.59
2020-09-10 12:17:00,2.55,2.55,2.55,2.55,300,405000,2.59
2020-09-10 12:18:00,2.55,2.55,2.55,2.55,375,434025,2.59
2020-09-10 12:20:00,2.55,2.55,2.55,2.55,900,434025,2.59
2020-09-10 12:21:00,2.55,2.55,2.55,2.55,4050,435225,2.59
2020-09-10 12:22:00,2.55,2.55,2.55,2.55,600,435225,2.59
2020-09-10 12:23:00,2.55,2.55,2.50,2.50,1500,435225,2.59
2020-09-10 12:25:00,2.55,2.55,2.55,2.55,750,436650,2.59
2020-09-10 12:26:00,2.55,2.55,2.55,2.55,150,436650,2.59
2020-09-10 12:29:00,2.50,2.50,2.50,2.50,450,436650,2.59
2020-09-10 12:30:00,2.55,2.55,2.50,2.50,300,437100,2.59
2020-09-10 12:33:00,2.50,2.50,2.50,2.50,6225,437100,2.58
2020-09-10 12:35:00,2.45,2.45,2.45,2.45,600,437100,2.58
2020-09-10 12:36:00,2.45,2.50,2.45,2.50,5250,435975,2.58
2020-09-10 12:37:00,2.45,2.45,2.45,2.45,600,435975,2.58
2020-09-10 12:38:00,2.50,2.50,2.45,2.45,1275,435975,2.58
2020-09-10 12:39:00,2.45,2.45,2.45,2.45,150,437025,2.58
2020-09-10 12:41:00,2.45,2.50,2.45,2.50,3075,437025,2.58
2020-09-10 12:42:00,2.50,2.50,2.50,2.50,4050,437025,2.58
2020-09-10 12:44:00,2.50,2.50,2.45,2.45,825,437025,2.58
2020-09-10 12:45:00,2.45,2.45,2.45,2.45,300,437025,2.58
2020-09-10 12:47:00,2.45,2.45,2.45,2.45,75,437025,2.58
2020-09-10 12:48:00,2.45,2.45,2.45,2.45,1125,437025,2.58
2020-09-10 12:50:00,2.50,2.50,2.45,2.50,1425,437025,2.58
2020-09-10 12:51:00,2.50,2.50,2.50,2.50,2100,437400,2.58
2020-09-10 12:52:00,2.50,2.50,2.50,2.50,450,437400,2.58
2020-09-10 12:53:00,2.55,2.55,2.50,2.50,11025,437400,2.58
2020-09-10 12:54:00,2.50,2.50,2.50,2.50,1050,443625,2.58
2020-09-10 12:55:00,2.50,2.50,2.50,2.50,1050,443625,2.58
2020-09-10 12:56:00,2.50,2.55,2.50,2.55,2400,443625,2.58
2020-09-10 12:57:00,2.55,2.55,2.55,2.55,75,446925,2.58
2020-09-10 13:01:00,2.50,2.50,2.50,2.50,750,446925,2.58
2020-09-10 13:03:00,2.55,2.55,2.55,2.55,75,446925,2.58
2020-09-10 13:04:00,2.45,2.50,2.45,2.50,2625,446925,2.58
2020-09-10 13:07:00,2.50,2.50,2.45,2.45,5400,445200,2.58
2020-09-10 13:08:00,2.50,2.50,2.50,2.50,150,445200,2.58
2020-09-10 13:11:00,2.50,2.50,2.50,2.50,375,444750,2.58
2020-09-10 13:14:00,2.50,2.50,2.50,2.50,2475,444750,2.58
2020-09-10 13:15:00,2.50,2.50,2.50,2.50,900,445350,2.58
2020-09-10 13:17:00,2.45,2.50,2.45,2.50,1425,445350,2.58
2020-09-10 13:20:00,2.45,2.45,2.45,2.45,300,445350,2.58
2020-09-10 13:23:00,2.50,2.50,2.50,2.50,300,445350,2.58
2020-09-10 13:27:00,2.50,2.50,2.50,2.50,75,445350,2.58
2020-09-10 13:28:00,2.45,2.45,2.45,2.45,75,445350,2.58
2020-09-10 13:29:00,2.50,2.50,2.50,2.50,375,445350,2.58
2020-09-10 13:30:00,2.45,2.45,2.45,2.45,4650,445350,2.58
2020-09-10 13:31:00,2.40,2.45,2.35,2.35,3675,445350,2.57
2020-09-10 13:32:00,2.40,2.40,2.35,2.35,1425,445350,2.57
2020-09-10 13:34:00,2.40,2.40,2.35,2.35,1725,442575,2.57
2020-09-10 13:35:00,2.40,2.40,2.40,2.40,825,442575,2.57
2020-09-10 13:36:00,2.35,2.35,2.35,2.35,1500,440925,2.57
2020-09-10 13:38:00,2.35,2.35,2.35,2.35,3000,440925,2.57
2020-09-10 13:39:00,2.35,2.35,2.35,2.35,300,438675,2.57
2020-09-10 13:40:00,2.40,2.40,2.35,2.40,4575,438675,2.57
2020-09-10 13:41:00,2.40,2.40,2.40,2.40,975,438675,2.57
2020-09-10 13:42:00,2.40,2.40,2.40,2.40,225,434475,2.57
2020-09-10 13:44:00,2.45,2.45,2.45,2.45,1200,434475,2.57
2020-09-10 13:45:00,2.45,2.45,2.45,2.45,1800,433650,2.57
2020-09-10 13:46:00,2.45,2.50,2.45,2.50,300,433650,2.57
2020-09-10 13:47:00,2.50,2.50,2.45,2.45,1800,433650,2.57
2020-09-10 13:48:00,2.45,2.45,2.45,2.45,675,431625,2.57
2020-09-10 13:49:00,2.45,2.45,2.40,2.40,300,431625,2.57
2020-09-10 13:52:00,2.40,2.40,2.40,2.40,1125,432225,2.57
2020-09-10 13:53:00,2.40,2.40,2.35,2.35,2625,432225,2.57
2020-09-10 13:54:00,2.30,2.35,2.30,2.35,4800,432225,2.57
2020-09-10 13:55:00,2.30,2.30,2.30,2.30,225,432225,2.57
2020-09-10 13:56:00,2.35,2.35,2.35,2.35,2250,432225,2.56
2020-09-10 13:59:00,2.35,2.35,2.35,2.35,1500,426675,2.56
2020-09-10 14:00:00,2.35,2.35,2.35,2.35,975,425700,2.56
2020-09-10 14:01:00,2.35,2.35,2.35,2.35,225,425700,2.56
2020-09-10 14:02:00,2.30,2.30,2.30,2.30,1500,425700,2.56
2020-09-10 14:04:00,2.30,2.30,2.30,2.30,1275,426300,2.56
2020-09-10 14:05:00,2.35,2.35,2.35,2.35,825,426300,2.56
2020-09-10 14:07:00,2.35,2.35,2.35,2.35,3375,426375,2.56
2020-09-10 14:08:00,2.35,2.35,2.35,2.35,2100,426375,2.56
2020-09-10 14:12:00,2.30,2.35,2.30,2.30,3900,425625,2.56
2020-09-10 14:13:00,2.30,2.30,2.30,2.30,375,425625,2.56
2020-09-10 14:14:00,2.30,2.30,2.30,2.30,675,425625,2.56
2020-09-10 14:15:00,2.25,2.25,2.25,2.25,900,424050,2.56
2020-09-10 14:16:00,2.25,2.30,2.25,2.30,2325,424050,2.56
2020-09-10 14:17:00,2.30,2.30,2.30,2.30,3000,424050,2.56
2020-09-10 14:18:00,2.30,2.30,2.25,2.25,1125,423525,2.56
2020-09-10 14:19:00,2.25,2.25,2.25,2.25,450,423525,2.55
2020-09-10 14:20:00,2.25,2.25,2.20,2.20,2550,423525,2.55
2020-09-10 14:21:00,2.25,2.25,2.25,2.25,75,423525,2.55
2020-09-10 14:22:00,2.20,2.25,2.15,2.15,12150,420675,2.55
2020-09-10 14:23:00,2.20,2.20,2.20,2.20,6375,420675,2.54
2020-09-10 14:24:00,2.20,2.20,2.20,2.20,750,414150,2.54
2020-09-10 14:25:00,2.20,2.20,2.20,2.20,75,414150,2.54
2020-09-10 14:26:00,2.15,2.15,2.15,2.15,1950,414150,2.54
2020-09-10 14:27:00,2.20,2.20,2.15,2.20,6150,413775,2.54
2020-09-10 14:28:00,2.20,2.20,2.20,2.20,750,413775,2.54
2020-09-10 14:30:00,2.15,2.15,2.15,2.15,1050,413175,2.54
2020-09-10 14:31:00,2.20,2.20,2.20,2.20,5175,413175,2.54
2020-09-10 14:32:00,2.15,2.15,2.15,2.15,4950,413175,2.53
2020-09-10 14:33:00,2.15,2.20,2.15,2.20,975,412575,2.53
2020-09-10 14:34:00,2.15,2.20,2.15,2.15,9975,412575,2.53
2020-09-10 14:35:00,2.20,2.20,2.15,2.15,1275,412575,2.53
2020-09-10 14:38:00,2.15,2.15,2.15,2.15,225,412725,2.53
2020-09-10 14:39:00,2.20,2.20,2.20,2.20,2850,412800,2.53
2020-09-10 14:40:00,2.20,2.20,2.15,2.15,7500,412800,2.52
2020-09-10 14:41:00,2.15,2.20,2.10,2.10,3000,412800,2.52
2020-09-10 14:42:00,2.20,2.20,2.20,2.20,4275,411675,2.52
2020-09-10 14:44:00,2.15,2.15,2.10,2.10,3375,411675,2.52
2020-09-10 14:46:00,2.10,2.15,2.10,2.15,10350,410250,2.51
2020-09-10 14:47:00,2.15,2.15,2.15,2.15,6075,410250,2.51
2020-09-10 14:48:00,2.20,2.20,2.20,2.20,300,416925,2.51
2020-09-10 14:49:00,2.15,2.20,2.10,2.15,11850,416925,2.50
2020-09-10 14:50:00,2.10,2.15,2.10,2.15,2475,416925,2.50
2020-09-10 14:51:00,2.15,2.15,2.15,2.15,300,416925,2.50
2020-09-10 14:52:00,2.10,2.15,2.10,2.15,7575,416325,2.50
2020-09-10 14:53:00,2.15,2.15,2.15,2.15,5100,416325,2.49
2020-09-10 14:54:00,2.15,2.15,2.10,2.15,2850,415650,2.49
2020-09-10 14:55:00,2.15,2.15,2.15,2.15,1350,415650,2.49
2020-09-10 14:56:00,2.20,2.20,2.15,2.15,4575,415650,2.49
2020-09-10 14:57:00,2.15,2.20,2.15,2.20,1125,415650,2.49
2020-09-10 14:58:00,2.20,2.20,2.20,2.20,75,417150,2.49
2020-09-10 14:59:00,2.10,2.10,2.10,2.10,600,417150,2.49
2020-09-10 15:00:00,2.10,2.10,2.10,2.10,2625,417150,2.49
2020-09-10 15:01:00,2.10,2.10,2.05,2.10,8700,417150,2.48
2020-09-10 15:02:00,2.05,2.10,2.00,2.00,3675,417150,2.48
2020-09-10 15:03:00,2.05,2.05,2.05,2.05,300,423150,2.48
2020-09-10 15:04:00,2.05,2.05,2.05,2.05,1650,423150,2.48
2020-09-10 15:05:00,2.05,2.05,2.05,2.05,6450,423150,2.48
2020-09-10 15:06:00,2.10,2.10,2.05,2.05,750,419325,2.48
2020-09-10 15:07:00,2.10,2.10,2.10,2.10,3000,419325,2.48
2020-09-10 15:08:00,2.05,2.05,2.00,2.05,2100,419325,2.48
2020-09-10 15:09:00,2.05,2.10,2.00,2.00,3750,420975,2.47
2020-09-10 15:10:00,2.00,2.00,2.00,2.00,2025,420975,2.47
2020-09-10 15:11:00,2.00,2.05,2.00,2.00,5175,420975,2.47
2020-09-10 15:12:00,2.05,2.05,2.05,2.05,900,419775,2.47
2020-09-10 15:13:00,2.00,2.05,2.00,2.00,8700,419775,2.46
2020-09-10 15:14:00,2.00,2.05,1.95,2.05,1575,419775,2.46
2020-09-10 15:15:00,2.00,2.00,1.95,2.00,2325,415050,2.46
2020-09-10 15:16:00,1.95,2.00,1.95,2.00,675,415050,2.46
2020-09-10 15:17:00,2.00,2.00,2.00,2.00,975,415050,2.46
2020-09-10 15:18:00,2.00,2.05,2.00,2.05,600,413850,2.46
2020-09-10 15:19:00,2.10,2.10,2.10,2.10,300,413850,2.46
2020-09-10 15:20:00,2.00,2.00,2.00,2.00,1350,413850,2.46
2020-09-10 15:21:00,2.00,2.00,1.95,1.95,1425,413775,2.46
2020-09-10 15:22:00,1.95,2.00,1.95,1.95,1125,413775,2.46
2020-09-10 15:23:00,2.05,2.05,2.05,2.05,2025,413775,2.46
2020-09-10 15:24:00,2.00,2.00,2.00,2.00,3225,413700,2.46
2020-09-10 15:25:00,1.95,1.95,1.60,1.70,69900,413700,2.40
2020-09-10 15:26:00,1.70,1.90,1.70,1.80,4275,413700,2.40
2020-09-10 15:27:00,1.80,1.80,1.70,1.70,6000,414525,2.40
2020-09-10 15:28:00,1.70,1.85,1.70,1.85,450,414525,2.40
2020-09-10 15:29:01,1.80,1.90,1.80,1.90,1425,414525,2.39
2020-12-10 09:16:00,1.70,1.80,1.55,1.55,4275,414975,1.64
2020-12-10 09:17:00,1.60,1.85,1.60,1.80,2550,415425,1.69
2020-12-10 09:18:00,1.80,1.80,1.75,1.75,1500,415425,1.70
2020-12-10 09:19:00,1.75,1.80,1.75,1.80,2925,415425,1.71
2020-12-10 09:20:00,1.65,1.65,1.60,1.65,8475,416850,1.68
2020-12-10 09:21:00,1.65,1.65,1.65,1.65,225,416850,1.68
2020-12-10 09:22:00,1.75,1.75,1.75,1.75,825,416850,1.69
2020-12-10 09:23:00,1.75,1.75,1.70,1.70,8850,415650,1.70
2020-12-10 09:24:00,1.65,1.65,1.65,1.65,2325,415650,1.70
2020-12-10 09:25:00,1.65,1.65,1.65,1.65,750,415650,1.69
2020-12-10 09:26:00,1.65,1.70,1.60,1.70,4725,417675,1.69
2020-12-10 09:27:00,1.65,1.65,1.65,1.65,150,417675,1.69
2020-12-10 09:28:00,1.70,1.70,1.65,1.65,975,417675,1.69
2020-12-10 09:29:00,1.70,1.70,1.65,1.65,6525,419025,1.69
2020-12-10 09:30:00,1.65,1.70,1.65,1.65,975,419025,1.69
2020-12-10 09:31:00,1.65,1.65,1.65,1.65,75,419025,1.69
2020-12-10 09:32:00,1.70,1.70,1.70,1.70,375,420225,1.69
2020-12-10 09:33:00,1.55,1.60,1.55,1.60,1125,420225,1.69
2020-12-10 09:34:00,1.65,1.65,1.60,1.65,2850,420225,1.68
2020-12-10 09:36:00,1.60,1.60,1.60,1.60,1575,419175,1.68
2020-12-10 09:37:00,1.65,1.65,1.55,1.55,450,419175,1.68
2020-12-10 09:38:00,1.65,1.65,1.65,1.65,75,419175,1.68
2020-12-10 09:41:00,1.60,1.65,1.60,1.65,1800,419100,1.68
2020-12-10 09:42:00,1.65,1.65,1.65,1.65,5250,419100,1.68
2020-12-10 09:43:00,1.65,1.65,1.65,1.65,2250,419100,1.68
2020-12-10 09:46:00,1.60,1.60,1.60,1.60,5325,420150,1.67
2020-12-10 09:47:00,1.60,1.60,1.60,1.60,750,420150,1.67
2020-12-10 09:48:00,1.65,1.65,1.65,1.65,525,414900,1.67
2020-12-10 09:49:00,1.60,1.60,1.60,1.60,225,414900,1.67
2020-12-10 09:53:00,1.60,1.60,1.60,1.60,2925,414675,1.66
2020-12-10 09:55:00,1.60,1.60,1.60,1.60,225,408300,1.66
2020-12-10 09:56:00,1.60,1.60,1.60,1.60,1350,408075,1.66
2020-12-10 09:57:00,1.60,1.60,1.60,1.60,900,408075,1.66
2020-12-10 09:58:00,1.60,1.60,1.60,1.60,750,408075,1.66
2020-12-10 10:00:00,1.65,1.65,1.60,1.60,1875,408975,1.66
2020-12-10 10:02:00,1.60,1.60,1.60,1.60,300,408975,1.66
2020-12-10 10:05:00,1.65,1.65,1.65,1.65,1650,408450,1.66
2020-12-10 10:06:00,1.65,1.65,1.65,1.65,450,408450,1.66
2020-12-10 10:07:00,1.60,1.60,1.60,1.60,150,408450,1.66
2020-12-10 10:08:00,1.65,1.65,1.65,1.65,3000,409800,1.66
2020-12-10 10:14:00,1.60,1.60,1.60,1.60,75,410700,1.66
2020-12-10 10:15:00,1.60,1.65,1.60,1.65,1125,410700,1.66
2020-12-10 10:17:00,1.70,1.70,1.70,1.70,225,410100,1.66
2020-12-10 10:20:00,1.70,1.70,1.70,1.70,300,410100,1.66
2020-12-10 10:21:00,1.65,1.65,1.65,1.65,900,410025,1.66
2020-12-10 10:23:00,1.65,1.65,1.65,1.65,300,409875,1.66
2020-12-10 10:24:00,1.60,1.60,1.60,1.60,1500,409875,1.66
2020-12-10 10:25:00,1.60,1.60,1.60,1.60,525,409875,1.66
2020-12-10 10:26:00,1.55,1.55,1.55,1.55,1725,408825,1.66
2020-12-10 10:27:00,1.55,1.65,1.55,1.65,1350,408825,1.65
2020-12-10 10:28:00,1.65,1.65,1.65,1.65,2550,408825,1.65
2020-12-10 10:29:00,1.65,1.65,1.65,1.65,750,408825,1.65
2020-12-10 10:31:00,1.65,1.65,1.65,1.65,2925,406425,1.65
2020-12-10 10:32:00,1.65,1.65,1.65,1.65,375,406425,1.65
2020-12-10 10:33:00,1.65,1.65,1.60,1.60,2250,407175,1.65
2020-12-10 10:34:00,1.60,1.60,1.60,1.60,450,407175,1.65
2020-12-10 10:38:00,1.55,1.55,1.55,1.55,150,407250,1.65
2020-12-10 10:39:00,1.65,1.65,1.65,1.65,75,407100,1.65
2020-12-10 10:40:00,1.60,1.60,1.60,1.60,75,407100,1.65
2020-12-10 10:41:00,1.60,1.60,1.60,1.60,675,407025,1.65
2020-12-10 10:45:00,1.60,1.60,1.60,1.60,225,407025,1.65
2020-12-10 10:46:00,1.60,1.60,1.60,1.60,1950,407025,1.65
2020-12-10 10:50:00,1.55,1.55,1.55,1.55,375,407025,1.65
2020-12-10 10:52:00,1.55,1.55,1.55,1.55,150,406650,1.65
2020-12-10 10:55:00,1.60,1.65,1.60,1.65,1500,406500,1.65
2020-12-10 10:56:00,1.60,1.60,1.60,1.60,150,406500,1.65
2020-12-10 10:57:00,1.60,1.60,1.60,1.60,600,406500,1.65
2020-12-10 11:03:00,1.55,1.55,1.55,1.55,75,407250,1.65
2020-12-10 11:05:00,1.60,1.60,1.60,1.60,75,407175,1.65
2020-12-10 11:06:00,1.60,1.60,1.60,1.60,1500,407175,1.65
2020-12-10 11:07:00,1.60,1.60,1.60,1.60,600,407175,1.65
2020-12-10 11:09:00,1.55,1.65,1.55,1.60,1275,407100,1.65
2020-12-10 11:14:00,1.60,1.60,1.60,1.60,75,406725,1.65
2020-12-10 11:30:00,1.60,1.60,1.60,1.60,225,402525,1.65
2020-12-10 11:34:00,1.55,1.55,1.55,1.55,375,402525,1.65
2020-12-10 11:35:00,1.55,1.55,1.55,1.55,1350,402525,1.65
2020-12-10 11:40:00,1.55,1.55,1.55,1.55,75,401550,1.65
2020-12-10 11:43:00,1.55,1.55,1.55,1.55,900,401400,1.64
2020-12-10 11:44:00,1.50,1.50,1.50,1.50,375,401400,1.64
2020-12-10 11:49:00,1.55,1.55,1.55,1.55,300,401400,1.64
2020-12-10 11:56:00,1.55,1.55,1.55,1.55,225,401400,1.64
2020-12-10 11:58:00,1.55,1.55,1.55,1.55,150,401400,1.64
2020-12-10 12:00:00,1.55,1.55,1.55,1.55,375,401400,1.64
2020-12-10 12:04:00,1.60,1.60,1.60,1.60,375,401025,1.64
2020-12-10 12:05:00,1.60,1.60,1.60,1.60,75,401025,1.64
2020-12-10 12:06:00,1.55,1.55,1.55,1.55,750,401025,1.64
2020-12-10 12:12:00,1.60,1.60,1.60,1.60,75,400275,1.64
2020-12-10 12:13:00,1.60,1.60,1.60,1.60,225,400275,1.64
2020-12-10 12:16:00,1.60,1.60,1.60,1.60,600,400050,1.64
2020-12-10 12:17:00,1.65,1.65,1.60,1.60,1275,400050,1.64
2020-12-10 12:18:00,1.55,1.55,1.55,1.55,3225,400050,1.64
2020-12-10 12:19:00,1.55,1.55,1.55,1.55,525,400050,1.64
2020-12-10 12:21:00,1.65,1.65,1.60,1.65,4425,401100,1.64
2020-12-10 12:22:00,1.65,1.65,1.65,1.65,375,401100,1.64
2020-12-10 12:25:00,1.60,1.60,1.60,1.60,375,402225,1.64
2020-12-10 12:26:00,1.60,1.60,1.60,1.60,450,402225,1.64
2020-12-10 12:28:00,1.60,1.60,1.60,1.60,2175,402225,1.64
2020-12-10 12:32:00,1.60,1.60,1.60,1.60,75,400050,1.64
2020-12-10 12:36:00,1.60,1.65,1.60,1.65,1650,400050,1.64
2020-12-10 12:37:00,1.65,1.65,1.65,1.65,225,400050,1.64
2020-12-10 12:38:00,1.60,1.60,1.60,1.60,300,400050,1.64
2020-12-10 12:39:00,1.60,1.60,1.55,1.55,2775,400950,1.64
2020-12-10 12:40:00,1.55,1.55,1.55,1.55,75,400950,1.64
2020-12-10 12:41:00,1.55,1.55,1.55,1.55,900,400950,1.64
2020-12-10 12:42:00,1.50,1.50,1.50,1.50,3300,401025,1.63
2020-12-10 12:43:00,1.55,1.55,1.55,1.55,1275,401025,1.63
2020-12-10 12:45:00,1.55,1.55,1.50,1.50,2400,400125,1.63
2020-12-10 12:46:00,1.50,1.55,1.50,1.55,2175,400125,1.63
2020-12-10 12:47:00,1.55,1.55,1.55,1.55,750,400125,1.63
2020-12-10 12:52:00,1.55,1.55,1.55,1.55,750,400050,1.63
2020-12-10 12:55:00,1.55,1.55,1.55,1.55,900,400050,1.63
2020-12-10 12:57:00,1.55,1.55,1.55,1.55,150,400050,1.63
2020-12-10 12:58:00,1.50,1.50,1.50,1.50,1125,400050,1.63
2020-12-10 12:59:00,1.50,1.60,1.50,1.50,2100,400050,1.62
2020-12-10 13:01:00,1.50,1.55,1.50,1.55,525,399300,1.62
2020-12-10 13:02:00,1.55,1.55,1.55,1.55,525,0,1.62
2020-12-10 13:03:00,1.55,1.55,1.50,1.50,1125,399000,1.62
2020-12-10 13:04:00,1.50,1.55,1.50,1.55,525,399000,1.62
2020-12-10 13:05:00,1.55,1.60,1.50,1.50,2325,399000,1.62
2020-12-10 13:06:00,1.50,1.50,1.50,1.50,600,397875,1.62
2020-12-10 13:07:00,1.55,1.60,1.55,1.60,1050,397875,1.62
2020-12-10 13:08:00,1.50,1.50,1.50,1.50,10125,397875,1.61
2020-12-10 13:10:00,1.50,1.50,1.50,1.50,300,396900,1.61
2020-12-10 13:13:00,1.50,1.50,1.45,1.45,3150,396900,1.61
2020-12-10 13:14:00,1.50,1.50,1.50,1.50,450,396900,1.61
2020-12-10 13:15:00,1.50,1.50,1.50,1.50,1875,396900,1.61
2020-12-10 13:17:00,1.55,1.55,1.50,1.50,225,396900,1.61
2020-12-10 13:19:00,1.55,1.55,1.45,1.50,2025,396900,1.61
2020-12-10 13:20:00,1.55,1.55,1.55,1.55,375,396900,1.61
2020-12-10 13:21:00,1.55,1.60,1.50,1.60,2850,396900,1.61
2020-12-10 13:22:00,1.55,1.55,1.55,1.55,225,396900,1.61
2020-12-10 13:23:00,1.55,1.55,1.55,1.55,375,396900,1.61
2020-12-10 13:25:00,1.50,1.50,1.45,1.50,2625,397425,1.60
2020-12-10 13:26:00,1.50,1.50,1.45,1.50,2325,397425,1.60
2020-12-10 13:27:00,1.50,1.55,1.50,1.50,900,397350,1.60
2020-12-10 13:28:00,1.50,1.50,1.50,1.50,1275,397350,1.60
2020-12-10 13:29:00,1.50,1.50,1.50,1.50,450,397350,1.60
2020-12-10 13:30:00,1.45,1.50,1.45,1.50,1125,396825,1.60
2020-12-10 13:31:00,1.45,1.50,1.40,1.40,6675,396825,1.60
2020-12-10 13:32:00,1.40,1.40,1.40,1.40,3750,396825,1.59
2020-12-10 13:33:00,1.40,1.40,1.30,1.35,1125,396975,1.59
2020-12-10 13:34:00,1.25,1.30,1.25,1.30,1350,396975,1.59
2020-12-10 13:35:00,1.30,1.30,1.30,1.30,1500,396975,1.59
2020-12-10 13:36:00,1.30,1.30,1.30,1.30,375,396675,1.59
2020-12-10 13:37:00,1.30,1.30,1.30,1.30,1425,396675,1.58
2020-12-10 13:38:00,1.30,1.30,1.30,1.30,750,396675,1.58
2020-12-10 13:40:00,1.25,1.25,1.25,1.25,225,395025,1.58
2020-12-10 13:41:00,1.25,1.25,1.25,1.25,75,395025,1.58
2020-12-10 13:44:00,1.20,1.20,1.20,1.20,600,395025,1.58
2020-12-10 13:46:00,1.25,1.25,1.25,1.25,1500,394425,1.58
2020-12-10 13:48:00,1.25,1.25,1.20,1.25,3375,393975,1.57
2020-12-10 13:51:00,1.20,1.25,1.20,1.25,450,392400,1.57
2020-12-10 13:54:00,1.25,1.25,1.20,1.20,3075,392250,1.57
2020-12-10 13:55:00,1.20,1.20,1.20,1.20,1275,392250,1.56
2020-12-10 13:57:00,1.15,1.20,1.15,1.15,1425,391125,1.56
2020-12-10 13:58:00,1.20,1.20,1.20,1.20,75,391125,1.56
2020-12-10 14:07:00,1.15,1.15,1.15,1.15,1125,390450,1.56
2020-12-10 14:08:00,1.20,1.20,1.20,1.20,1950,390450,1.56
2020-12-10 14:10:00,1.20,1.20,1.20,1.20,1500,387825,1.55
2020-12-10 14:11:00,1.20,1.20,1.20,1.20,75,387825,1.55
2020-12-10 14:13:00,1.15,1.20,1.15,1.20,375,386250,1.55
2020-12-10 14:14:00,1.20,1.20,1.20,1.20,1575,386250,1.55
2020-12-10 14:15:00,1.20,1.20,1.20,1.20,1425,384375,1.55
2020-12-10 14:16:00,1.25,1.25,1.25,1.25,75,384375,1.55
2020-12-10 14:18:00,1.20,1.20,1.20,1.20,225,382950,1.55
2020-12-10 14:21:00,1.20,1.20,1.20,1.20,150,382725,1.55
2020-12-10 14:23:00,1.25,1.25,1.25,1.25,75,382725,1.55
2020-12-10 14:25:00,1.20,1.20,1.20,1.20,450,382500,1.55
2020-12-10 14:31:00,1.20,1.20,1.20,1.20,300,382050,1.55
2020-12-10 14:33:00,1.20,1.25,1.20,1.25,525,381675,1.55
2020-12-10 14:37:00,1.25,1.25,1.25,1.25,150,381675,1.55
2020-12-10 14:39:00,1.25,1.25,1.25,1.25,750,381675,1.54
2020-12-10 14:43:00,1.20,1.20,1.20,1.20,300,381675,1.54
2020-12-10 14:48:00,1.10,1.10,1.10,1.10,675,381375,1.54
2020-12-10 14:49:00,1.10,1.10,1.05,1.10,2775,381375,1.54
2020-12-10 14:50:00,1.05,1.05,1.05,1.05,150,381375,1.54
2020-12-10 14:51:00,1.05,1.05,1.05,1.05,75,379650,1.54
2020-12-10 14:52:00,1.10,1.10,1.10,1.10,3000,379650,1.53
2020-12-10 14:55:00,1.05,1.05,1.05,1.05,75,380250,1.53
2020-12-10 14:57:00,1.15,1.15,1.15,1.15,225,380175,1.53
2020-12-10 14:59:00,1.15,1.15,1.15,1.15,225,380175,1.53
2020-12-10 15:01:00,1.15,1.15,1.15,1.15,675,379950,1.53
2020-12-10 15:03:00,1.10,1.10,1.10,1.10,75,379950,1.53
2020-12-10 15:04:00,1.15,1.15,1.15,1.15,150,379950,1.53
2020-12-10 15:05:00,1.10,1.10,1.10,1.10,75,379950,1.53
2020-12-10 15:07:00,1.05,1.05,1.05,1.05,450,379800,1.53
2020-12-10 15:08:00,1.05,1.05,1.05,1.05,75,379800,1.53
2020-12-10 15:09:00,1.00,1.00,0.90,0.90,2400,379725,1.52
2020-12-10 15:10:00,0.95,0.95,0.90,0.90,2025,379725,1.52
2020-12-10 15:12:00,0.95,0.95,0.95,0.95,225,379725,1.52
2020-12-10 15:13:00,0.95,0.95,0.95,0.95,6825,379050,1.50
2020-12-10 15:14:00,0.95,0.95,0.95,0.95,150,379050,1.50
2020-12-10 15:15:00,0.95,0.95,0.95,0.95,825,378450,1.50
2020-12-10 15:16:00,0.90,0.90,0.90,0.90,675,378450,1.50
2020-12-10 15:17:00,0.90,0.90,0.90,0.90,225,378450,1.50
2020-12-10 15:18:00,0.95,1.05,0.95,1.05,2100,378450,1.49
2020-12-10 15:19:00,1.00,1.00,1.00,1.00,75,378450,1.49
2020-12-10 15:20:00,1.00,1.00,0.95,0.95,900,378450,1.49
2020-12-10 15:21:00,1.00,1.00,1.00,1.00,150,378450,1.49
2020-12-10 15:22:00,1.00,1.00,1.00,1.00,1425,378150,1.49
2020-12-10 15:23:00,1.00,1.00,1.00,1.00,2475,378150,1.48
2020-12-10 15:24:00,1.05,1.05,1.00,1.00,3300,377475,1.48
2020-12-10 15:25:00,0.95,0.95,0.95,0.95,75,377475,1.47
2020-12-10 15:26:00,1.00,1.00,1.00,1.00,3000,377475,1.47
2020-12-10 15:27:00,1.00,1.00,0.95,0.95,7500,375675,1.46
2020-12-10 15:28:00,0.95,0.95,0.90,0.95,1650,375675,1.45
2020-12-10 15:29:01,0.90,1.00,0.90,1.00,7500,375675,1.44
2020-10-13 09:15:00,1.45,1.45,1.45,1.45,150,372975,1.45
2020-10-13 09:17:00,1.05,1.15,1.00,1.00,1125,372975,1.10
2020-10-13 09:18:00,1.00,1.00,1.00,1.00,1275,372975,1.05
2020-10-13 09:20:00,1.00,1.00,1.00,1.00,450,373125,1.04
2020-10-13 09:21:00,1.00,1.00,0.95,0.95,4125,373125,0.99
2020-10-13 09:24:00,0.95,0.95,0.95,0.95,75,373125,0.99
2020-10-13 09:27:00,0.95,0.95,0.95,0.95,450,373125,0.98
2020-10-13 09:29:00,0.90,0.95,0.90,0.95,825,372975,0.98
2020-10-13 09:30:00,0.95,0.95,0.95,0.95,825,372975,0.98
2020-10-13 09:31:00,0.95,0.95,0.95,0.95,2400,372975,0.97
2020-10-13 09:32:00,0.95,0.95,0.95,0.95,150,372975,0.97
2020-10-13 09:33:00,0.95,0.95,0.90,0.90,975,372975,0.97
2020-10-13 09:34:00,0.90,0.90,0.90,0.90,7200,372975,0.94
2020-10-13 09:35:00,0.90,0.90,0.90,0.90,1575,372975,0.94
2020-10-13 09:36:00,0.90,0.90,0.90,0.90,6075,372975,0.93
2020-10-13 09:37:00,0.85,0.85,0.85,0.85,525,372975,0.93
2020-10-13 09:41:00,0.90,0.90,0.90,0.90,2100,372975,0.93
2020-10-13 09:42:00,0.95,0.95,0.95,0.95,1650,372975,0.93
2020-10-13 09:43:00,0.90,0.90,0.90,0.90,225,372975,0.93
2020-10-13 09:44:00,0.90,0.90,0.90,0.90,1200,373125,0.93
2020-10-13 09:45:00,0.90,0.90,0.90,0.90,2475,373125,0.92
2020-10-13 09:47:00,0.95,1.00,0.95,1.00,6450,373575,0.93
2020-10-13 09:48:00,1.10,1.10,1.10,1.10,600,373575,0.93
2020-10-13 09:49:00,1.10,1.10,1.10,1.10,75,373575,0.93
2020-10-13 09:50:00,1.00,1.00,1.00,1.00,1500,373575,0.93
2020-10-13 09:52:00,0.95,0.95,0.95,0.95,75,373575,0.93
2020-10-13 09:53:00,0.95,0.95,0.95,0.95,4800,373575,0.94
2020-10-13 09:54:00,0.95,0.95,0.95,0.95,75,0,0.94
2020-10-13 09:59:00,0.95,0.95,0.95,0.95,450,373575,0.94
2020-10-13 10:01:00,0.95,0.95,0.90,0.95,3450,373575,0.94
2020-10-13 10:02:00,0.90,0.90,0.90,0.90,375,371250,0.94
2020-10-13 10:05:00,0.95,0.95,0.95,0.95,150,371250,0.94
2020-10-13 10:06:00,0.95,0.95,0.95,0.95,75,371250,0.94
2020-10-13 10:14:00,0.90,0.90,0.90,0.90,75,371175,0.94
2020-10-13 10:15:00,0.95,0.95,0.95,0.95,4500,371175,0.94
2020-10-13 10:16:00,1.00,1.20,0.95,1.20,8475,371175,0.95
2020-10-13 10:17:00,1.05,1.05,1.00,1.05,3150,372825,0.96
2020-10-13 10:18:00,1.00,1.00,1.00,1.00,750,372825,0.96
2020-10-13 10:20:00,1.05,1.05,1.05,1.05,2775,373125,0.96
2020-10-13 10:22:00,1.05,1.05,1.05,1.05,1575,373125,0.96
2020-10-13 10:23:00,1.10,1.10,1.10,1.10,3075,372750,0.97
2020-10-13 10:24:00,1.10,1.10,1.10,1.10,1650,372750,0.97
2020-10-13 10:25:00,1.05,1.05,1.05,1.05,2025,372750,0.97
2020-10-13 10:26:00,1.05,1.05,1.05,1.05,3675,372750,0.98
2020-10-13 10:27:00,1.05,1.05,1.05,1.05,750,372750,0.98
2020-10-13 10:29:00,1.10,1.10,1.10,1.10,2250,376425,0.98
2020-10-13 10:30:00,1.05,1.05,1.05,1.05,975,376425,0.98
2020-10-13 10:31:00,1.05,1.05,1.05,1.05,4800,376425,0.98
2020-10-13 10:32:00,1.05,1.05,1.00,1.00,375,378975,0.98
2020-10-13 10:37:00,1.05,1.05,1.05,1.05,525,378600,0.98
2020-10-13 10:39:00,1.05,1.05,1.05,1.05,450,378600,0.98
2020-10-13 10:41:00,1.00,1.05,1.00,1.05,5475,378675,0.99
2020-10-13 10:42:00,1.05,1.05,1.00,1.00,2175,378675,0.99
2020-10-13 10:44:00,1.05,1.05,1.00,1.00,1800,378675,0.99
2020-10-13 10:45:00,1.05,1.05,1.05,1.05,450,378750,0.99
2020-10-13 10:46:00,1.05,1.05,1.05,1.05,1800,378750,0.99
2020-10-13 10:48:00,1.05,1.05,1.05,1.05,150,378825,0.99
2020-10-13 10:51:00,1.00,1.00,1.00,1.00,75,378450,0.99
2020-10-13 10:52:00,1.00,1.00,1.00,1.00,75,378450,0.99
2020-10-13 10:54:00,0.95,1.00,0.95,1.00,1050,378450,0.99
2020-10-13 11:05:00,0.95,0.95,0.95,0.95,375,378450,0.99
2020-10-13 11:07:00,1.00,1.00,1.00,1.00,75,378450,0.99
2020-10-13 11:08:00,0.95,0.95,0.95,0.95,375,378450,0.99
2020-10-13 11:09:00,0.95,0.95,0.95,0.95,375,378450,0.99
2020-10-13 11:14:00,0.95,0.95,0.95,0.95,600,378450,0.99
2020-10-13 11:16:00,1.00,1.00,1.00,1.00,900,378450,0.99
2020-10-13 11:24:00,1.00,1.00,1.00,1.00,150,378450,0.99
2020-10-13 11:27:00,1.00,1.00,1.00,1.00,75,378450,0.99
2020-10-13 11:29:00,1.00,1.00,1.00,1.00,525,378450,0.99
2020-10-13 11:30:00,1.00,1.00,1.00,1.00,1350,378450,0.99
2020-10-13 11:31:00,1.00,1.00,1.00,1.00,75,378450,0.99
2020-10-13 11:32:00,1.00,1.00,1.00,1.00,225,378450,0.99
2020-10-13 11:34:00,1.00,1.00,1.00,1.00,300,379200,0.99
2020-10-13 11:37:00,1.00,1.00,1.00,1.00,1500,378900,0.99
2020-10-13 11:50:00,1.00,1.00,1.00,1.00,8250,376575,0.99
2020-10-13 11:51:00,1.00,1.00,1.00,1.00,8250,376575,0.99
2020-10-13 11:56:00,1.00,1.00,0.95,0.95,750,365550,0.99
2020-10-13 11:57:00,1.00,1.00,1.00,1.00,150,365475,0.99
2020-10-13 11:58:00,0.95,1.00,0.95,1.00,300,365475,0.99
2020-10-13 11:59:00,0.95,0.95,0.95,0.95,1050,365475,0.99
2020-10-13 12:00:00,0.95,0.95,0.95,0.95,1800,362100,0.99
2020-10-13 12:01:00,1.00,1.00,1.00,1.00,75,362100,0.99
2020-10-13 12:02:00,0.95,0.95,0.95,0.95,4575,362100,0.99
2020-10-13 12:05:00,1.00,1.00,1.00,1.00,2175,362850,0.99
2020-10-13 12:06:00,1.00,1.00,1.00,1.00,1050,362850,0.99
2020-10-13 12:10:00,0.95,0.95,0.95,0.95,225,359250,0.99
2020-10-13 12:14:00,0.95,0.95,0.95,0.95,6750,359250,0.99
2020-10-13 12:18:00,0.95,0.95,0.95,0.95,900,359250,0.99
2020-10-13 12:20:00,0.95,0.95,0.95,0.95,75,359250,0.99
2020-10-13 12:21:00,0.95,0.95,0.95,0.95,300,359250,0.99
2020-10-13 12:22:00,0.95,0.95,0.95,0.95,1800,359250,0.98
2020-10-13 12:32:00,0.95,0.95,0.95,0.95,75,359175,0.98
2020-10-13 12:34:00,0.95,0.95,0.95,0.95,75,359175,0.98
2020-10-13 12:35:00,0.95,0.95,0.95,0.95,3300,359175,0.98
2020-10-13 12:36:00,0.95,0.95,0.95,0.95,300,359175,0.98
2020-10-13 12:37:00,0.95,1.00,0.95,1.00,1500,359175,0.98
2020-10-13 12:47:00,1.00,1.00,1.00,1.00,150,359175,0.98
2020-10-13 12:50:00,1.00,1.10,1.00,1.10,3450,359175,0.99
2020-10-13 12:55:00,1.05,1.05,1.05,1.05,75,360000,0.99
2020-10-13 13:00:00,1.00,1.00,1.00,1.00,1275,360000,0.99
2020-10-13 13:02:00,1.00,1.00,1.00,1.00,225,360000,0.99
2020-10-13 13:09:00,1.00,1.00,1.00,1.00,450,359175,0.99
2020-10-13 13:13:00,0.95,1.00,0.95,1.00,300,359175,0.99
2020-10-13 13:14:00,0.95,0.95,0.95,0.95,1725,359175,0.99
2020-10-13 13:16:00,0.95,0.95,0.95,0.95,375,357375,0.99
2020-10-13 13:17:00,0.95,0.95,0.95,0.95,750,357375,0.99
2020-10-13 13:18:00,0.95,0.95,0.95,0.95,225,356625,0.99
2020-10-13 13:20:00,0.90,1.00,0.90,1.00,2325,356625,0.98
2020-10-13 13:21:00,0.95,0.95,0.95,0.95,75,356625,0.98
2020-10-13 13:22:00,0.90,0.95,0.90,0.95,600,356625,0.98
2020-10-13 13:26:00,0.90,0.90,0.90,0.90,900,356250,0.98
2020-10-13 13:28:00,1.00,1.00,1.00,1.00,17175,356250,0.98
2020-10-13 13:30:00,1.00,1.05,1.00,1.05,1575,356250,0.98
2020-10-13 13:31:00,1.00,1.00,1.00,1.00,75,356250,0.98
2020-10-13 13:32:00,1.00,1.00,1.00,1.00,2550,356250,0.98
2020-10-13 13:45:00,0.95,0.95,0.95,0.95,75,356475,0.98
2020-10-13 13:47:00,0.95,0.95,0.95,0.95,75,356475,0.98
2020-10-13 13:53:00,0.95,0.95,0.95,0.95,75,356475,0.98
2020-10-13 13:55:00,0.95,0.95,0.95,0.95,75,356475,0.98
2020-10-13 13:56:00,0.95,0.95,0.95,0.95,1050,356475,0.98
2020-10-13 13:57:00,0.95,0.95,0.95,0.95,675,356475,0.98
2020-10-13 14:01:00,1.00,1.00,1.00,1.00,300,356400,0.98
2020-10-13 14:03:00,0.95,0.95,0.95,0.95,75,356400,0.98
2020-10-13 14:07:00,0.95,0.95,0.95,0.95,1500,356325,0.98
2020-10-13 14:08:00,0.95,0.95,0.95,0.95,6900,356325,0.98
2020-10-13 14:10:00,0.95,1.00,0.95,1.00,5025,356325,0.98
2020-10-13 14:11:00,1.00,1.00,1.00,1.00,150,356325,0.98
2020-10-13 14:15:00,0.95,0.95,0.95,0.95,225,353250,0.98
2020-10-13 14:16:00,1.00,1.00,1.00,1.00,75,353250,0.98
2020-10-13 14:17:00,1.05,1.05,1.05,1.05,75,353250,0.98
2020-10-13 14:19:00,1.00,1.00,1.00,1.00,75,353175,0.98
2020-10-13 14:20:00,1.05,1.10,1.05,1.05,7800,353175,0.99
2020-10-13 14:21:00,1.10,1.10,1.10,1.10,4950,353100,0.99
2020-10-13 14:22:00,1.05,1.05,1.05,1.05,4425,353100,0.99
2020-10-13 14:24:00,1.05,1.05,1.05,1.05,600,353100,0.99
2020-10-13 14:26:00,1.00,1.00,1.00,1.00,225,353100,0.99
2020-10-13 14:29:00,1.00,1.00,1.00,1.00,75,352875,0.99
2020-10-13 14:33:00,1.05,1.05,1.05,1.05,150,352800,0.99
2020-10-13 14:35:00,1.00,1.00,1.00,1.00,150,352800,0.99
2020-10-13 14:37:00,1.00,1.00,1.00,1.00,2400,352650,0.99
2020-10-13 14:44:00,1.00,1.00,1.00,1.00,825,350250,0.99
2020-10-13 14:47:00,0.95,1.05,0.95,1.05,17550,350250,0.99
2020-10-13 14:48:00,1.00,1.00,1.00,1.00,3000,349425,0.99
2020-10-13 14:49:00,0.95,1.00,0.95,1.00,1500,349425,0.99
2020-10-13 14:50:00,0.95,1.00,0.95,1.00,300,349425,0.99
2020-10-13 14:51:00,0.95,0.95,0.95,0.95,75,349425,0.99
2020-10-13 14:53:00,0.95,0.95,0.95,0.95,300,349425,0.99
2020-10-13 14:54:00,0.95,0.95,0.95,0.95,750,349425,0.99
2020-10-13 14:57:00,1.00,1.00,1.00,1.00,1200,348675,0.99
2020-10-13 15:03:00,1.00,1.00,1.00,1.00,4200,348675,0.99
2020-10-13 15:04:00,1.00,1.00,1.00,1.00,300,348675,0.99
2020-10-13 15:05:00,1.00,1.00,1.00,1.00,450,348675,0.99
2020-10-13 15:06:00,1.00,1.00,1.00,1.00,675,348675,0.99
2020-10-13 15:07:00,1.00,1.00,1.00,1.00,3225,343050,0.99
2020-10-13 15:09:00,1.05,1.05,1.00,1.00,975,339825,0.99
2020-10-13 15:10:00,1.00,1.00,1.00,1.00,1725,339825,0.99
2020-10-13 15:11:00,1.00,1.00,1.00,1.00,1200,339825,0.99
2020-10-13 15:13:00,1.05,1.05,1.05,1.05,450,335925,0.99
2020-10-13 15:15:00,1.05,1.05,1.05,1.05,3375,335925,0.99
2020-10-13 15:16:00,1.00,1.05,1.00,1.05,2550,332550,0.99
2020-10-13 15:17:00,1.05,1.05,1.05,1.05,225,332550,0.99
2020-10-13 15:18:00,1.05,1.05,0.90,0.90,10200,328050,0.99
2020-10-13 15:19:00,0.90,0.95,0.85,0.85,14550,328050,0.98
2020-10-13 15:20:00,0.90,0.95,0.85,0.90,2325,328050,0.98
2020-10-13 15:21:00,0.85,0.90,0.85,0.90,5925,323100,0.98
2020-10-13 15:22:00,0.90,0.90,0.90,0.90,1875,323100,0.98
2020-10-13 15:23:00,0.90,1.00,0.90,1.00,8025,323100,0.98
2020-10-13 15:24:00,0.95,0.95,0.95,0.95,2475,320175,0.98
2020-10-13 15:25:00,0.95,1.05,0.95,0.95,600,320175,0.98
2020-10-13 15:26:00,0.90,0.95,0.90,0.90,975,320175,0.98
2020-10-13 15:27:00,0.90,0.90,0.85,0.85,8400,316500,0.98
2020-10-13 15:28:00,0.80,0.85,0.80,0.80,11175,316500,0.97
2020-10-13 15:29:01,0.80,0.85,0.75,0.85,4350,316500,0.97
2020-10-14 09:15:00,0.75,0.75,0.75,0.75,150,315075,0.75
2020-10-14 09:16:00,0.65,0.75,0.65,0.75,3375,315075,0.71
2020-10-14 09:17:00,0.65,0.75,0.65,0.75,600,315075,0.71
2020-10-14 09:18:00,0.75,0.75,0.75,0.75,75,315075,0.71
2020-10-14 09:19:00,0.70,0.75,0.70,0.75,225,315075,0.71
2020-10-14 09:20:00,0.75,0.75,0.70,0.75,450,314925,0.71
2020-10-14 09:21:00,0.70,0.70,0.70,0.70,75,314925,0.71
2020-10-14 09:22:00,0.75,0.75,0.75,0.75,675,314925,0.72
2020-10-14 09:23:00,0.75,0.75,0.75,0.75,1500,314925,0.72
2020-10-14 09:27:00,0.75,0.75,0.75,0.75,225,314925,0.72
2020-10-14 09:28:00,0.65,0.70,0.65,0.70,2100,314925,0.72
2020-10-14 09:29:00,0.65,0.70,0.65,0.70,1800,314850,0.72
2020-10-14 09:30:00,0.80,0.80,0.80,0.80,75,314850,0.72
2020-10-14 09:31:00,0.95,0.95,0.95,0.95,750,314850,0.73
2020-10-14 09:32:00,0.90,0.90,0.85,0.85,5100,315450,0.77
2020-10-14 09:33:00,0.80,0.80,0.80,0.80,75,315450,0.78
2020-10-14 09:34:00,0.80,0.80,0.80,0.80,75,315450,0.78
2020-10-14 09:35:00,0.70,0.80,0.70,0.80,2700,313875,0.77
2020-10-14 09:37:00,0.75,0.75,0.75,0.75,450,313875,0.77
2020-10-14 09:39:00,0.80,0.80,0.80,0.80,2250,313875,0.77
2020-10-14 09:42:00,0.80,0.80,0.80,0.80,1500,313875,0.77
2020-10-14 09:43:00,0.75,0.75,0.75,0.75,150,313875,0.77
2020-10-14 09:44:00,0.75,0.75,0.70,0.70,1650,313425,0.77
2020-10-14 09:47:00,0.70,0.70,0.70,0.70,1200,313425,0.77
2020-10-14 09:48:00,0.70,0.70,0.70,0.70,75,0,0.77
2020-10-14 09:49:00,0.75,0.75,0.70,0.70,3600,313425,0.76
2020-10-14 09:50:00,0.70,0.70,0.70,0.70,1200,0,0.76
2020-10-14 09:52:00,0.70,0.70,0.70,0.70,75,313350,0.76
2020-10-14 09:53:00,0.70,0.70,0.70,0.70,600,313350,0.76
2020-10-14 09:57:00,0.70,0.70,0.70,0.70,1200,313350,0.76
2020-10-14 09:58:00,0.75,0.75,0.75,0.75,525,313350,0.76
2020-10-14 09:59:00,0.70,0.70,0.70,0.70,750,313350,0.76
2020-10-14 10:03:00,0.70,0.70,0.70,0.70,1275,312825,0.75
2020-10-14 10:05:00,0.70,0.70,0.70,0.70,1800,312825,0.75
2020-10-14 10:06:00,0.70,0.70,0.70,0.70,75,312825,0.75
2020-10-14 10:09:00,0.65,0.65,0.65,0.65,1950,314625,0.75
2020-10-14 10:12:00,0.70,0.70,0.65,0.65,2250,314700,0.74
2020-10-14 10:13:00,0.65,0.65,0.65,0.65,1500,314700,0.74
2020-10-14 10:14:00,0.65,0.65,0.65,0.65,1275,314700,0.74
2020-10-14 10:15:00,0.70,0.70,0.70,0.70,1575,314700,0.73
2020-10-14 10:17:00,0.65,0.65,0.65,0.65,75,314700,0.73
2020-10-14 10:18:00,0.65,0.65,0.65,0.65,600,314700,0.73
2020-10-14 10:19:00,0.60,0.60,0.60,0.60,900,314700,0.73
2020-10-14 10:20:00,0.65,0.65,0.65,0.65,900,315300,0.73
2020-10-14 10:22:00,0.65,0.65,0.65,0.65,600,315300,0.73
2020-10-14 10:29:00,0.60,0.60,0.60,0.60,300,316200,0.73
2020-10-14 10:30:00,0.65,0.65,0.65,0.65,150,316200,0.73
2020-10-14 10:35:00,0.60,0.60,0.60,0.60,75,316200,0.73
2020-10-14 10:36:00,0.65,0.65,0.65,0.65,675,316200,0.73
2020-10-14 10:40:00,0.65,0.65,0.60,0.60,675,316275,0.72
2020-10-14 10:44:00,0.60,0.60,0.60,0.60,600,316275,0.72
2020-10-14 10:46:00,0.60,0.60,0.60,0.60,5925,316275,0.71
2020-10-14 10:47:00,0.60,0.70,0.60,0.70,1125,316275,0.71
2020-10-14 10:50:00,0.65,0.65,0.65,0.65,300,316050,0.71
2020-10-14 10:55:00,0.55,0.60,0.55,0.60,1275,316050,0.70
2020-10-14 10:56:00,0.60,0.60,0.60,0.60,675,316050,0.70
2020-10-14 10:58:00,0.60,0.60,0.60,0.60,150,316125,0.70
2020-10-14 10:59:00,0.60,0.60,0.60,0.60,75,316125,0.70
2020-10-14 11:00:00,0.60,0.60,0.60,0.60,300,316125,0.70
2020-10-14 11:02:00,0.55,0.55,0.55,0.55,525,316125,0.70
2020-10-14 11:03:00,0.60,0.60,0.60,0.60,450,316125,0.70
2020-10-14 11:05:00,0.60,0.60,0.60,0.60,75,316125,0.70
2020-10-14 11:07:00,0.55,0.55,0.55,0.55,225,316125,0.70
2020-10-14 11:08:00,0.60,0.60,0.60,0.60,600,316125,0.70
2020-10-14 11:09:00,0.60,0.60,0.55,0.55,150,316125,0.70
2020-10-14 11:10:00,0.60,0.60,0.60,0.60,300,316125,0.70
2020-10-14 11:15:00,0.60,0.60,0.60,0.60,450,316200,0.70
2020-10-14 11:16:00,0.60,0.60,0.60,0.60,375,316200,0.70
2020-10-14 11:26:00,0.60,0.60,0.60,0.60,1050,316275,0.70
2020-10-14 11:36:00,0.60,0.60,0.60,0.60,2550,316275,0.69
2020-10-14 11:41:00,0.55,0.55,0.55,0.55,4350,316275,0.68
2020-10-14 11:59:00,0.50,0.55,0.50,0.55,300,316275,0.68
2020-10-14 12:01:00,0.60,0.60,0.60,0.60,150,316275,0.68
2020-10-14 12:05:00,0.55,0.55,0.55,0.55,4500,316275,0.67
2020-10-14 12:15:00,0.60,0.60,0.55,0.55,5025,316275,0.67
2020-10-14 12:16:00,0.55,0.55,0.55,0.55,1950,316275,0.66
2020-10-14 12:17:00,0.60,0.60,0.60,0.60,600,316275,0.66
2020-10-14 12:18:00,0.60,0.60,0.60,0.60,1200,316350,0.66
2020-10-14 12:23:00,0.55,0.55,0.55,0.55,750,316350,0.66
2020-10-14 12:27:00,0.55,0.55,0.55,0.55,150,316350,0.66
2020-10-14 12:30:00,0.55,0.55,0.55,0.55,75,316350,0.66
2020-10-14 12:31:00,0.55,0.55,0.55,0.55,375,316350,0.66
2020-10-14 12:32:00,0.60,0.60,0.60,0.60,1425,316350,0.66
2020-10-14 12:33:00,0.55,0.60,0.55,0.60,825,316350,0.66
2020-10-14 12:35:00,0.60,0.60,0.60,0.60,150,316350,0.66
2020-10-14 12:36:00,0.60,0.60,0.60,0.60,3000,316350,0.66
2020-10-14 12:37:00,0.60,0.60,0.60,0.60,2100,316350,0.66
2020-10-14 12:38:00,0.65,0.65,0.65,0.65,1200,316350,0.66
2020-10-14 12:39:00,0.55,0.55,0.55,0.55,150,316350,0.65
2020-10-14 12:40:00,0.65,0.65,0.65,0.65,1050,316350,0.65
2020-10-14 12:51:00,0.55,0.55,0.55,0.55,450,317625,0.65
2020-10-14 12:58:00,0.65,0.65,0.55,0.55,9675,317175,0.65
2020-10-14 13:00:00,0.55,0.55,0.55,0.55,900,310950,0.65
2020-10-14 13:01:00,0.65,0.65,0.60,0.60,1650,310950,0.65
2020-10-14 13:03:00,0.60,0.60,0.60,0.60,6525,308775,0.65
2020-10-14 13:04:00,0.60,0.60,0.60,0.60,675,308775,0.65
2020-10-14 13:05:00,0.55,0.55,0.55,0.55,525,308775,0.65
2020-10-14 13:12:00,0.55,0.55,0.55,0.55,225,301425,0.65
2020-10-14 13:15:00,0.60,0.60,0.60,0.60,225,301425,0.65
2020-10-14 13:16:00,0.60,0.60,0.60,0.60,3900,301425,0.65
2020-10-14 13:17:00,0.55,0.55,0.55,0.55,600,301425,0.65
2020-10-14 13:18:00,0.55,0.55,0.55,0.55,3000,301275,0.64
2020-10-14 13:25:00,0.60,0.60,0.60,0.60,225,295950,0.64
2020-10-14 13:27:00,0.55,0.55,0.55,0.55,375,295950,0.64
2020-10-14 13:28:00,0.55,0.55,0.55,0.55,75,295950,0.64
2020-10-14 13:29:00,0.60,0.60,0.55,0.55,2025,295950,0.64
2020-10-14 13:32:00,0.60,0.60,0.60,0.60,3750,294825,0.64
2020-10-14 13:33:00,0.55,0.55,0.55,0.55,2025,294825,0.64
2020-10-14 13:35:00,0.55,0.55,0.55,0.55,1350,294825,0.64
2020-10-14 13:36:00,0.55,0.55,0.55,0.55,1650,294825,0.64
2020-10-14 13:37:00,0.50,0.50,0.50,0.50,150,294825,0.64
2020-10-14 13:40:00,0.55,0.55,0.55,0.55,1500,294750,0.64
2020-10-14 13:41:00,0.50,0.50,0.50,0.50,225,294750,0.64
2020-10-14 13:42:00,0.50,0.50,0.50,0.50,225,294975,0.63
2020-10-14 13:44:00,0.50,0.50,0.50,0.50,75,294975,0.63
2020-10-14 13:46:00,0.50,0.50,0.50,0.50,75,294975,0.63
2020-10-14 13:47:00,0.50,0.50,0.50,0.50,75,294975,0.63
2020-10-14 13:48:00,0.50,0.50,0.50,0.50,1350,294975,0.63
2020-10-14 13:51:00,0.50,0.50,0.50,0.50,150,294750,0.63
2020-10-14 14:01:00,0.50,0.50,0.50,0.50,1950,294750,0.63
2020-10-14 14:02:00,0.50,0.50,0.50,0.50,2100,294750,0.63
2020-10-14 14:03:00,0.55,0.55,0.50,0.55,5250,294150,0.63
2020-10-14 14:04:00,0.55,0.55,0.50,0.50,6600,294150,0.62
2020-10-14 14:05:00,0.55,0.55,0.55,0.55,7425,294150,0.62
2020-10-14 14:06:00,0.50,0.55,0.50,0.50,5250,283050,0.62
2020-10-14 14:08:00,0.50,0.55,0.50,0.55,5850,283050,0.61
2020-10-14 14:09:00,0.50,0.50,0.50,0.50,1875,275925,0.61
2020-10-14 14:10:00,0.55,0.55,0.55,0.55,5850,275925,0.61
2020-10-14 14:11:00,0.55,0.55,0.55,0.55,13125,275925,0.61
2020-10-14 14:13:00,0.55,0.55,0.55,0.55,75,272550,0.61
2020-10-14 14:19:00,0.55,0.55,0.55,0.55,450,264525,0.61
2020-10-14 14:21:00,0.50,0.50,0.50,0.50,300,264525,0.61
2020-10-14 14:27:00,0.55,0.55,0.55,0.55,8250,248775,0.60
2020-10-14 14:28:00,0.60,0.60,0.60,0.60,1800,240525,0.60
2020-10-14 14:30:00,0.55,0.55,0.55,0.55,1050,238725,0.60
2020-10-14 14:31:00,0.55,0.55,0.55,0.55,375,238725,0.60
2020-10-14 14:32:00,0.55,0.55,0.55,0.55,1575,238725,0.60
2020-10-14 14:33:00,0.55,0.55,0.55,0.55,1725,238275,0.60
2020-10-14 14:34:00,0.55,0.55,0.55,0.55,900,0,0.60
2020-10-14 14:37:00,0.55,0.55,0.55,0.55,150,236100,0.60
2020-10-14 14:42:00,0.50,0.50,0.50,0.50,600,235950,0.60
2020-10-14 14:43:00,0.50,0.50,0.40,0.40,1875,235950,0.60
2020-10-14 14:51:00,0.50,0.50,0.50,0.50,75,235950,0.60
2020-10-14 14:52:00,0.50,0.50,0.50,0.50,5625,235950,0.60
2020-10-14 14:53:00,0.50,0.55,0.50,0.55,750,235950,0.60
2020-10-14 14:55:00,0.50,0.50,0.50,0.50,75,232575,0.60
2020-10-14 14:56:00,0.55,0.55,0.55,0.55,3000,232575,0.60
2020-10-14 14:57:00,0.55,0.55,0.55,0.55,1950,232575,0.60
2020-10-14 14:58:00,0.55,0.60,0.55,0.55,5400,232500,0.60
2020-10-14 14:59:00,0.55,0.55,0.55,0.55,4950,232500,0.59
2020-10-14 15:01:00,0.60,0.60,0.55,0.55,5100,220200,0.59
2020-10-14 15:02:00,0.50,0.60,0.50,0.50,8325,220200,0.59
2020-10-14 15:03:00,0.55,0.55,0.55,0.55,1500,212400,0.59
2020-10-14 15:04:00,0.60,0.60,0.50,0.50,5775,212400,0.59
2020-10-14 15:05:00,0.50,0.50,0.50,0.50,2175,212400,0.59
2020-10-14 15:06:00,0.55,0.55,0.55,0.55,4800,208500,0.59
2020-10-14 15:07:00,0.55,0.55,0.30,0.30,3150,208500,0.59
2020-10-14 15:09:00,0.50,0.50,0.50,0.50,4950,204300,0.59
2020-10-14 15:11:00,0.35,0.35,0.35,0.35,75,204300,0.59
2020-10-14 15:12:00,0.25,0.25,0.25,0.25,225,201825,0.59
2020-10-14 15:13:00,0.35,0.35,0.35,0.35,300,201825,0.59
2020-10-14 15:17:00,0.35,0.35,0.35,0.35,4950,197925,0.58
2020-10-14 15:21:00,0.35,0.35,0.35,0.35,1200,195375,0.58
2020-10-14 15:22:00,0.20,0.20,0.20,0.20,4275,195375,0.58
2020-10-14 15:23:00,0.35,0.40,0.30,0.30,1050,195375,0.58
2020-10-14 15:24:00,0.30,0.30,0.30,0.30,450,191475,0.57
2020-10-14 15:26:00,0.30,0.30,0.30,0.30,150,191475,0.57
2020-10-14 15:28:00,0.40,0.40,0.40,0.40,75,191475,0.57
2020-10-14 15:29:01,0.35,0.35,0.35,0.35,75,191475,0.57
2020-10-15 09:15:00,0.30,0.30,0.10,0.10,450,185325,0.23
2020-10-15 09:17:00,0.20,0.20,0.15,0.15,8025,185325,0.17
2020-10-15 09:18:00,0.15,0.15,0.15,0.15,2925,185325,0.17
2020-10-15 09:19:00,0.15,0.15,0.15,0.15,2250,185325,0.16
2020-10-15 09:22:00,0.15,0.15,0.15,0.15,1200,181425,0.16
2020-10-15 09:24:00,0.10,0.10,0.10,0.10,150,181050,0.16
2020-10-15 09:25:00,0.10,0.10,0.10,0.10,1800,181050,0.15
2020-10-15 09:26:00,0.10,0.10,0.10,0.10,1050,181050,0.15
2020-10-15 09:31:00,0.15,0.15,0.15,0.15,750,181050,0.15
2020-10-15 09:32:00,0.10,0.15,0.10,0.10,11175,181050,0.13
2020-10-15 09:34:00,0.10,0.15,0.10,0.15,1650,181050,0.13
2020-10-15 09:36:00,0.15,0.15,0.10,0.10,525,181050,0.13
2020-10-15 09:37:00,0.10,0.10,0.10,0.10,450,181050,0.13
2020-10-15 09:39:00,0.10,0.10,0.10,0.10,2250,181050,0.13
2020-10-15 09:40:00,0.10,0.10,0.10,0.10,600,0,0.12
2020-10-15 09:41:00,0.15,0.15,0.10,0.10,375,179025,0.12
2020-10-15 09:43:00,0.10,0.10,0.10,0.10,150,179025,0.12
2020-10-15 09:45:00,0.10,0.10,0.10,0.10,75,178650,0.12
2020-10-15 09:46:00,0.10,0.10,0.10,0.10,450,178650,0.12
2020-10-15 09:47:00,0.10,0.10,0.10,0.10,1800,178125,0.12
2020-10-15 09:48:00,0.15,0.15,0.15,0.15,75,178125,0.12
2020-10-15 09:49:00,0.10,0.10,0.10,0.10,450,178125,0.12
2020-10-15 09:50:00,0.10,0.15,0.10,0.15,375,175800,0.12
2020-10-15 09:51:00,0.10,0.10,0.10,0.10,600,175800,0.12
2020-10-15 09:52:00,0.10,0.10,0.10,0.10,2100,175800,0.12
2020-10-15 09:53:00,0.10,0.15,0.10,0.15,3300,172425,0.12
2020-10-15 09:54:00,0.15,0.15,0.15,0.15,1500,172425,0.12
2020-10-15 10:02:00,0.10,0.10,0.10,0.10,7950,164925,0.12
2020-10-15 10:20:00,0.10,0.10,0.10,0.10,75,164475,0.12
2020-10-15 10:25:00,0.05,0.05,0.05,0.05,75,164475,0.12
2020-10-15 10:28:00,0.10,0.10,0.10,0.10,150,164550,0.12
2020-10-15 10:30:00,0.05,0.05,0.05,0.05,150,164475,0.12
2020-10-15 10:33:00,0.10,0.10,0.10,0.10,75,164475,0.12
2020-10-15 10:34:00,0.05,0.05,0.05,0.05,225,164475,0.12
2020-10-15 10:36:00,0.10,0.10,0.10,0.10,150,164700,0.12
2020-10-15 10:38:00,0.05,0.05,0.05,0.05,300,164325,0.12
2020-10-15 10:40:00,0.05,0.05,0.05,0.05,150,164325,0.12
2020-10-15 10:51:00,0.10,0.10,0.10,0.10,75,164550,0.12
2020-10-15 10:52:00,0.10,0.10,0.10,0.10,750,164550,0.12
2020-10-15 10:53:00,0.05,0.05,0.05,0.05,75,164550,0.12
2020-10-15 10:58:00,0.05,0.05,0.05,0.05,75,164550,0.12
2020-10-15 11:02:00,0.05,0.10,0.05,0.10,750,165000,0.12
2020-10-15 11:05:00,0.10,0.10,0.10,0.10,75,164700,0.12
2020-10-15 11:09:00,0.10,0.10,0.10,0.10,75,164700,0.12
2020-10-15 11:11:00,0.05,0.05,0.05,0.05,75,164700,0.12
2020-10-15 11:16:00,0.05,0.05,0.05,0.05,75,164700,0.12
2020-10-15 11:20:00,0.05,0.05,0.05,0.05,75,164700,0.12
2020-10-15 11:42:00,0.05,0.05,0.05,0.05,975,164700,0.11
2020-10-15 11:55:00,0.05,0.05,0.05,0.05,375,164700,0.11
2020-10-15 11:57:00,0.05,0.05,0.05,0.05,3825,164700,0.11
2020-10-15 11:58:00,0.05,0.05,0.05,0.05,675,164700,0.11
2020-10-15 12:00:00,0.05,0.05,0.05,0.05,75,164700,0.11
2020-10-15 12:02:00,0.05,0.05,0.05,0.05,375,164700,0.11
2020-10-15 12:07:00,0.05,0.05,0.05,0.05,3075,164700,0.11
2020-10-15 12:12:00,0.05,0.05,0.05,0.05,75,164700,0.11
2020-10-15 12:30:00,0.05,0.05,0.05,0.05,150,164700,0.11
2020-10-15 12:32:00,0.05,0.05,0.05,0.05,75,164700,0.11
2020-10-15 12:33:00,0.05,0.05,0.05,0.05,225,164700,0.11
2020-10-15 12:44:00,0.05,0.05,0.05,0.05,525,164700,0.10
2020-10-15 13:02:00,0.05,0.05,0.05,0.05,600,164700,0.10
2020-10-15 13:08:00,0.05,0.05,0.05,0.05,300,164100,0.10
2020-10-15 13:12:00,0.05,0.05,0.05,0.05,225,163800,0.10
2020-10-15 13:14:00,0.05,0.05,0.05,0.05,150,163800,0.10
2020-10-15 13:22:00,0.05,0.05,0.05,0.05,1800,163425,0.10
2020-10-15 13:34:00,0.05,0.05,0.05,0.05,7725,161625,0.10
2020-10-15 13:39:00,0.05,0.05,0.05,0.05,4650,153900,0.09
2020-10-15 14:02:00,0.05,0.05,0.05,0.05,900,149250,0.09
2020-10-15 14:08:00,0.05,0.05,0.05,0.05,525,148350,0.09
2020-10-15 14:11:00,0.05,0.05,0.05,0.05,375,148350,0.09
2020-10-15 14:13:00,0.05,0.05,0.05,0.05,750,148350,0.09
2020-10-15 14:15:00,0.05,0.05,0.05,0.05,1650,148350,0.09
2020-10-15 14:16:00,0.05,0.05,0.05,0.05,1050,148350,0.09
2020-10-15 14:18:00,0.05,0.05,0.05,0.05,75,148350,0.09
2020-10-15 14:22:00,0.05,0.05,0.05,0.05,150,150150,0.09
2020-10-15 14:23:00,0.05,0.05,0.05,0.05,2025,150150,0.09
2020-10-15 14:24:00,0.05,0.05,0.05,0.05,375,152325,0.09
2020-10-15 14:25:00,0.05,0.05,0.05,0.05,375,152325,0.09
2020-10-15 14:31:00,0.05,0.05,0.05,0.05,900,153075,0.09
2020-10-15 14:40:00,0.05,0.05,0.05,0.05,450,153975,0.09
2020-10-15 14:47:00,0.05,0.05,0.05,0.05,2100,154425,0.09
2020-10-15 14:53:00,0.05,0.05,0.05,0.05,600,156525,0.09
2020-10-15 15:09:00,0.10,0.10,0.10,0.10,375,156675,0.09
2020-10-15 15:10:00,0.10,0.10,0.10,0.10,1875,156675,0.09
2020-10-15 15:20:00,0.05,0.05,0.05,0.05,75,156675,0.09
2020-10-15 15:23:00,0.05,0.05,0.05,0.05,75,156675,0.09
