date,open,high,low,close,volume,oi
2020-06-03 09:15:00,272.10,275.00,272.10,275.00,40,0
2020-06-03 09:16:00,350.00,350.00,350.00,350.00,100,0
2020-06-03 09:20:00,450.00,450.00,450.00,450.00,220,140
2020-06-03 09:24:00,780.00,800.00,780.00,780.00,80,360
2020-06-03 09:25:00,780.00,849.90,780.00,838.10,80,360
2020-06-03 09:29:00,777.00,777.00,777.00,777.00,20,460
2020-06-03 09:30:00,777.00,777.00,769.50,769.50,160,460
2020-06-03 09:31:00,772.85,772.85,765.00,765.00,40,460
2020-06-03 09:32:00,763.90,763.90,743.25,749.90,400,660
2020-06-03 09:33:00,743.00,743.00,743.00,743.00,100,660
2020-06-03 09:34:00,749.20,749.20,740.00,740.00,40,660
2020-06-03 09:35:00,726.35,726.35,722.60,722.60,60,1020
2020-06-03 09:36:00,755.05,778.30,754.60,778.30,160,1020
2020-06-03 09:37:00,762.95,763.40,762.95,763.40,160,1020
2020-06-03 09:38:00,768.80,768.80,768.80,768.80,80,1020
2020-06-03 09:39:00,767.05,767.05,767.05,767.05,20,1000
2020-06-03 09:40:00,768.00,768.00,768.00,768.00,100,1000
2020-06-03 09:42:00,756.00,765.00,756.00,757.00,240,1060
2020-06-03 09:45:00,773.75,773.75,764.00,764.00,220,1060
2020-06-03 09:46:00,774.00,774.00,774.00,774.00,40,1060
2020-06-03 09:47:00,764.00,764.00,751.10,751.10,60,1260
2020-06-03 09:48:00,750.00,750.00,740.20,740.20,220,1260
2020-06-03 09:49:00,737.05,737.05,737.05,737.05,40,1260
2020-06-03 09:50:00,736.30,737.60,735.00,735.00,120,1240
2020-06-03 09:51:00,735.00,735.00,735.00,735.00,40,1240
2020-06-03 09:54:00,722.55,722.55,720.00,720.00,140,1220
2020-06-03 09:55:00,714.15,714.15,714.15,714.15,20,1220
2020-06-03 09:56:00,723.00,723.00,723.00,723.00,40,1220
2020-06-03 09:57:00,730.00,730.00,730.00,730.00,200,1300
2020-06-03 09:59:00,753.15,753.15,753.15,753.15,20,1300
2020-06-03 10:00:00,738.00,769.25,738.00,769.25,260,1340
2020-06-03 10:01:00,763.75,862.15,763.75,805.70,680,1340
2020-06-03 10:02:00,836.80,836.80,836.80,836.80,20,1520
2020-06-03 10:03:00,820.95,820.95,820.95,820.95,20,1520
2020-06-03 10:05:00,832.05,855.00,832.00,855.00,160,1520
2020-06-03 10:06:00,875.55,875.55,865.35,865.35,40,1520
2020-06-03 10:07:00,849.00,849.00,849.00,849.00,40,1520
2020-06-03 10:08:00,844.15,844.15,836.95,836.95,40,1520
2020-06-03 10:09:00,833.60,833.60,833.60,833.60,40,1460
2020-06-03 10:13:00,795.00,795.00,795.00,795.00,20,1460
2020-06-03 10:17:00,778.80,778.80,778.80,778.80,20,1340
2020-06-03 10:18:00,787.90,787.90,787.90,787.90,40,1340
2020-06-03 10:22:00,742.70,742.70,742.70,742.70,20,1340
2020-06-03 10:23:00,730.05,730.05,730.05,730.05,20,1340
2020-06-03 10:25:00,711.45,711.45,682.00,682.00,40,1320
2020-06-03 10:27:00,722.80,722.80,722.80,722.80,20,1320
2020-06-03 10:29:00,704.50,704.50,704.50,704.50,20,1340
2020-06-03 10:31:00,720.00,720.00,720.00,720.00,100,1340
2020-06-03 10:34:00,700.00,731.30,700.00,722.85,140,1420
2020-06-03 10:35:00,735.00,735.00,735.00,735.00,100,1420
2020-06-03 10:36:00,700.00,700.00,700.00,700.00,20,1580
2020-06-03 10:37:00,680.00,680.00,680.00,680.00,100,1580
2020-06-03 10:38:00,680.35,683.70,675.00,681.15,160,1480
2020-06-03 10:39:00,685.00,685.00,680.00,680.00,40,1480
2020-06-03 10:40:00,675.00,680.00,675.00,678.10,180,1480
2020-06-03 10:41:00,691.00,697.00,691.00,697.00,120,1480
2020-06-03 10:44:00,698.55,698.55,698.55,698.55,20,1680
2020-06-03 10:46:00,695.00,695.00,695.00,695.00,20,1680
2020-06-03 10:49:00,686.00,686.00,686.00,686.00,100,1680
2020-06-03 10:51:00,684.10,684.10,684.10,684.10,80,1720
2020-06-03 10:52:00,693.35,693.35,693.35,693.35,20,1720
2020-06-03 10:53:00,695.00,702.80,694.40,702.80,140,1720
2020-06-03 10:54:00,682.60,682.60,682.60,682.60,20,1780
2020-06-03 11:04:00,696.90,696.90,696.90,696.90,40,1720
2020-06-03 11:07:00,706.00,706.00,706.00,706.00,20,1760
2020-06-03 11:08:00,705.95,705.95,674.30,674.30,40,1800
2020-06-03 11:09:00,690.10,690.10,690.10,690.10,20,1800
2020-06-03 11:10:00,686.85,686.85,686.85,686.85,60,1800
2020-06-03 11:11:00,682.80,682.80,682.80,682.80,20,1800
2020-06-03 11:12:00,672.50,672.50,672.50,672.50,20,1840
2020-06-03 11:15:00,687.50,687.50,687.50,687.50,40,1820
2020-06-03 11:16:00,685.05,685.05,685.05,685.05,40,1820
2020-06-03 11:17:00,689.65,689.65,689.65,689.65,80,1840
2020-06-03 11:19:00,689.70,701.50,689.70,698.60,120,1840
2020-06-03 11:24:00,712.00,712.00,712.00,712.00,20,1880
2020-06-03 11:25:00,718.00,741.70,718.00,735.00,240,1880
2020-06-03 11:26:00,732.65,740.50,732.25,732.25,160,1900
2020-06-03 11:27:00,728.65,728.65,721.25,721.25,60,1900
2020-06-03 11:28:00,739.35,742.40,739.35,742.40,60,1900
2020-06-03 11:30:00,734.35,734.35,705.65,705.65,40,1920
2020-06-03 11:31:00,713.50,720.00,685.35,685.35,80,1920
2020-06-03 11:32:00,688.00,688.00,688.00,688.00,200,1920
2020-06-03 11:33:00,691.25,691.25,691.25,691.25,20,2140
2020-06-03 11:34:00,699.55,699.55,689.20,689.20,100,2140
2020-06-03 11:36:00,674.00,678.15,664.90,664.90,520,2160
2020-06-03 11:38:00,684.85,684.85,684.85,684.85,40,2160
2020-06-03 11:40:00,684.85,684.85,684.85,684.85,40,2440
2020-06-03 11:41:00,690.00,690.00,690.00,690.00,100,2440
2020-06-03 11:51:00,675.70,675.70,675.70,675.70,20,2100
2020-06-03 11:58:00,704.00,714.45,704.00,714.45,220,2040
2020-06-03 12:01:00,688.05,688.05,688.05,688.05,20,1960
2020-06-03 12:05:00,697.05,697.05,697.05,697.05,60,1960
2020-06-03 12:09:00,698.30,698.30,698.30,698.30,20,1940
2020-06-03 12:11:00,713.20,721.10,713.20,721.10,120,1940
2020-06-03 12:12:00,699.25,699.25,697.45,697.45,80,2040
2020-06-03 12:14:00,698.50,698.50,698.50,698.50,20,2060
2020-06-03 12:15:00,700.00,700.00,700.00,700.00,20,2060
2020-06-03 12:16:00,685.20,685.20,685.20,685.20,60,2060
2020-06-03 12:24:00,691.65,691.65,691.65,691.65,20,1980
2020-06-03 12:25:00,698.50,698.50,698.50,698.50,20,1980
2020-06-03 12:30:00,725.50,740.00,725.50,740.00,40,2020
2020-06-03 12:31:00,765.40,765.40,755.05,755.05,160,2020
2020-06-03 12:32:00,773.90,773.90,773.90,773.90,40,2020
2020-06-03 12:33:00,790.20,790.20,790.20,790.20,20,2060
2020-06-03 12:34:00,767.70,767.70,767.70,767.70,20,2060
2020-06-03 12:35:00,790.00,790.00,784.40,784.40,100,2060
2020-06-03 12:36:00,768.00,768.00,762.60,762.60,120,2060
2020-06-03 12:38:00,750.00,750.00,750.00,750.00,20,2060
2020-06-03 12:39:00,761.80,761.80,761.80,761.80,20,2100
2020-06-03 12:50:00,732.35,732.35,732.35,732.35,20,2100
2020-06-03 12:51:00,740.40,740.40,740.40,740.40,20,2000
2020-06-03 12:52:00,725.00,725.00,725.00,725.00,20,2000
2020-06-03 12:55:00,749.45,751.70,749.45,751.70,60,2020
2020-06-03 12:57:00,777.80,777.80,777.80,777.80,40,2000
2020-06-03 12:58:00,780.00,780.00,773.85,780.00,80,2000
2020-06-03 12:59:00,787.95,787.95,770.80,770.80,380,2140
2020-06-03 13:03:00,760.00,760.00,760.00,760.00,20,2140
2020-06-03 13:05:00,761.90,761.90,761.90,761.90,20,2120
2020-06-03 13:09:00,752.00,770.90,752.00,770.90,80,2140
2020-06-03 13:10:00,770.45,828.65,770.45,824.75,640,2140
2020-06-03 13:11:00,851.00,861.35,845.05,847.95,240,2140
2020-06-03 13:12:00,835.00,839.90,829.40,839.90,60,2420
2020-06-03 13:13:00,830.95,830.95,830.95,830.95,20,2420
2020-06-03 13:14:00,831.00,831.00,817.40,817.40,80,2420
2020-06-03 13:15:00,844.55,844.55,844.55,844.55,20,2340
2020-06-03 13:17:00,880.00,880.00,876.20,876.20,80,2340
2020-06-03 13:18:00,889.95,892.45,861.05,861.05,220,2340
2020-06-03 13:19:00,870.00,870.00,848.35,848.35,80,2340
2020-06-03 13:20:00,859.95,870.00,852.05,852.05,240,2340
2020-06-03 13:21:00,834.05,835.00,834.05,835.00,100,1880
2020-06-03 13:24:00,830.00,830.00,830.00,830.00,20,1820
2020-06-03 13:26:00,822.95,822.95,822.95,822.95,120,1820
2020-06-03 13:29:00,789.35,789.35,789.35,789.35,160,1720
2020-06-03 13:31:00,767.65,767.65,767.65,767.65,40,1700
2020-06-03 13:36:00,799.25,799.25,799.25,799.25,20,1680
2020-06-03 13:41:00,798.75,798.75,798.75,798.75,20,1700
2020-06-03 13:43:00,780.00,780.00,780.00,780.00,40,1700
2020-06-03 13:44:00,784.00,784.00,784.00,784.00,100,1700
2020-06-03 13:45:00,774.10,774.10,774.10,774.10,40,1760
2020-06-03 13:47:00,820.50,820.50,820.50,820.50,120,1760
2020-06-03 13:48:00,810.00,825.00,810.00,825.00,120,1720
2020-06-03 13:49:00,825.05,825.05,825.00,825.00,140,1720
2020-06-03 13:52:00,815.00,815.00,815.00,815.00,20,1680
2020-06-03 13:53:00,815.00,815.00,811.00,811.00,160,1680
2020-06-03 13:54:00,811.00,811.00,811.00,811.00,40,1740
2020-06-03 13:59:00,842.75,950.00,842.75,933.05,580,1780
2020-06-03 14:00:00,932.30,932.30,932.30,932.30,40,1780
2020-06-03 14:01:00,914.30,914.30,890.90,890.90,80,1780
2020-06-03 14:02:00,872.00,872.00,828.05,828.05,60,1780
2020-06-03 14:03:00,854.85,854.85,854.85,854.85,100,1780
2020-06-03 14:04:00,810.80,810.80,810.80,810.80,40,1780
2020-06-03 14:06:00,810.80,810.80,810.80,810.80,420,1780
2020-06-03 14:08:00,805.00,805.00,778.00,778.00,80,1780
2020-06-03 14:09:00,780.00,780.00,780.00,780.00,20,2220
2020-06-03 14:10:00,802.50,802.50,802.50,802.50,20,2220
2020-06-03 14:11:00,800.00,800.00,800.00,800.00,60,2220
2020-06-03 14:13:00,790.05,790.05,790.05,790.05,20,2200
2020-06-03 14:17:00,750.00,750.00,750.00,750.00,80,2220
2020-06-03 14:18:00,714.85,714.85,714.85,714.85,60,2020
2020-06-03 14:22:00,768.00,768.00,768.00,768.00,60,1980
2020-06-03 14:23:00,758.60,758.60,740.00,740.00,120,1980
2020-06-03 14:24:00,745.00,745.00,745.00,745.00,100,2040
2020-06-03 14:25:00,781.95,804.15,781.95,804.15,80,2040
2020-06-03 14:26:00,817.50,817.50,817.50,817.50,20,2040
2020-06-03 14:29:00,799.35,799.35,799.35,799.35,20,2140
2020-06-03 14:30:00,778.00,794.90,778.00,794.90,80,2160
2020-06-03 14:31:00,782.95,801.00,782.95,801.00,100,2160
2020-06-03 14:33:00,775.00,791.65,775.00,791.65,160,2360
2020-06-03 14:34:00,800.00,817.80,800.00,817.80,60,2360
2020-06-03 14:36:00,850.00,850.00,847.45,847.45,80,2180
2020-06-03 14:39:00,780.00,780.00,780.00,780.00,20,2180
2020-06-03 14:41:00,781.95,781.95,781.95,781.95,20,2180
2020-06-03 14:42:00,772.10,772.10,772.10,772.10,20,2180
2020-06-03 14:49:00,783.00,783.00,783.00,783.00,20,2160
2020-06-03 14:58:00,809.00,848.65,809.00,848.65,60,2160
2020-06-03 14:59:00,850.45,850.45,850.45,850.45,20,2160
2020-06-03 15:02:00,830.85,830.85,830.85,830.85,20,2200
2020-06-03 15:05:00,773.20,773.20,753.10,753.10,100,2200
2020-06-03 15:06:00,755.00,755.00,755.00,755.00,20,2120
2020-06-03 15:07:00,753.40,753.40,753.40,753.40,40,2120
2020-06-03 15:08:00,741.00,741.00,741.00,741.00,40,2120
2020-06-03 15:09:00,756.70,766.00,756.70,766.00,100,2180
2020-06-03 15:10:00,774.00,774.00,774.00,774.00,100,2180
2020-06-03 15:11:00,751.80,751.80,751.80,751.80,20,2180
2020-06-03 15:12:00,759.00,768.00,759.00,768.00,60,2300
2020-06-03 15:13:00,751.75,760.70,751.75,760.70,40,2300
2020-06-03 15:15:00,773.00,773.00,773.00,773.00,40,2320
2020-06-03 15:16:00,783.00,783.00,783.00,783.00,60,2320
2020-06-03 15:20:00,741.00,741.00,741.00,741.00,20,2340
2020-06-03 15:22:00,741.90,741.90,741.90,741.90,40,2300
2020-06-03 15:24:00,719.25,719.25,719.25,719.25,40,2280
2020-06-03 15:25:00,718.05,718.05,714.85,715.00,240,2280
2020-06-03 15:26:00,715.05,715.20,715.05,715.20,40,2280
2020-06-03 15:27:00,725.05,733.00,725.00,733.00,60,2420
2020-06-03 15:28:00,726.30,730.00,726.30,730.00,80,2420
2020-06-03 15:29:01,730.00,737.90,726.50,726.50,100,2420
2020-09-03 09:15:00,300.00,379.15,248.85,340.65,13400,2500
2020-09-03 09:16:00,339.15,382.90,336.60,366.00,17180,2500
2020-09-03 09:17:00,358.55,386.20,339.25,342.40,24420,7980
2020-09-03 09:18:00,342.45,355.60,329.00,335.00,11820,7980
2020-09-03 09:19:00,331.50,339.55,322.50,329.35,12820,7980
2020-09-03 09:20:00,330.25,331.80,322.00,325.00,9080,16300
2020-09-03 09:22:00,311.75,320.20,305.50,313.45,8260,16300
2020-09-03 09:23:00,311.05,320.10,308.70,316.95,4180,19860
2020-09-03 09:24:00,318.25,332.05,317.85,320.60,7200,19860
2020-09-03 09:25:00,320.25,330.20,318.20,328.40,5580,19860
2020-09-03 09:26:00,325.00,326.10,312.35,314.95,7980,22300
2020-09-03 09:27:00,313.00,313.00,292.05,304.00,12300,22300
2020-09-03 09:28:00,302.85,304.50,295.00,298.45,3760,22300
2020-09-03 09:29:00,298.55,302.35,290.25,291.95,9640,30980
2020-09-03 09:30:00,287.90,294.85,285.10,288.00,10200,30980
2020-09-03 09:31:00,288.60,295.90,284.00,288.35,3540,30980
2020-09-03 09:32:00,285.45,288.15,270.50,285.00,20620,36100
2020-09-03 09:33:00,284.80,286.65,280.20,280.25,4900,36100
2020-09-03 09:34:00,279.10,283.80,274.25,277.75,4320,36100
2020-09-03 09:35:00,276.90,279.10,267.75,274.45,6520,45440
2020-09-03 09:36:00,273.45,274.65,264.70,266.60,7160,45440
2020-09-03 09:37:00,264.90,265.15,243.30,256.00,23600,45440
2020-09-03 09:38:00,256.95,256.95,217.80,243.10,17720,49020
2020-09-03 09:39:00,241.60,244.75,221.85,225.55,15760,49020
2020-09-03 09:40:00,224.45,240.00,222.80,240.00,5780,49020
2020-09-03 09:41:00,242.90,242.90,232.30,238.80,4520,50840
2020-09-03 09:42:00,238.35,238.35,226.05,235.20,10020,50840
2020-09-03 09:43:00,233.00,239.65,232.65,237.25,7160,50840
2020-09-03 09:44:00,238.00,240.05,233.55,238.40,7480,57040
2020-09-03 09:45:00,239.00,239.00,222.60,227.20,6820,57040
2020-09-03 09:46:00,224.80,224.80,204.25,211.15,15480,57040
2020-09-03 09:47:00,210.20,217.30,206.60,209.15,5400,57060
2020-09-03 09:48:00,209.00,216.20,205.90,210.00,12540,57060
2020-09-03 09:49:00,208.85,208.85,194.60,204.00,11260,57060
2020-09-03 09:50:00,201.80,210.00,201.80,206.45,5100,57240
2020-09-03 09:51:00,206.95,220.15,205.35,215.40,14920,57240
2020-09-03 09:52:00,216.10,221.70,216.10,221.05,8260,57240
2020-09-03 09:53:00,219.90,228.75,218.45,225.00,8720,59760
2020-09-03 09:54:00,225.90,227.15,216.75,217.00,10860,59760
2020-09-03 09:55:00,216.80,216.80,206.05,206.15,14180,59760
2020-09-03 09:56:00,206.40,214.95,205.00,212.10,8740,68480
2020-09-03 09:57:00,210.05,211.10,205.00,208.80,5600,68480
2020-09-03 09:58:00,209.00,211.90,202.55,209.60,4800,68480
2020-09-03 09:59:00,210.15,211.50,204.30,211.50,7080,70300
2020-09-03 10:00:00,210.10,211.25,206.00,206.35,6800,70300
2020-09-03 10:01:00,208.00,208.50,201.00,204.85,6860,70300
2020-09-03 10:02:00,204.15,204.30,199.00,201.50,7280,72640
2020-09-03 10:03:00,200.05,200.20,192.00,199.15,6880,72640
2020-09-03 10:04:00,198.80,205.00,198.80,204.25,3500,72640
2020-09-03 10:05:00,204.85,207.05,201.40,204.20,5900,73120
2020-09-03 10:06:00,204.95,206.45,200.50,206.45,2880,73120
2020-09-03 10:07:00,206.10,216.80,203.15,213.65,9140,73120
2020-09-03 10:08:00,213.05,215.70,210.15,212.15,4460,75300
2020-09-03 10:09:00,212.75,213.50,209.35,213.10,3560,75300
2020-09-03 10:10:00,213.90,229.95,211.55,225.00,11320,75300
2020-09-03 10:11:00,224.05,230.40,220.35,223.05,13340,79080
2020-09-03 10:12:00,223.60,223.60,217.00,222.05,7840,79080
2020-09-03 10:13:00,223.10,226.35,220.00,222.55,3520,79080
2020-09-03 10:14:00,222.15,226.75,221.00,223.00,3520,79780
2020-09-03 10:15:00,224.30,228.20,220.90,228.20,1960,79780
2020-09-03 10:16:00,227.50,228.95,224.15,227.90,3820,79780
2020-09-03 10:18:00,225.35,229.05,222.20,228.45,3180,81660
2020-09-03 10:19:00,226.60,231.25,223.15,225.00,6740,81660
2020-09-03 10:20:00,225.95,228.20,221.55,222.45,2800,82340
2020-09-03 10:21:00,223.80,226.35,221.00,222.45,2460,82340
2020-09-03 10:22:00,220.00,220.00,202.70,204.20,9960,82340
2020-09-03 10:23:00,202.85,206.95,201.00,204.75,5540,84100
2020-09-03 10:24:00,204.75,208.10,202.55,206.35,3960,84100
2020-09-03 10:25:00,206.20,206.20,201.00,202.80,4740,84100
2020-09-03 10:26:00,202.50,204.55,198.20,202.30,4700,86020
2020-09-03 10:27:00,205.00,210.65,205.00,206.30,4640,86020
2020-09-03 10:29:00,210.25,210.90,202.85,202.85,5540,87280
2020-09-03 10:30:00,202.95,206.20,201.05,204.05,4360,87280
2020-09-03 10:31:00,206.45,216.25,206.45,212.35,4460,87280
2020-09-03 10:32:00,212.80,215.00,206.85,210.60,6780,88300
2020-09-03 10:33:00,210.95,212.05,207.20,208.95,1660,88300
2020-09-03 10:34:00,208.00,213.80,207.90,212.45,2680,88300
2020-09-03 10:35:00,211.70,213.45,209.85,212.00,2760,86940
2020-09-03 10:36:00,211.45,211.45,209.00,209.00,320,86940
2020-09-03 10:37:00,207.30,208.75,204.80,206.50,3740,86940
2020-09-03 10:38:00,206.80,207.05,201.45,207.05,2100,87980
2020-09-03 10:39:00,207.50,207.50,197.10,204.35,5520,87980
2020-09-03 10:40:00,204.35,205.00,189.30,196.85,10120,87980
2020-09-03 10:41:00,196.00,199.65,194.25,198.30,6680,90720
2020-09-03 10:42:00,196.10,200.55,194.35,199.00,1640,90720
2020-09-03 10:43:00,198.10,200.55,197.35,200.20,1220,90720
2020-09-03 10:44:00,200.00,200.00,191.75,192.45,2620,90720
2020-09-03 10:45:00,191.75,196.35,190.35,194.40,4120,90720
2020-09-03 10:46:00,195.50,199.55,193.20,199.10,2840,90720
2020-09-03 10:47:00,200.20,202.25,193.05,198.20,4880,91080
2020-09-03 10:48:00,198.25,202.00,197.85,200.05,2680,91080
2020-09-03 10:49:00,197.85,200.70,194.00,195.40,2620,91080
2020-09-03 10:50:00,195.95,196.50,183.00,191.70,11720,91000
2020-09-03 10:51:00,191.60,195.30,189.30,191.90,5260,91000
2020-09-03 10:52:00,193.35,193.35,184.05,192.20,10980,91000
2020-09-03 10:53:00,193.45,196.20,191.20,193.55,6140,91960
2020-09-03 10:54:00,192.85,204.00,192.85,203.00,5560,91960
2020-09-03 10:55:00,203.25,203.25,195.00,198.65,1960,91960
2020-09-03 10:56:00,199.20,200.50,192.30,193.90,3080,94120
2020-09-03 10:57:00,194.40,201.70,193.40,198.50,2180,94120
2020-09-03 10:58:00,198.20,198.20,192.90,194.00,6540,94120
2020-09-03 10:59:00,194.95,197.30,194.30,196.50,2920,93800
2020-09-03 11:00:00,196.75,199.50,192.20,196.00,5060,93800
2020-09-03 11:01:00,195.05,196.20,191.90,193.10,3940,93800
2020-09-03 11:02:00,194.05,198.45,191.45,195.65,2740,94100
2020-09-03 11:03:00,196.25,203.75,196.25,202.30,4100,94100
2020-09-03 11:04:00,202.00,203.00,200.00,201.60,2860,94100
2020-09-03 11:05:00,199.05,201.15,197.05,201.15,1180,95840
2020-09-03 11:06:00,200.90,204.90,200.90,202.65,3560,95840
2020-09-03 11:07:00,202.70,204.35,200.00,201.85,820,95840
2020-09-03 11:08:00,202.80,206.00,201.70,202.05,3360,95460
2020-09-03 11:09:00,201.40,205.40,201.40,202.15,1160,95460
2020-09-03 11:10:00,202.05,204.10,198.80,202.10,3540,95460
2020-09-03 11:11:00,202.35,210.65,202.35,210.65,3520,94620
2020-09-03 11:12:00,209.60,211.00,205.70,205.95,5640,94620
2020-09-03 11:13:00,208.00,210.00,207.55,208.85,2460,94620
2020-09-03 11:14:00,209.00,211.70,208.65,210.75,7140,95580
2020-09-03 11:15:00,211.00,217.25,210.45,210.55,7060,95580
2020-09-03 11:16:00,212.35,214.65,208.40,209.15,4960,95580
2020-09-03 11:17:00,208.35,210.90,206.00,209.30,3380,97960
2020-09-03 11:18:00,210.00,215.10,208.70,214.45,4040,97960
2020-09-03 11:19:00,213.60,219.55,211.15,217.45,6740,97960
2020-09-03 11:20:00,218.85,219.05,212.40,212.40,3620,95780
2020-09-03 11:21:00,213.60,218.00,212.65,215.70,2040,95780
2020-09-03 11:22:00,216.70,216.70,212.45,213.65,1480,95780
2020-09-03 11:23:00,214.20,216.60,213.00,216.60,1060,95080
2020-09-03 11:24:00,215.40,215.40,211.25,212.00,2420,95080
2020-09-03 11:25:00,212.70,213.20,207.80,209.20,3060,95080
2020-09-03 11:26:00,209.00,211.15,208.20,209.50,1660,95740
2020-09-03 11:27:00,209.65,216.35,208.20,215.40,1940,95740
2020-09-03 11:28:00,213.85,218.35,212.40,212.90,3180,95740
2020-09-03 11:29:00,213.90,218.20,213.20,218.20,640,95480
2020-09-03 11:30:00,217.20,219.05,212.65,212.65,1820,95480
2020-09-03 11:31:00,213.50,214.35,212.00,214.10,2100,95480
2020-09-03 11:32:00,213.60,218.00,213.05,216.00,2240,96380
2020-09-03 11:33:00,215.35,215.35,209.80,209.80,3220,96380
2020-09-03 11:34:00,210.75,213.10,206.35,210.70,3200,96380
2020-09-03 11:35:00,210.75,211.60,207.35,211.60,3480,96340
2020-09-03 11:37:00,214.00,214.00,210.00,212.40,7900,96340
2020-09-03 11:38:00,212.40,217.10,212.40,214.65,5740,100720
2020-09-03 11:39:00,213.85,216.55,212.85,215.35,4220,100720
2020-09-03 11:40:00,215.85,220.60,215.25,219.80,3880,100720
2020-09-03 11:41:00,219.80,231.75,219.80,231.75,23360,100440
2020-09-03 11:42:00,229.40,232.80,223.85,230.00,11800,100440
2020-09-03 11:43:00,228.80,229.00,223.25,223.95,5220,100440
2020-09-03 11:44:00,225.45,225.45,217.35,220.55,8540,102480
2020-09-03 11:45:00,220.75,222.65,216.35,216.65,3160,102480
2020-09-03 11:46:00,216.75,220.65,213.80,218.80,4940,102480
2020-09-03 11:47:00,217.25,223.00,216.00,218.55,2980,102700
2020-09-03 11:48:00,220.00,220.00,215.35,218.00,2380,102700
2020-09-03 11:49:00,218.00,222.35,217.65,222.00,1940,102700
2020-09-03 11:50:00,223.60,224.00,221.40,223.50,1820,102700
2020-09-03 11:51:00,223.15,224.00,220.95,222.00,3420,102240
2020-09-03 11:52:00,222.25,225.00,219.50,223.95,5320,102240
2020-09-03 11:53:00,225.75,225.75,220.20,222.05,3560,102240
2020-09-03 11:54:00,221.30,224.50,220.90,223.15,2360,103980
2020-09-03 11:55:00,221.40,225.00,221.40,223.10,2580,103980
2020-09-03 11:56:00,222.65,224.25,221.10,222.15,1260,103980
2020-09-03 11:57:00,221.10,221.60,217.35,218.40,3120,103220
2020-09-03 11:58:00,220.10,221.40,216.60,217.00,5480,103220
2020-09-03 11:59:00,217.60,223.50,217.35,222.80,3080,103220
2020-09-03 12:00:00,223.20,227.55,223.20,224.00,3900,105200
2020-09-03 12:01:00,222.80,225.40,222.35,222.35,3460,105200
2020-09-03 12:02:00,222.40,224.10,221.65,222.50,1340,105200
2020-09-03 12:03:00,222.20,222.20,217.35,217.60,3440,103300
2020-09-03 12:04:00,218.95,222.90,218.95,221.90,620,103300
2020-09-03 12:05:00,223.15,225.75,220.35,220.35,5100,103300
2020-09-03 12:06:00,221.05,223.60,220.10,222.35,4280,103300
2020-09-03 12:07:00,222.60,224.05,220.70,223.15,1160,103300
2020-09-03 12:08:00,223.15,223.85,221.10,222.60,2280,103300
2020-09-03 12:09:00,222.60,222.60,213.00,213.00,7060,102240
2020-09-03 12:11:00,214.05,215.95,208.00,211.40,7520,102240
2020-09-03 12:12:00,211.70,216.15,211.70,216.15,2040,107580
2020-09-03 12:13:00,215.00,217.40,214.50,215.15,1940,107580
2020-09-03 12:14:00,215.95,221.35,214.35,220.00,4020,107580
2020-09-03 12:15:00,219.05,239.55,219.05,239.55,19340,106540
2020-09-03 12:16:00,238.80,238.80,229.25,229.25,10120,106540
2020-09-03 12:17:00,230.20,230.20,221.45,225.15,8220,106540
2020-09-03 12:18:00,223.75,226.50,222.15,224.60,3400,99780
2020-09-03 12:19:00,225.30,225.30,218.20,221.60,7780,99780
2020-09-03 12:20:00,223.00,226.10,222.60,223.80,5460,99780
2020-09-03 12:21:00,223.00,224.00,219.10,220.40,6480,101800
2020-09-03 12:22:00,219.55,221.70,219.55,220.35,1340,101800
2020-09-03 12:23:00,221.50,221.50,215.05,216.00,5880,101800
2020-09-03 12:24:00,216.60,220.00,215.15,220.00,4480,105100
2020-09-03 12:25:00,221.50,221.50,215.75,217.95,4780,105100
2020-09-03 12:26:00,217.30,218.35,210.80,216.00,6380,105100
2020-09-03 12:27:00,213.25,213.75,210.00,210.65,5020,108220
2020-09-03 12:28:00,209.40,213.55,209.30,210.95,2860,108220
2020-09-03 12:29:00,211.65,214.65,211.15,213.70,900,108220
2020-09-03 12:30:00,213.25,213.25,202.85,203.50,10220,112140
2020-09-03 12:31:00,204.55,210.00,204.55,209.95,2860,112140
2020-09-03 12:32:00,211.00,211.00,206.85,206.85,1280,112140
2020-09-03 12:33:00,208.00,210.50,207.80,209.90,1420,109220
2020-09-03 12:34:00,211.50,214.00,209.75,209.75,1020,109220
2020-09-03 12:35:00,208.55,216.40,207.90,211.35,3360,109220
2020-09-03 12:36:00,211.50,211.50,203.55,207.35,2800,109440
2020-09-03 12:37:00,206.95,208.65,192.95,197.00,15540,109440
2020-09-03 12:38:00,195.00,199.35,192.20,198.75,8860,109440
2020-09-03 12:39:00,199.00,199.00,192.00,192.00,3960,112300
2020-09-03 12:40:00,193.25,196.05,188.50,194.70,7580,112300
2020-09-03 12:41:00,192.85,200.00,192.85,198.20,5420,112300
2020-09-03 12:42:00,198.50,198.50,194.10,196.10,1480,114060
2020-09-03 12:43:00,195.90,198.45,195.60,197.15,2380,114060
2020-09-03 12:44:00,198.30,199.70,195.90,196.80,1160,114060
2020-09-03 12:45:00,195.60,196.85,192.00,192.60,2680,113760
2020-09-03 12:46:00,192.00,194.00,174.90,187.85,20280,113760
2020-09-03 12:47:00,188.65,189.35,185.45,186.60,4060,113760
2020-09-03 12:48:00,186.90,188.00,180.25,180.25,4740,114680
2020-09-03 12:49:00,181.00,181.35,170.10,171.95,14840,114680
2020-09-03 12:50:00,166.50,178.40,162.00,177.30,32040,114680
2020-09-03 12:51:00,181.50,181.70,173.60,177.75,11520,115120
2020-09-03 12:52:00,177.15,178.40,171.45,176.00,4220,115120
2020-09-03 12:53:00,173.60,174.10,162.55,162.95,14840,115120
2020-09-03 12:54:00,162.65,169.95,161.30,166.85,5400,114880
2020-09-03 12:56:00,123.90,165.15,96.00,138.20,69000,114880
2020-09-03 12:57:00,139.70,153.15,135.65,146.85,38440,109140
2020-09-03 12:58:00,144.90,150.95,143.00,148.70,11840,109140
2020-09-03 12:59:00,149.50,160.50,145.05,160.50,16080,109140
2020-09-03 13:00:00,157.00,164.90,156.20,159.60,12580,111620
2020-09-03 13:01:00,158.55,161.45,147.55,150.65,13100,111620
2020-09-03 13:02:00,150.50,155.15,148.15,148.75,8060,111620
2020-09-03 13:03:00,148.60,150.15,138.35,150.15,12020,114680
2020-09-03 13:04:00,150.25,150.25,140.40,145.50,6620,114680
2020-09-03 13:05:00,144.40,149.00,127.25,132.85,11080,114680
2020-09-03 13:06:00,132.70,147.50,132.00,141.70,9800,115240
2020-09-03 13:07:00,141.30,142.00,135.85,138.55,3940,115240
2020-09-03 13:08:00,138.95,138.95,126.30,127.65,7220,115240
2020-09-03 13:09:00,130.00,137.60,109.95,124.50,23860,114440
2020-09-03 13:10:00,123.80,128.00,118.60,123.95,7860,114440
2020-09-03 13:11:00,123.55,132.95,123.55,132.95,8500,114440
2020-09-03 13:12:00,131.40,146.90,130.00,143.35,7420,112960
2020-09-03 13:13:00,144.00,144.00,135.85,136.60,10160,112960
2020-09-03 13:14:00,137.35,138.00,127.35,128.60,6200,112960
2020-09-03 13:15:00,129.30,140.30,125.30,136.00,10740,110140
2020-09-03 13:16:00,135.45,143.10,135.45,142.00,5300,110140
2020-09-03 13:17:00,142.40,150.00,139.40,147.10,9700,110140
2020-09-03 13:18:00,149.65,149.65,139.65,139.65,6000,111000
2020-09-03 13:19:00,139.00,140.15,130.50,137.35,3620,111000
2020-09-03 13:20:00,137.25,141.70,134.85,136.95,8300,111000
2020-09-03 13:21:00,138.60,144.95,137.10,140.70,2060,112720
2020-09-03 13:22:00,139.45,141.10,135.65,135.95,4520,112720
2020-09-03 13:23:00,137.55,143.05,137.55,140.85,4080,112720
2020-09-03 13:24:00,140.55,145.45,136.95,140.00,6600,115920
2020-09-03 13:25:00,141.15,142.75,138.10,139.40,1960,115920
2020-09-03 13:26:00,141.20,146.40,137.95,138.80,3040,115920
2020-09-03 13:27:00,138.45,138.45,129.00,131.15,6540,115360
2020-09-03 13:28:00,131.25,136.00,130.30,130.85,4180,115360
2020-09-03 13:29:00,131.65,133.55,111.55,121.35,9740,115360
2020-09-03 13:30:00,121.05,125.50,119.10,119.10,5660,115460
2020-09-03 13:31:00,120.00,130.45,119.30,130.45,5020,115460
2020-09-03 13:32:00,130.00,130.45,126.35,130.00,2620,115460
2020-09-03 13:33:00,130.85,133.50,128.10,133.00,3340,112380
2020-09-03 13:34:00,133.45,137.10,132.30,136.00,4600,112380
2020-09-03 13:35:00,136.45,139.20,135.30,136.30,1700,112380
2020-09-03 13:36:00,136.15,138.05,131.50,134.30,3820,114200
2020-09-03 13:37:00,134.90,136.95,130.30,130.30,5100,114200
2020-09-03 13:38:00,130.15,137.00,129.60,137.00,2440,114200
2020-09-03 13:39:00,137.55,146.50,137.55,145.20,3280,115820
2020-09-03 13:40:00,142.10,145.00,137.05,137.05,1780,115820
2020-09-03 13:41:00,138.00,143.95,136.80,143.95,1300,115820
2020-09-03 13:42:00,143.30,144.25,137.55,139.05,2160,116860
2020-09-03 13:43:00,137.85,145.00,137.85,144.90,8820,116860
2020-09-03 13:44:00,145.10,145.10,136.00,140.50,2920,116860
2020-09-03 13:45:00,140.75,142.00,134.00,135.80,6700,113200
2020-09-03 13:46:00,136.25,138.00,134.50,137.75,1420,113200
2020-09-03 13:47:00,138.50,140.40,136.55,136.90,1040,113200
2020-09-03 13:48:00,137.30,145.00,129.50,139.80,8420,116380
2020-09-03 13:49:00,139.20,146.50,139.00,145.50,10280,116380
2020-09-03 13:50:00,145.70,158.80,142.90,145.10,10400,116380
2020-09-03 13:51:00,145.55,147.95,141.65,143.55,3460,113820
2020-09-03 13:52:00,142.25,147.35,135.20,135.20,4860,113820
2020-09-03 13:53:00,135.00,140.35,131.10,137.25,8820,113820
2020-09-03 13:54:00,137.45,143.65,137.45,138.30,2500,116240
2020-09-03 13:55:00,139.85,147.85,138.60,145.40,9340,116240
2020-09-03 13:56:00,148.00,148.50,143.50,145.15,3580,116240
2020-09-03 13:57:00,144.95,147.30,140.20,143.00,2800,115180
2020-09-03 13:58:00,143.40,143.40,135.55,139.10,4160,115180
2020-09-03 13:59:00,140.35,141.45,131.20,134.40,8840,115180
2020-09-03 14:00:00,133.55,136.40,125.80,127.50,8920,117680
2020-09-03 14:01:00,126.55,135.00,126.55,132.80,4700,117680
2020-09-03 14:02:00,132.80,138.55,130.55,138.55,2820,117680
2020-09-03 14:03:00,136.75,145.80,135.60,145.80,10200,119800
2020-09-03 14:04:00,146.00,146.30,139.10,142.75,2160,119800
2020-09-03 14:05:00,145.00,145.60,141.45,144.10,2540,119800
2020-09-03 14:06:00,144.00,148.75,143.00,144.80,5120,116940
2020-09-03 14:07:00,145.10,146.05,138.65,138.65,3560,116940
2020-09-03 14:08:00,138.00,142.15,132.60,135.55,8180,116940
2020-09-03 14:09:00,133.10,138.70,132.85,136.90,2500,118080
2020-09-03 14:10:00,137.05,143.60,134.45,143.25,3220,118080
2020-09-03 14:11:00,142.10,145.00,141.65,142.80,8240,118080
2020-09-03 14:12:00,140.00,144.20,139.20,143.40,1880,114440
2020-09-03 14:14:00,138.10,148.95,138.10,145.00,2420,114440
2020-09-03 14:15:00,145.85,148.60,143.95,146.80,2720,113920
2020-09-03 14:16:00,146.00,147.10,140.95,141.70,2500,113920
2020-09-03 14:17:00,142.00,144.80,140.75,143.30,2640,113920
2020-09-03 14:18:00,143.05,152.65,143.05,151.70,6220,112580
2020-09-03 14:19:00,149.75,150.00,142.90,142.90,4840,112580
2020-09-03 14:20:00,143.85,148.00,143.45,143.50,2360,112580
2020-09-03 14:21:00,142.30,145.95,138.30,139.15,15000,116680
2020-09-03 14:22:00,139.75,140.25,125.80,130.25,17000,116680
2020-09-03 14:23:00,129.95,134.45,128.50,129.65,3900,116680
2020-09-03 14:24:00,129.10,134.30,126.45,133.45,3220,120500
2020-09-03 14:25:00,133.95,136.45,131.80,136.45,2780,120500
2020-09-03 14:26:00,137.45,143.95,134.25,143.10,5080,120500
2020-09-03 14:27:00,140.70,142.95,139.15,140.50,3480,117820
2020-09-03 14:28:00,139.45,149.00,139.45,144.80,12720,117820
2020-09-03 14:29:00,144.40,144.85,134.40,134.40,10120,117820
2020-09-03 14:30:00,134.30,141.65,134.30,141.65,4940,117220
2020-09-03 14:31:00,139.85,141.75,137.10,139.95,4480,117220
2020-09-03 14:32:00,137.10,137.70,132.00,132.15,3340,117220
2020-09-03 14:33:00,132.10,136.55,129.65,136.55,5680,115760
2020-09-03 14:34:00,135.40,138.10,135.00,135.15,4860,115760
2020-09-03 14:35:00,135.90,136.85,130.55,133.95,6020,115760
2020-09-03 14:36:00,133.25,134.70,127.45,130.00,6160,114960
2020-09-03 14:37:00,129.30,135.95,129.00,133.45,4560,114960
2020-09-03 14:38:00,132.00,134.10,128.90,128.90,3660,114960
2020-09-03 14:39:00,129.00,130.65,121.95,126.65,10600,115740
2020-09-03 14:40:00,128.00,132.90,126.55,130.30,9500,115740
2020-09-03 14:41:00,129.55,129.55,125.20,126.65,6560,115740
2020-09-03 14:42:00,126.00,133.65,126.00,132.65,6840,114660
2020-09-03 14:43:00,131.35,135.95,127.50,132.35,9540,114660
2020-09-03 14:44:00,132.60,136.50,129.90,133.30,5220,114660
2020-09-03 14:45:00,131.15,144.15,131.15,139.40,9820,115480
2020-09-03 14:46:00,137.85,138.05,133.00,137.50,5600,115480
2020-09-03 14:48:00,146.35,147.35,138.05,138.20,8300,114900
2020-09-03 14:49:00,137.50,140.15,135.00,139.75,9800,114900
2020-09-03 14:50:00,139.65,145.00,139.00,143.55,10800,114900
2020-09-03 14:51:00,143.90,150.50,143.55,145.05,10000,113500
2020-09-03 14:52:00,144.00,146.20,139.85,144.05,5260,113500
2020-09-03 14:53:00,145.10,155.30,143.90,153.50,6780,113500
2020-09-03 14:54:00,154.30,154.65,145.65,146.60,5660,112180
2020-09-03 14:55:00,145.00,149.00,139.45,139.95,5900,112180
2020-09-03 14:56:00,140.45,142.00,135.00,137.95,11060,112180
2020-09-03 14:57:00,139.05,147.60,137.60,145.00,12340,111840
2020-09-03 14:59:00,147.95,147.95,140.00,143.60,2760,111840
2020-09-03 15:00:00,144.00,175.50,143.50,165.60,20380,110580
2020-09-03 15:01:00,165.05,173.75,160.00,162.85,15940,110580
2020-09-03 15:02:00,162.55,163.85,157.40,159.60,5800,110580
2020-09-03 15:03:00,161.15,161.20,153.50,159.05,7200,109960
2020-09-03 15:04:00,159.40,160.50,152.10,153.90,8520,109960
2020-09-03 15:05:00,155.85,157.45,147.05,148.00,14500,109960
2020-09-03 15:06:00,147.50,147.65,131.90,136.75,11000,115640
2020-09-03 15:07:00,137.00,137.00,126.00,131.75,8120,115640
2020-09-03 15:08:00,131.25,139.60,130.55,139.60,6680,115640
2020-09-03 15:09:00,136.25,140.55,133.70,138.80,6220,112600
2020-09-03 15:10:00,140.25,147.05,137.35,147.05,6040,112600
2020-09-03 15:11:00,147.50,154.85,147.50,153.75,12300,112600
2020-09-03 15:12:00,156.95,162.60,154.90,161.95,9020,108160
2020-09-03 15:13:00,162.35,163.55,157.70,163.55,11000,108160
2020-09-03 15:14:00,162.75,162.75,155.65,160.60,5220,108160
2020-09-03 15:15:00,161.70,164.65,155.55,156.90,9720,100940
2020-09-03 15:16:00,156.95,159.25,153.00,154.30,7480,100940
2020-09-03 15:17:00,154.95,157.30,151.60,156.15,8780,100940
2020-09-03 15:18:00,157.00,157.00,153.20,153.45,5920,94900
2020-09-03 15:19:00,154.55,154.55,150.30,150.30,4940,94900
2020-09-03 15:20:00,150.70,154.90,144.00,145.60,10820,94900
2020-09-03 15:21:00,147.20,148.00,141.20,142.60,4800,88820
2020-09-03 15:22:00,144.05,146.00,141.45,145.10,9160,88820
2020-09-03 15:23:00,144.90,145.75,138.85,143.65,7820,88820
2020-09-03 15:24:00,144.35,144.35,141.50,142.35,4960,82900
2020-09-03 15:25:00,143.95,147.45,142.80,146.80,4280,82900
2020-09-03 15:26:00,147.00,149.20,146.70,148.90,5680,82900
2020-09-03 15:27:00,148.40,150.25,148.40,150.00,5440,81640
2020-09-03 15:28:00,150.00,150.45,148.45,149.75,11520,0
2020-09-03 15:29:01,148.80,150.45,148.45,150.45,7640,81640
2020-11-03 09:15:00,71.25,150.00,71.20,150.00,24840,70720
2020-11-03 09:16:00,151.55,155.30,124.85,134.05,17400,70720
2020-11-03 09:17:00,137.40,144.50,116.15,127.65,28760,82000
2020-11-03 09:18:00,129.20,141.10,123.20,132.60,15100,82000
2020-11-03 09:19:00,133.05,143.80,130.20,143.80,13700,82000
2020-11-03 09:20:00,143.75,156.45,141.25,153.60,23800,96360
2020-11-03 09:21:00,152.65,153.20,145.55,151.80,13680,96360
2020-11-03 09:22:00,153.15,159.50,149.60,155.70,23000,96360
2020-11-03 09:23:00,155.90,165.00,142.10,146.25,20440,100780
2020-11-03 09:24:00,146.10,172.20,146.10,167.95,25960,100780
2020-11-03 09:25:00,169.80,169.80,155.05,157.05,16620,100780
2020-11-03 09:26:00,159.95,161.60,148.30,148.30,17800,106980
2020-11-03 09:27:00,145.95,166.15,143.65,155.70,18300,106980
2020-11-03 09:28:00,160.20,165.15,157.05,162.55,14580,106980
2020-11-03 09:29:00,162.30,167.45,160.25,160.25,15880,109340
2020-11-03 09:30:00,160.00,162.10,144.60,145.65,13940,109340
2020-11-03 09:31:00,147.60,154.00,147.00,152.70,7080,109340
2020-11-03 09:32:00,151.90,157.00,134.55,134.55,10300,112520
2020-11-03 09:33:00,136.30,136.30,128.05,129.30,21440,112520
2020-11-03 09:34:00,128.05,128.80,117.85,124.35,23380,112520
2020-11-03 09:35:00,124.55,130.50,122.60,125.90,13420,110560
2020-11-03 09:36:00,126.20,138.00,126.20,135.00,8840,110560
2020-11-03 09:37:00,136.30,136.80,125.45,127.15,4620,110560
2020-11-03 09:38:00,128.25,128.25,119.00,119.75,10960,109540
2020-11-03 09:39:00,120.30,125.90,110.55,116.15,10840,109540
2020-11-03 09:40:00,116.35,116.65,108.00,108.00,13460,109540
2020-11-03 09:41:00,108.35,115.40,103.65,114.35,11880,109380
2020-11-03 09:42:00,113.50,114.80,107.90,112.30,4880,109380
2020-11-03 09:43:00,112.10,113.95,104.45,104.45,8220,109380
2020-11-03 09:44:00,104.00,108.30,92.10,94.30,23140,115780
2020-11-03 09:45:00,93.80,93.95,77.55,78.30,23200,115780
2020-11-03 09:46:00,79.50,80.35,73.95,78.20,32440,115780
2020-11-03 09:47:00,78.85,90.70,78.80,89.05,20780,122140
2020-11-03 09:48:00,90.00,98.20,90.00,98.20,18900,122140
2020-11-03 09:49:00,100.60,105.00,93.75,93.75,26480,122140
2020-11-03 09:50:00,93.40,95.40,88.10,88.10,7540,128800
2020-11-03 09:51:00,88.55,88.55,82.25,85.65,10460,128800
2020-11-03 09:52:00,85.55,89.35,84.35,87.40,7100,128800
2020-11-03 09:53:00,85.50,88.60,85.25,85.90,5160,129640
2020-11-03 09:54:00,86.05,90.50,81.95,90.50,10680,129640
2020-11-03 09:55:00,91.25,91.25,83.10,84.95,6080,129640
2020-11-03 09:56:00,84.70,87.50,82.15,85.00,10460,127980
2020-11-03 09:57:00,85.60,87.25,82.50,86.75,7800,127980
2020-11-03 09:58:00,84.70,86.00,80.00,80.80,10960,127980
2020-11-03 09:59:00,80.05,81.65,77.65,79.45,7580,131340
2020-11-03 10:00:00,79.50,84.70,78.70,80.60,15780,131340
2020-11-03 10:01:00,81.45,82.60,74.00,74.00,11040,131340
2020-11-03 10:02:00,73.65,74.85,65.00,69.65,27300,130080
2020-11-03 10:03:00,69.25,71.20,65.55,68.25,14620,130080
2020-11-03 10:04:00,68.35,79.00,68.35,75.85,9380,130080
2020-11-03 10:05:00,75.60,80.55,74.75,80.05,10660,131700
2020-11-03 10:06:00,81.45,87.00,79.50,81.75,14960,131700
2020-11-03 10:07:00,81.35,83.20,78.00,80.45,5620,131700
2020-11-03 10:08:00,80.35,80.35,71.05,73.60,7760,132720
2020-11-03 10:09:00,73.40,73.40,57.65,61.80,20440,132720
2020-11-03 10:10:00,62.45,63.10,53.90,59.10,21940,132720
2020-11-03 10:11:00,58.20,66.75,58.00,64.90,12020,129580
2020-11-03 10:12:00,64.55,64.55,59.70,61.30,9240,129580
2020-11-03 10:13:00,61.60,61.60,52.80,53.80,12320,129580
2020-11-03 10:14:00,54.00,60.35,53.60,57.45,7460,129640
2020-11-03 10:15:00,57.80,59.00,55.35,59.00,3780,129640
2020-11-03 10:16:00,58.80,60.00,54.40,57.15,7460,129640
2020-11-03 10:17:00,56.90,57.00,49.00,54.40,17940,130060
2020-11-03 10:18:00,54.65,55.00,50.05,51.00,8440,130060
2020-11-03 10:19:00,51.30,52.05,49.60,49.60,9480,130060
2020-11-03 10:20:00,50.35,51.25,44.15,51.05,29260,127280
2020-11-03 10:21:00,50.70,51.25,47.75,50.35,12200,127280
2020-11-03 10:22:00,50.20,50.20,48.60,49.25,7820,127280
2020-11-03 10:23:00,49.40,53.65,48.80,52.80,8280,127160
2020-11-03 10:24:00,53.20,55.75,49.75,52.30,21300,127160
2020-11-03 10:25:00,52.25,53.95,50.15,52.65,8960,127160
2020-11-03 10:26:00,53.00,54.90,52.00,54.60,6480,129020
2020-11-03 10:27:00,54.85,58.90,53.40,58.90,14900,129020
2020-11-03 10:28:00,58.25,60.10,56.00,57.70,9860,129020
2020-11-03 10:29:00,57.35,57.50,54.00,56.05,7160,131200
2020-11-03 10:30:00,56.00,56.00,52.25,53.35,6740,131200
2020-11-03 10:31:00,53.55,53.55,51.55,52.15,5120,131200
2020-11-03 10:32:00,51.50,52.60,49.35,50.50,12040,131860
2020-11-03 10:33:00,50.20,51.95,47.75,51.95,6980,131860
2020-11-03 10:34:00,52.40,56.30,51.80,54.60,9300,131860
2020-11-03 10:35:00,54.70,55.10,52.95,54.00,5420,132060
2020-11-03 10:36:00,54.00,54.00,48.20,48.20,12000,132060
2020-11-03 10:37:00,47.45,48.85,46.50,47.95,12380,132060
2020-11-03 10:38:00,48.60,48.75,45.85,48.40,4260,136040
2020-11-03 10:39:00,47.85,47.85,41.50,47.20,18240,136040
2020-11-03 10:40:00,46.85,47.25,44.05,44.45,15460,136040
2020-11-03 10:41:00,44.45,49.25,44.10,47.50,7500,139000
2020-11-03 10:42:00,47.65,48.90,44.85,46.20,9880,139000
2020-11-03 10:43:00,46.25,50.40,44.80,48.50,8800,139000
2020-11-03 10:44:00,48.55,50.35,45.95,46.45,8620,140120
2020-11-03 10:45:00,46.30,47.00,43.65,47.00,15360,140120
2020-11-03 10:46:00,46.85,51.15,45.95,49.65,9560,140120
2020-11-03 10:47:00,50.30,51.60,49.20,50.60,7600,144760
2020-11-03 10:48:00,50.55,51.90,49.65,51.90,7200,144760
2020-11-03 10:49:00,50.95,55.00,50.40,54.20,14680,144760
2020-11-03 10:50:00,53.50,55.40,51.95,53.70,14840,150180
2020-11-03 10:51:00,54.00,54.25,51.10,51.10,6080,150180
2020-11-03 10:52:00,52.10,52.10,50.00,51.45,3600,150180
2020-11-03 10:53:00,50.00,53.10,50.00,53.10,7600,150320
2020-11-03 10:54:00,52.95,53.15,50.00,51.00,4700,150320
2020-11-03 10:55:00,51.30,53.00,50.55,53.00,6500,150320
2020-11-03 10:56:00,53.20,67.50,53.20,60.60,21120,154060
2020-11-03 10:57:00,60.30,65.10,57.00,64.70,17420,154060
2020-11-03 10:58:00,65.00,67.35,59.65,60.10,15380,154060
2020-11-03 10:59:00,60.00,61.15,58.10,59.40,4200,157700
2020-11-03 11:00:00,58.75,60.25,56.10,59.75,8540,157700
2020-11-03 11:01:00,59.30,60.00,55.40,57.40,10180,157700
2020-11-03 11:02:00,56.75,59.70,56.40,58.50,4080,161880
2020-11-03 11:03:00,59.10,66.45,59.05,65.80,8780,161880
2020-11-03 11:04:00,65.10,66.10,62.60,64.05,10420,161880
2020-11-03 11:05:00,64.70,66.20,63.00,64.75,15320,165420
2020-11-03 11:06:00,64.45,64.45,58.70,59.00,10720,165420
2020-11-03 11:07:00,58.70,60.45,56.00,57.15,17080,165420
2020-11-03 11:08:00,57.05,59.55,56.00,57.40,6940,171400
2020-11-03 11:09:00,57.10,63.45,56.90,63.45,5020,171400
2020-11-03 11:10:00,66.00,66.00,59.55,59.55,8220,171400
2020-11-03 11:11:00,60.25,60.55,52.55,53.55,17200,171820
2020-11-03 11:12:00,53.25,55.25,51.80,54.30,8880,171820
2020-11-03 11:13:00,54.15,55.25,53.10,55.15,4740,171820
2020-11-03 11:14:00,54.75,55.70,49.85,50.00,8760,173900
2020-11-03 11:15:00,49.70,50.00,45.40,48.50,21800,173900
2020-11-03 11:16:00,48.05,51.25,48.00,50.95,12120,173900
2020-11-03 11:17:00,52.20,53.85,48.90,53.05,8380,171760
2020-11-03 11:18:00,52.85,53.50,50.45,53.15,3540,171760
2020-11-03 11:19:00,52.40,53.70,48.95,50.70,4880,171760
2020-11-03 11:20:00,50.55,51.00,48.95,48.95,6440,170680
2020-11-03 11:21:00,49.05,51.80,48.95,49.45,6900,170680
2020-11-03 11:22:00,49.20,50.35,48.25,48.90,6520,170680
2020-11-03 11:23:00,48.00,51.05,48.00,50.40,4320,175260
2020-11-03 11:24:00,50.05,51.00,47.25,49.65,17620,175260
2020-11-03 11:25:00,49.55,51.90,48.70,50.85,7600,175260
2020-11-03 11:26:00,50.90,51.25,47.20,47.20,7660,183680
2020-11-03 11:27:00,47.60,48.25,46.35,47.45,6700,183680
2020-11-03 11:28:00,47.55,50.10,47.50,50.10,5700,183680
2020-11-03 11:29:00,50.35,51.00,46.70,47.10,7960,182780
2020-11-03 11:30:00,47.30,61.00,47.30,55.25,37840,182780
2020-11-03 11:31:00,56.20,65.60,56.20,60.75,22160,182780
2020-11-03 11:32:00,60.90,61.70,57.85,60.95,7520,180660
2020-11-03 11:33:00,60.00,61.60,58.60,59.20,5920,180660
2020-11-03 11:34:00,58.90,59.00,54.50,56.95,7020,180660
2020-11-03 11:35:00,57.30,59.00,55.00,55.00,2080,182360
2020-11-03 11:36:00,55.05,63.40,54.20,62.75,5320,182360
2020-11-03 11:37:00,63.10,63.10,58.60,61.95,6560,182360
2020-11-03 11:38:00,62.35,69.60,61.85,64.55,19360,182740
2020-11-03 11:39:00,64.35,65.90,60.25,60.25,6560,182740
2020-11-03 11:40:00,60.85,67.50,60.85,66.85,5840,182740
2020-11-03 11:41:00,66.50,76.25,66.50,70.60,36060,187420
2020-11-03 11:42:00,71.60,74.15,69.00,69.50,11040,187420
2020-11-03 11:43:00,70.65,71.00,64.15,64.15,11740,187420
2020-11-03 11:44:00,64.40,66.65,62.30,66.65,12160,192260
2020-11-03 11:45:00,65.70,74.70,65.50,72.60,10780,192260
2020-11-03 11:46:00,72.65,87.80,71.25,79.05,40000,192260
2020-11-03 11:47:00,78.90,80.15,74.00,76.95,13000,183860
2020-11-03 11:48:00,76.35,77.15,73.85,73.85,13720,183860
2020-11-03 11:49:00,73.45,75.65,72.95,74.45,13200,183860
2020-11-03 11:50:00,74.50,81.40,74.40,77.50,10820,188840
2020-11-03 11:51:00,77.05,81.95,76.15,79.90,12180,188840
2020-11-03 11:52:00,79.90,80.35,71.50,71.50,13040,188840
2020-11-03 11:53:00,71.70,79.60,70.85,79.30,13480,190040
2020-11-03 11:54:00,79.80,82.10,74.10,75.20,14040,190040
2020-11-03 11:55:00,76.00,81.10,75.00,77.80,9880,190040
2020-11-03 11:56:00,78.35,82.30,76.70,80.00,10100,190220
2020-11-03 11:57:00,80.15,82.85,77.20,77.20,19280,190220
2020-11-03 11:58:00,77.20,79.95,76.65,79.00,8040,190220
2020-11-03 11:59:00,79.25,83.90,76.85,83.40,15040,190280
2020-11-03 12:00:00,83.80,87.55,77.00,79.00,16780,190280
2020-11-03 12:01:00,78.95,79.45,70.20,74.40,14840,190280
2020-11-03 12:02:00,73.90,75.80,71.85,71.85,9860,190320
2020-11-03 12:03:00,72.05,72.90,63.60,63.60,15120,190320
2020-11-03 12:04:00,61.40,65.00,59.95,62.50,16700,190320
2020-11-03 12:05:00,62.90,67.60,62.50,66.00,11180,184260
2020-11-03 12:06:00,66.00,66.00,61.65,61.65,8140,184260
2020-11-03 12:07:00,61.50,64.00,61.05,63.45,6820,184260
2020-11-03 12:08:00,63.00,64.45,61.25,62.80,2500,184640
2020-11-03 12:09:00,62.20,69.45,62.20,67.50,14500,184640
2020-11-03 12:10:00,67.00,67.85,62.70,63.90,9940,184640
2020-11-03 12:11:00,64.10,64.10,55.05,55.75,38460,192040
2020-11-03 12:12:00,55.50,56.55,53.25,54.40,15620,192040
2020-11-03 12:13:00,54.35,56.90,53.10,56.25,14320,192040
2020-11-03 12:14:00,56.75,58.15,54.40,54.40,9200,193880
2020-11-03 12:15:00,54.90,54.90,51.30,53.05,13060,193880
2020-11-03 12:16:00,53.50,57.80,53.40,56.75,7300,193880
2020-11-03 12:17:00,56.30,58.25,55.35,58.25,6300,199520
2020-11-03 12:18:00,60.00,60.70,57.00,59.15,13540,199520
2020-11-03 12:19:00,59.00,59.15,55.65,56.75,8220,199520
2020-11-03 12:20:00,56.45,63.15,56.45,62.30,9460,193200
2020-11-03 12:21:00,61.70,65.30,61.70,62.55,11940,193200
2020-11-03 12:22:00,62.10,62.65,58.20,59.20,8760,193200
2020-11-03 12:23:00,59.30,61.90,58.05,58.05,5700,194520
2020-11-03 12:24:00,58.50,59.40,49.95,54.00,14360,194520
2020-11-03 12:25:00,54.10,56.80,54.10,55.45,3340,194520
2020-11-03 12:26:00,55.00,57.45,55.00,55.65,2200,195240
2020-11-03 12:27:00,57.15,58.55,55.50,55.50,4860,195240
2020-11-03 12:28:00,56.40,56.85,53.85,55.75,2080,195240
2020-11-03 12:29:00,55.45,57.00,54.65,57.00,1460,195900
2020-11-03 12:30:00,57.50,63.15,57.40,62.30,10780,195900
2020-11-03 12:31:00,61.50,80.30,60.00,76.35,59100,195900
2020-11-03 12:32:00,77.65,79.15,70.30,72.60,18260,187460
2020-11-03 12:33:00,70.35,71.60,66.20,68.50,24440,187460
2020-11-03 12:34:00,68.15,70.55,67.05,67.20,15640,187460
2020-11-03 12:35:00,67.70,74.10,67.55,69.90,16160,197860
2020-11-03 12:36:00,70.15,73.80,69.15,73.80,9100,197860
2020-11-03 12:37:00,73.55,77.10,71.50,77.10,5800,197860
2020-11-03 12:38:00,78.00,82.50,77.60,79.30,18520,193820
2020-11-03 12:39:00,79.15,85.85,77.55,84.20,22280,193820
2020-11-03 12:40:00,83.95,83.95,74.15,74.15,17960,193820
2020-11-03 12:41:00,74.85,78.65,73.35,77.00,6480,198080
2020-11-03 12:42:00,77.90,79.75,73.90,78.10,4540,198080
2020-11-03 12:43:00,78.20,82.30,74.30,74.70,11920,198080
2020-11-03 12:44:00,73.30,74.35,63.70,68.80,16220,204340
2020-11-03 12:45:00,70.40,74.30,70.00,72.45,4480,204340
2020-11-03 12:46:00,72.30,74.30,70.15,70.15,3620,204340
2020-11-03 12:47:00,69.65,73.35,65.00,65.95,21820,205120
2020-11-03 12:48:00,65.45,70.05,65.45,68.20,6740,205120
2020-11-03 12:49:00,68.00,76.35,68.00,72.75,13640,205120
2020-11-03 12:50:00,72.55,73.60,67.50,68.80,14060,207040
2020-11-03 12:51:00,68.75,74.35,67.80,72.15,11580,207040
2020-11-03 12:52:00,71.55,74.70,70.80,70.80,10460,207040
2020-11-03 12:53:00,71.40,72.65,67.05,67.35,13580,212620
2020-11-03 12:54:00,66.15,68.30,65.20,67.10,7740,212620
2020-11-03 12:55:00,68.00,71.35,65.50,67.90,7500,212620
2020-11-03 12:56:00,67.05,67.85,59.70,62.45,21420,215300
2020-11-03 12:57:00,63.15,64.40,60.35,63.40,5340,215300
2020-11-03 12:58:00,64.60,65.80,61.75,61.75,8040,215300
2020-11-03 12:59:00,61.95,64.05,56.05,58.65,14760,217120
2020-11-03 13:00:00,58.00,61.60,57.50,58.45,9080,217120
2020-11-03 13:01:00,59.05,62.00,58.60,60.00,7020,217120
2020-11-03 13:02:00,60.30,66.90,60.00,66.90,9880,215680
2020-11-03 13:03:00,68.25,71.70,66.50,70.05,17940,215680
2020-11-03 13:04:00,70.40,75.00,70.10,74.70,14340,215680
2020-11-03 13:05:00,73.75,79.20,73.60,74.20,18280,212080
2020-11-03 13:06:00,73.45,78.95,72.20,78.95,8060,212080
2020-11-03 13:07:00,78.85,81.15,75.35,76.00,16360,212080
2020-11-03 13:08:00,76.70,76.70,71.40,71.85,10540,208940
2020-11-03 13:09:00,71.00,72.65,67.60,68.35,10340,208940
2020-11-03 13:10:00,68.50,70.00,63.60,63.75,9020,208940
2020-11-03 13:11:00,62.50,69.15,61.05,67.10,7560,207920
2020-11-03 13:12:00,67.00,68.95,62.70,68.45,6900,207920
2020-11-03 13:13:00,68.30,69.50,64.05,64.05,9080,207920
2020-11-03 13:14:00,64.75,66.00,60.75,60.75,21400,210300
2020-11-03 13:15:00,60.40,67.00,60.40,65.90,5860,210300
2020-11-03 13:16:00,65.20,68.35,65.20,67.55,4040,210300
2020-11-03 13:17:00,67.50,69.20,62.40,62.75,4940,210300
2020-11-03 13:18:00,64.05,65.30,59.40,61.55,6480,220400
2020-11-03 13:19:00,61.80,65.00,59.25,61.15,4420,220400
2020-11-03 13:20:00,61.20,62.20,53.40,55.70,16720,218420
2020-11-03 13:21:00,55.65,58.60,54.75,58.60,9580,218420
2020-11-03 13:22:00,58.90,59.40,54.50,56.00,6220,218420
2020-11-03 13:23:00,57.00,60.05,56.90,58.20,5140,218420
2020-11-03 13:24:00,58.65,58.65,55.40,56.45,4540,217920
2020-11-03 13:25:00,55.70,61.60,55.60,61.60,6340,217920
2020-11-03 13:26:00,61.95,63.95,61.45,63.65,11480,217920
2020-11-03 13:27:00,62.50,64.80,61.95,62.60,2840,216020
2020-11-03 13:28:00,62.60,62.60,59.65,61.85,2540,216020
2020-11-03 13:29:00,60.65,66.45,60.05,66.45,16560,216020
2020-11-03 13:30:00,65.70,70.70,65.10,69.00,14780,216340
2020-11-03 13:31:00,68.00,68.95,65.50,68.45,8800,216340
2020-11-03 13:32:00,66.80,66.80,63.45,66.70,4180,216340
2020-11-03 13:33:00,66.70,67.20,61.70,62.90,5940,217100
2020-11-03 13:34:00,62.30,62.75,59.00,59.00,19500,217100
2020-11-03 13:35:00,59.35,68.45,59.35,68.45,5900,217100
2020-11-03 13:36:00,67.50,72.75,67.50,71.00,20120,225980
2020-11-03 13:37:00,70.70,74.40,67.50,69.60,14720,225980
2020-11-03 13:38:00,69.40,70.50,64.90,68.00,13540,225980
2020-11-03 13:39:00,68.00,69.35,66.35,67.20,7660,225560
2020-11-03 13:40:00,67.55,69.00,65.60,65.60,3900,225560
2020-11-03 13:41:00,65.55,76.00,62.40,70.80,27680,225560
2020-11-03 13:42:00,71.85,72.65,65.50,67.00,19780,223960
2020-11-03 13:43:00,67.15,67.85,62.70,64.90,10140,223960
2020-11-03 13:44:00,64.25,64.25,60.10,61.75,15560,223960
2020-11-03 13:45:00,61.50,64.45,58.55,62.35,23860,231020
2020-11-03 13:46:00,60.80,60.80,57.15,58.35,17440,231020
2020-11-03 13:47:00,58.35,59.25,53.35,54.40,14460,231020
2020-11-03 13:48:00,54.75,59.30,54.00,54.65,13320,240480
2020-11-03 13:49:00,55.55,57.65,54.50,57.00,4920,240480
2020-11-03 13:50:00,54.50,60.00,53.65,58.40,15480,240480
2020-11-03 13:51:00,58.05,59.10,49.00,51.85,16440,240420
2020-11-03 13:52:00,52.10,52.70,44.85,47.65,28040,240420
2020-11-03 13:53:00,47.15,47.15,41.75,45.65,25720,240420
2020-11-03 13:54:00,45.00,47.65,43.15,45.65,19160,241640
2020-11-03 13:55:00,45.30,45.30,36.15,39.00,42840,241640
2020-11-03 13:56:00,39.80,40.45,37.10,38.90,35700,241640
2020-11-03 13:57:00,39.75,43.00,38.95,41.10,20040,237180
2020-11-03 13:58:00,41.00,43.30,40.80,42.95,13120,237180
2020-11-03 13:59:00,42.70,42.90,39.40,39.55,9780,237180
2020-11-03 14:00:00,39.25,39.25,33.35,35.30,27920,243500
2020-11-03 14:01:00,35.25,37.90,35.10,37.90,13080,243500
2020-11-03 14:02:00,37.50,38.50,36.40,37.30,14640,243500
2020-11-03 14:03:00,37.00,43.50,36.15,42.75,18260,243140
2020-11-03 14:04:00,42.80,43.85,40.30,40.30,12860,243140
2020-11-03 14:05:00,41.00,41.10,37.35,39.45,28940,243140
2020-11-03 14:06:00,39.05,41.45,38.95,40.05,11100,251160
2020-11-03 14:07:00,38.60,38.85,35.80,35.80,19240,251160
2020-11-03 14:08:00,34.80,36.00,32.85,35.10,18600,251160
2020-11-03 14:09:00,34.95,34.95,30.60,32.75,14460,249340
2020-11-03 14:10:00,33.05,33.20,29.65,30.80,12140,249340
2020-11-03 14:11:00,30.45,31.45,29.05,30.05,18340,249340
2020-11-03 14:12:00,29.75,31.10,28.65,31.00,15360,252260
2020-11-03 14:13:00,31.50,36.75,31.50,36.10,32100,252260
2020-11-03 14:14:00,35.85,41.90,34.95,40.20,14760,252260
2020-11-03 14:15:00,39.60,46.90,39.60,43.85,23820,250200
2020-11-03 14:16:00,43.35,45.25,41.80,43.15,18400,250200
2020-11-03 14:17:00,42.05,47.35,41.60,46.25,31180,250200
2020-11-03 14:18:00,45.60,45.60,41.10,43.25,27020,252540
2020-11-03 14:19:00,42.60,45.90,41.70,45.40,19220,252540
2020-11-03 14:20:00,44.55,44.60,39.10,40.20,18980,252540
2020-11-03 14:21:00,40.15,45.50,39.95,42.55,16980,244000
2020-11-03 14:22:00,42.05,47.65,41.85,47.55,12680,244000
2020-11-03 14:23:00,48.45,50.50,45.95,46.30,17440,244000
2020-11-03 14:24:00,46.70,48.00,42.00,44.40,13440,239100
2020-11-03 14:25:00,44.25,44.25,40.10,43.70,14560,239100
2020-11-03 14:26:00,42.80,47.15,42.10,47.10,16320,239100
2020-11-03 14:27:00,46.45,49.60,45.35,47.55,14560,233960
2020-11-03 14:28:00,47.80,48.95,45.25,45.70,14660,233960
2020-11-03 14:29:00,46.40,46.40,42.10,43.70,6840,233960
2020-11-03 14:30:00,42.65,47.25,40.00,40.55,26280,232060
2020-11-03 14:31:00,40.90,40.90,37.60,39.00,19100,232060
2020-11-03 14:32:00,38.20,41.00,36.80,38.60,17180,232060
2020-11-03 14:33:00,38.50,42.55,37.65,42.55,11140,236140
2020-11-03 14:34:00,42.50,42.50,38.20,38.50,8740,236140
2020-11-03 14:35:00,39.05,40.05,37.25,37.25,8240,236140
2020-11-03 14:36:00,35.35,35.90,31.15,32.00,40260,238880
2020-11-03 14:37:00,31.70,34.00,30.85,33.85,17560,238880
2020-11-03 14:38:00,33.75,33.75,30.35,32.40,14920,238880
2020-11-03 14:39:00,32.55,34.40,31.35,34.05,15300,246660
2020-11-03 14:40:00,34.35,35.80,33.90,35.15,12540,246660
2020-11-03 14:41:00,35.05,36.85,31.40,31.60,15380,246660
2020-11-03 14:42:00,31.85,32.40,30.15,32.15,12200,245280
2020-11-03 14:43:00,32.15,32.15,30.20,30.95,10940,245280
2020-11-03 14:44:00,31.15,31.15,27.00,30.80,21040,245280
2020-11-03 14:45:00,30.55,30.85,29.05,30.30,10580,245340
2020-11-03 14:46:00,30.25,30.60,27.30,29.25,23460,245340
2020-11-03 14:47:00,28.80,31.95,28.80,31.40,16340,245340
2020-11-03 14:48:00,32.30,32.30,29.00,29.70,12280,248300
2020-11-03 14:49:00,30.10,30.15,28.00,28.00,6620,248300
2020-11-03 14:50:00,27.10,30.10,26.40,30.10,11320,248300
2020-11-03 14:51:00,30.10,30.15,27.90,28.80,7900,248220
2020-11-03 14:52:00,28.85,29.05,26.50,27.00,9640,248220
2020-11-03 14:53:00,27.20,28.95,26.90,27.50,14700,248220
2020-11-03 14:54:00,28.00,28.15,25.85,26.15,12100,251120
2020-11-03 14:55:00,25.80,26.05,23.20,24.80,31440,251120
2020-11-03 14:56:00,24.70,24.70,22.25,24.25,19140,251120
2020-11-03 14:57:00,24.45,25.80,23.70,25.35,7560,250560
2020-11-03 14:58:00,25.00,26.60,24.00,26.60,14560,250560
2020-11-03 14:59:00,26.70,32.35,26.70,30.85,37880,250560
2020-11-03 15:00:00,31.45,37.90,29.85,37.90,29260,248800
2020-11-03 15:01:00,36.70,36.70,29.45,30.45,38100,248800
2020-11-03 15:02:00,30.60,32.20,29.45,29.55,14880,248800
2020-11-03 15:03:00,29.55,29.75,27.40,28.45,18380,235960
2020-11-03 15:04:00,28.50,28.50,25.05,26.55,16080,235960
2020-11-03 15:05:00,26.70,26.70,23.05,24.05,18720,235960
2020-11-03 15:06:00,23.05,24.45,19.80,22.00,46100,236760
2020-11-03 15:07:00,21.85,22.00,19.00,21.50,55520,236760
2020-11-03 15:08:00,21.30,21.80,19.65,20.00,42420,236760
2020-11-03 15:09:00,19.90,20.25,16.70,18.00,29280,240600
2020-11-03 15:10:00,17.80,19.55,17.80,18.15,50820,240600
2020-11-03 15:11:00,18.20,18.95,17.25,18.55,25400,240600
2020-11-03 15:12:00,18.55,19.30,17.10,17.35,38100,230680
2020-11-03 15:13:00,16.95,18.05,16.95,17.60,32840,230680
2020-11-03 15:14:00,17.65,17.95,15.80,16.25,50220,230680
2020-11-03 15:15:00,16.10,17.10,15.55,17.10,26900,243260
2020-11-03 15:16:00,17.05,17.45,16.15,16.20,23160,243260
2020-11-03 15:17:00,16.45,16.80,14.85,15.50,27680,243260
2020-11-03 15:18:00,15.40,15.40,13.30,13.50,25120,242900
2020-11-03 15:19:00,13.65,13.65,11.50,11.70,53740,242900
2020-11-03 15:20:00,11.85,12.95,11.60,11.85,49560,242900
2020-11-03 15:21:00,11.65,12.35,11.65,12.20,47760,241400
2020-11-03 15:22:00,12.10,12.75,12.00,12.30,40640,241400
2020-11-03 15:23:00,12.25,13.45,12.20,13.20,31480,241400
2020-11-03 15:24:00,13.35,13.85,12.80,13.85,53220,232480
2020-11-03 15:25:00,13.65,14.25,13.50,13.50,37440,232480
2020-11-03 15:26:00,13.60,13.75,12.85,13.55,37120,232480
2020-11-03 15:27:00,13.45,13.70,13.10,13.40,22980,242280
2020-11-03 15:28:00,13.40,14.05,12.65,14.05,24360,242280
2020-11-03 15:29:01,14.10,14.45,13.45,13.50,35540,242280
2020-12-03 09:15:00,4.95,5.25,0.50,1.40,43260,254820
2020-12-03 09:16:00,1.40,1.50,1.00,1.40,30900,254820
2020-12-03 09:17:00,1.35,8.95,1.15,1.50,21620,239660
2020-12-03 09:18:00,1.45,9.70,1.25,1.40,13300,239660
2020-12-03 09:19:00,1.40,1.60,1.35,1.60,5580,239660
2020-12-03 09:20:00,1.60,1.90,1.55,1.55,18540,232840
2020-12-03 09:21:00,1.55,1.85,1.55,1.70,19200,232840
2020-12-03 09:22:00,1.80,1.85,1.70,1.70,9660,232840
2020-12-03 09:23:00,1.65,1.90,1.60,1.85,4760,233660
2020-12-03 09:24:00,1.90,2.00,1.70,1.80,9140,233660
2020-12-03 09:25:00,1.85,1.95,1.80,1.85,10140,233660
2020-12-03 09:26:00,1.85,1.85,1.75,1.75,4580,236520
2020-12-03 09:27:00,1.85,1.90,1.75,1.90,3560,236520
2020-12-03 09:28:00,1.80,1.90,1.80,1.90,2560,236520
2020-12-03 09:29:00,1.80,1.85,1.70,1.85,4640,238080
2020-12-03 09:30:00,1.85,1.85,1.75,1.85,6300,238080
2020-12-03 09:31:00,1.95,2.05,1.90,1.90,12720,238080
2020-12-03 09:32:00,1.90,2.00,1.85,2.00,10720,238040
2020-12-03 09:33:00,2.00,2.05,1.95,2.00,7840,238040
2020-12-03 09:34:00,2.00,2.05,2.00,2.00,6140,238040
2020-12-03 09:35:00,2.05,2.05,1.85,1.85,2840,236840
2020-12-03 09:36:00,1.95,2.00,1.85,1.90,3720,236840
2020-12-03 09:37:00,1.95,2.05,1.85,1.90,7020,236840
2020-12-03 09:38:00,1.90,1.95,1.80,1.90,7700,233600
2020-12-03 09:39:00,1.80,1.85,1.65,1.65,3260,233600
2020-12-03 09:40:00,1.65,1.75,1.60,1.70,3340,233600
2020-12-03 09:41:00,1.70,1.75,1.65,1.65,3240,232240
2020-12-03 09:42:00,1.70,1.70,1.60,1.65,12440,232240
2020-12-03 09:43:00,1.65,1.75,1.65,1.75,5640,232240
2020-12-03 09:44:00,1.75,1.90,1.70,1.75,3560,240580
2020-12-03 09:45:00,1.80,1.80,1.65,1.70,7160,240580
2020-12-03 09:46:00,1.75,1.80,1.70,1.70,2400,240580
2020-12-03 09:47:00,1.70,1.70,1.00,1.60,7860,239780
2020-12-03 09:48:00,1.55,1.60,1.50,1.60,1420,239780
2020-12-03 09:49:00,1.60,1.60,1.50,1.55,2200,239780
2020-12-03 09:50:00,1.50,1.60,1.50,1.60,1720,234160
2020-12-03 09:51:00,1.60,1.70,1.60,1.70,4580,234160
2020-12-03 09:52:00,1.65,1.70,1.65,1.70,2340,234160
2020-12-03 09:53:00,1.65,1.75,1.65,1.65,6140,232680
2020-12-03 09:54:00,1.75,1.75,1.65,1.65,3940,232680
2020-12-03 09:55:00,1.60,1.70,1.55,1.60,4580,232680
2020-12-03 09:56:00,1.65,1.65,1.60,1.65,300,229920
2020-12-03 09:57:00,1.65,1.80,1.60,1.65,19240,229920
2020-12-03 09:58:00,1.65,1.75,1.60,1.60,12140,229920
2020-12-03 09:59:00,1.65,1.65,1.60,1.65,4120,216520
2020-12-03 10:00:00,1.60,1.60,1.55,1.55,2660,216520
2020-12-03 10:01:00,1.55,1.60,1.55,1.60,3000,216520
2020-12-03 10:02:00,1.55,1.65,1.55,1.60,6160,216440
2020-12-03 10:03:00,1.60,1.65,1.60,1.65,6180,216440
2020-12-03 10:04:00,1.65,1.70,1.55,1.65,5460,216440
2020-12-03 10:05:00,1.65,1.65,1.55,1.65,6080,210860
2020-12-03 10:06:00,1.65,1.70,1.60,1.65,1940,210860
2020-12-03 10:07:00,1.65,1.70,1.60,1.70,480,210860
2020-12-03 10:08:00,1.65,1.90,1.60,1.90,9540,211300
2020-12-03 10:09:00,1.85,1.90,1.80,1.80,2600,211300
2020-12-03 10:10:00,1.80,1.80,1.75,1.80,4500,211300
2020-12-03 10:11:00,1.85,1.85,1.75,1.75,440,206960
2020-12-03 10:12:00,1.80,1.80,1.70,1.75,4260,206960
2020-12-03 10:13:00,1.80,1.85,1.75,1.80,1940,206960
2020-12-03 10:14:00,1.80,1.80,1.80,1.80,2300,204040
2020-12-03 10:15:00,1.80,1.80,1.65,1.70,4540,204040
2020-12-03 10:16:00,1.65,1.70,1.55,1.55,1780,204040
2020-12-03 10:17:00,1.60,1.65,1.55,1.60,1780,202460
2020-12-03 10:18:00,1.65,1.70,1.65,1.65,1580,202460
2020-12-03 10:19:00,1.65,1.70,1.60,1.60,1540,202460
2020-12-03 10:20:00,1.60,1.60,1.55,1.60,1300,206440
2020-12-03 10:21:00,1.60,1.65,1.55,1.65,260,206440
2020-12-03 10:22:00,1.55,1.55,1.55,1.55,300,206440
2020-12-03 10:23:00,1.55,1.55,1.55,1.55,880,203380
2020-12-03 10:24:00,1.55,1.60,1.55,1.60,600,203380
2020-12-03 10:25:00,1.60,1.60,1.50,1.50,2600,203380
2020-12-03 10:26:00,1.50,1.60,1.50,1.55,2240,203300
2020-12-03 10:27:00,1.55,1.60,1.55,1.60,620,203300
2020-12-03 10:28:00,1.50,1.60,1.50,1.55,600,203300
2020-12-03 10:29:00,1.55,1.55,1.55,1.55,2940,203500
2020-12-03 10:30:00,1.55,1.55,1.55,1.55,360,203500
2020-12-03 10:31:00,1.55,1.55,1.50,1.55,600,203500
2020-12-03 10:32:00,1.50,1.50,1.50,1.50,680,197180
2020-12-03 10:33:00,1.55,1.60,1.55,1.60,2700,197180
2020-12-03 10:34:00,1.55,1.60,1.55,1.60,1560,197180
2020-12-03 10:35:00,1.60,1.60,1.60,1.60,100,197180
2020-12-03 10:36:00,1.60,1.60,1.60,1.60,520,196200
2020-12-03 10:37:00,1.60,1.65,1.60,1.60,1680,196200
2020-12-03 10:38:00,1.65,1.65,1.55,1.60,1220,195940
2020-12-03 10:39:00,1.50,1.55,1.40,1.40,10640,195940
2020-12-03 10:40:00,1.50,1.50,1.40,1.40,11680,195940
2020-12-03 10:41:00,1.40,1.40,1.30,1.35,6520,173980
2020-12-03 10:42:00,1.30,1.35,1.30,1.30,1820,173980
2020-12-03 10:43:00,1.30,1.40,1.30,1.30,2120,173980
2020-12-03 10:44:00,1.25,1.35,1.25,1.30,1940,172540
2020-12-03 10:45:00,1.30,1.35,1.20,1.20,3660,172540
2020-12-03 10:46:00,1.20,1.40,1.15,1.15,5280,172540
2020-12-03 10:47:00,1.25,1.40,1.25,1.30,1960,172500
2020-12-03 10:48:00,1.30,1.35,1.25,1.35,4080,172500
2020-12-03 10:49:00,1.30,1.45,1.20,1.40,9520,172500
2020-12-03 10:50:00,1.45,1.45,1.25,1.35,3540,169020
2020-12-03 10:51:00,1.35,1.40,1.30,1.30,1920,169020
2020-12-03 10:52:00,1.35,1.40,1.30,1.40,240,169020
2020-12-03 10:53:00,1.25,1.25,1.25,1.25,500,167740
2020-12-03 10:54:00,1.35,1.35,1.25,1.25,200,167740
2020-12-03 10:55:00,1.30,1.30,1.30,1.30,120,167740
2020-12-03 10:56:00,1.25,1.40,1.25,1.25,5900,166720
2020-12-03 10:57:00,1.25,1.35,1.20,1.35,5080,166720
2020-12-03 10:58:00,1.30,1.35,1.25,1.30,460,166720
2020-12-03 10:59:00,1.25,1.35,1.25,1.30,2200,167960
2020-12-03 11:00:00,1.30,1.35,1.30,1.30,4300,167960
2020-12-03 11:01:00,1.35,1.35,1.30,1.30,2460,167960
2020-12-03 11:02:00,1.30,1.35,1.30,1.35,2080,166860
2020-12-03 11:03:00,1.25,1.30,1.25,1.25,1680,166860
2020-12-03 11:04:00,1.30,1.30,1.15,1.20,1320,166860
2020-12-03 11:05:00,1.15,1.25,1.15,1.20,980,166440
2020-12-03 11:06:00,1.25,1.25,1.25,1.25,80,166440
2020-12-03 11:07:00,1.25,1.25,1.15,1.20,1800,166440
2020-12-03 11:08:00,1.25,1.25,1.15,1.25,860,165480
2020-12-03 11:09:00,1.25,1.25,1.15,1.20,680,165480
2020-12-03 11:10:00,1.20,1.30,1.20,1.25,620,165480
2020-12-03 11:11:00,1.30,1.30,1.20,1.20,1320,166080
2020-12-03 11:12:00,1.25,1.30,1.20,1.20,1240,166080
2020-12-03 11:13:00,1.20,1.20,1.20,1.20,200,166080
2020-12-03 11:14:00,1.25,1.40,1.25,1.25,4160,167680
2020-12-03 11:15:00,1.25,1.25,1.25,1.25,600,167680
2020-12-03 11:16:00,1.25,1.35,1.25,1.35,540,167680
2020-12-03 11:17:00,1.30,1.35,1.30,1.35,500,166860
2020-12-03 11:18:00,1.40,1.40,1.40,1.40,40,166860
2020-12-03 11:19:00,1.45,1.45,1.40,1.40,1140,166860
2020-12-03 11:20:00,1.40,1.40,1.30,1.30,300,166880
2020-12-03 11:21:00,1.30,1.30,1.25,1.30,1760,166880
2020-12-03 11:22:00,1.25,1.30,1.20,1.30,760,166880
2020-12-03 11:23:00,1.25,1.55,1.25,1.35,1160,166060
2020-12-03 11:24:00,1.40,1.45,1.35,1.35,740,166060
2020-12-03 11:25:00,1.35,1.35,1.30,1.35,220,166060
2020-12-03 11:26:00,1.35,1.35,1.30,1.30,1220,165860
2020-12-03 11:27:00,1.25,1.30,1.25,1.30,620,165860
2020-12-03 11:28:00,1.25,1.35,1.25,1.35,80,165860
2020-12-03 11:29:00,1.25,1.45,1.25,1.45,780,165860
2020-12-03 11:30:00,1.30,1.30,1.30,1.30,100,166060
2020-12-03 11:31:00,1.40,1.40,1.35,1.35,200,166060
2020-12-03 11:32:00,1.50,1.80,1.40,1.50,3280,166720
2020-12-03 11:33:00,1.50,1.60,1.40,1.55,560,166720
2020-12-03 11:34:00,1.55,1.55,1.00,1.55,4400,166720
2020-12-03 11:35:00,1.45,1.75,1.40,1.65,600,165080
2020-12-03 11:36:00,1.35,1.40,1.35,1.40,100,165080
2020-12-03 11:37:00,1.15,1.40,1.15,1.40,280,165080
2020-12-03 11:38:00,1.40,1.40,1.40,1.40,140,164980
2020-12-03 11:39:00,1.40,1.45,1.40,1.45,900,164980
2020-12-03 11:40:00,1.45,1.45,1.40,1.40,440,164980
2020-12-03 11:41:00,1.40,1.45,1.40,1.45,240,166220
2020-12-03 11:42:00,1.45,1.45,1.40,1.40,1220,166220
2020-12-03 11:43:00,1.40,1.40,1.40,1.40,280,166220
2020-12-03 11:44:00,1.40,1.45,1.40,1.45,300,163180
2020-12-03 11:45:00,1.40,1.40,1.35,1.35,1660,163180
2020-12-03 11:46:00,1.45,1.50,1.45,1.50,840,163180
2020-12-03 11:49:00,1.40,1.45,1.40,1.45,700,162640
2020-12-03 11:50:00,1.45,1.50,1.35,1.50,600,162640
2020-12-03 11:51:00,1.45,1.50,1.40,1.40,240,162180
2020-12-03 11:52:00,1.40,1.40,1.30,1.30,200,162180
2020-12-03 11:53:00,1.30,1.40,1.30,1.40,120,162180
2020-12-03 11:54:00,1.45,1.45,1.40,1.40,240,162080
2020-12-03 11:55:00,1.40,1.40,1.40,1.40,420,162080
2020-12-03 11:56:00,1.40,1.40,1.35,1.40,720,162300
2020-12-03 11:57:00,1.40,1.50,1.35,1.50,580,162300
2020-12-03 11:58:00,1.40,1.45,1.35,1.45,540,162300
2020-12-03 11:59:00,1.40,1.40,1.40,1.40,80,161840
2020-12-03 12:00:00,1.40,1.45,1.30,1.30,2380,161840
2020-12-03 12:01:00,1.40,1.45,1.30,1.45,540,161840
2020-12-03 12:02:00,1.30,1.40,1.30,1.40,640,161840
2020-12-03 12:03:00,1.45,1.45,1.20,1.30,1100,160080
2020-12-03 12:04:00,1.40,1.45,1.30,1.30,660,160080
2020-12-03 12:05:00,1.30,1.40,1.30,1.40,680,159520
2020-12-03 12:06:00,1.40,1.40,1.40,1.40,140,159520
2020-12-03 12:07:00,1.35,1.35,1.30,1.30,80,159520
2020-12-03 12:08:00,1.35,1.35,1.35,1.35,100,159520
2020-12-03 12:09:00,1.35,1.40,1.35,1.40,1100,159860
2020-12-03 12:10:00,1.40,1.40,1.40,1.40,480,159860
2020-12-03 12:11:00,1.40,1.45,1.25,1.35,1200,159260
2020-12-03 12:12:00,1.30,1.30,0.95,1.30,18740,159260
2020-12-03 12:13:00,1.30,1.35,1.30,1.30,1300,159260
2020-12-03 12:14:00,1.25,1.25,1.25,1.25,20,160960
2020-12-03 12:15:00,1.45,1.45,1.30,1.30,220,160960
2020-12-03 12:16:00,1.30,1.40,1.25,1.30,1800,160960
2020-12-03 12:17:00,1.30,1.35,1.30,1.35,60,159760
2020-12-03 12:18:00,1.35,1.35,1.30,1.30,120,159760
2020-12-03 12:19:00,1.35,1.45,1.35,1.45,780,159760
2020-12-03 12:20:00,1.45,1.50,1.40,1.50,900,159440
2020-12-03 12:21:00,1.40,1.65,1.40,1.55,2720,159440
2020-12-03 12:22:00,1.60,2.05,1.60,2.05,480,159440
2020-12-03 12:23:00,2.15,3.70,1.90,2.35,7300,160520
2020-12-03 12:24:00,2.20,2.55,1.35,2.20,6600,160520
2020-12-03 12:25:00,2.40,2.40,1.70,2.40,2320,160520
2020-12-03 12:26:00,2.25,2.50,1.70,2.30,2260,160920
2020-12-03 12:27:00,2.30,2.50,2.20,2.50,740,160920
2020-12-03 12:28:00,2.35,2.35,2.10,2.20,820,160920
2020-12-03 12:29:00,2.15,2.45,2.15,2.35,1380,160760
2020-12-03 12:30:00,2.40,2.40,2.10,2.40,420,160760
2020-12-03 12:31:00,2.30,2.40,2.25,2.30,1040,160760
2020-12-03 12:32:00,2.30,2.30,2.20,2.20,3720,161700
2020-12-03 12:33:00,2.20,2.30,2.05,2.05,920,161700
2020-12-03 12:34:00,2.25,2.25,2.25,2.25,380,161700
2020-12-03 12:35:00,2.10,2.15,1.75,1.75,2200,162780
2020-12-03 12:36:00,1.90,1.90,1.55,1.70,1040,162780
2020-12-03 12:37:00,1.75,1.85,1.50,1.80,2260,162780
2020-12-03 12:38:00,1.55,1.80,1.55,1.65,4920,162780
2020-12-03 12:39:00,1.70,1.70,1.55,1.55,640,158280
2020-12-03 12:40:00,1.60,1.65,1.55,1.65,1420,158280
2020-12-03 12:41:00,1.65,1.65,1.55,1.55,800,159720
2020-12-03 12:42:00,1.60,1.65,1.55,1.60,1020,159720
2020-12-03 12:43:00,1.65,1.85,1.65,1.80,880,159720
2020-12-03 12:44:00,1.80,1.80,1.80,1.80,300,160380
2020-12-03 12:45:00,1.80,1.85,1.65,1.65,1700,160380
2020-12-03 12:46:00,1.70,1.80,1.65,1.80,1320,160380
2020-12-03 12:47:00,1.75,1.90,1.65,1.70,400,163040
2020-12-03 12:48:00,1.85,1.90,1.65,1.70,480,163040
2020-12-03 12:49:00,1.65,1.80,1.65,1.70,1260,163040
2020-12-03 12:50:00,2.30,2.30,1.55,1.70,2100,163620
2020-12-03 12:51:00,1.80,1.90,1.75,1.80,1140,163620
2020-12-03 12:52:00,1.85,1.85,1.70,1.75,1340,163620
2020-12-03 12:53:00,1.70,1.70,1.55,1.65,2680,164600
2020-12-03 12:54:00,1.85,1.85,1.50,1.50,1800,164600
2020-12-03 12:55:00,1.55,1.55,1.55,1.55,460,164600
2020-12-03 12:56:00,1.50,1.55,1.45,1.50,1480,164640
2020-12-03 12:57:00,1.55,1.60,1.45,1.50,860,164640
2020-12-03 12:58:00,1.50,1.65,1.40,1.40,1240,164640
2020-12-03 12:59:00,1.50,1.50,1.50,1.50,40,164580
2020-12-03 13:00:00,1.55,1.55,1.45,1.55,240,164580
2020-12-03 13:01:00,1.45,1.60,1.45,1.45,460,164580
2020-12-03 13:02:00,1.55,1.55,1.50,1.50,400,164580
2020-12-03 13:03:00,1.50,1.50,1.40,1.40,160,164040
2020-12-03 13:04:00,1.40,1.40,1.35,1.40,860,164040
2020-12-03 13:05:00,1.40,1.40,1.30,1.35,240,164040
2020-12-03 13:06:00,1.50,1.50,1.45,1.45,460,164160
2020-12-03 13:07:00,1.50,1.50,1.40,1.45,1920,164160
2020-12-03 13:08:00,1.35,1.35,1.35,1.35,440,164160
2020-12-03 13:09:00,1.35,1.35,1.35,1.35,100,162240
2020-12-03 13:10:00,1.35,1.35,1.35,1.35,1600,162240
2020-12-03 13:11:00,1.35,1.40,1.35,1.35,560,162240
2020-12-03 13:12:00,1.45,1.45,1.35,1.35,80,159700
2020-12-03 13:13:00,1.40,1.40,1.35,1.35,140,159700
2020-12-03 13:14:00,1.35,1.35,1.35,1.35,400,159700
2020-12-03 13:15:00,1.40,1.40,1.30,1.30,600,162500
2020-12-03 13:16:00,1.35,1.35,1.30,1.30,220,162500
2020-12-03 13:17:00,1.30,1.30,1.25,1.30,780,162500
2020-12-03 13:18:00,1.35,1.35,1.35,1.35,1840,161900
2020-12-03 13:19:00,1.35,1.40,1.30,1.30,1360,161900
2020-12-03 13:20:00,1.30,1.35,1.25,1.25,980,161900
2020-12-03 13:21:00,1.30,1.30,1.20,1.30,260,161680
2020-12-03 13:22:00,1.30,1.30,1.25,1.25,420,161680
2020-12-03 13:23:00,1.30,1.30,1.25,1.30,800,161680
2020-12-03 13:24:00,1.25,1.30,1.25,1.30,1100,162440
2020-12-03 13:25:00,1.30,1.30,1.30,1.30,340,162440
2020-12-03 13:26:00,1.30,1.30,1.30,1.30,1340,162440
2020-12-03 13:27:00,1.25,1.25,1.25,1.25,620,161440
2020-12-03 13:28:00,1.25,1.30,1.20,1.20,920,161440
2020-12-03 13:29:00,1.20,1.20,1.20,1.20,40,161440
2020-12-03 13:30:00,1.20,1.20,1.10,1.20,460,160960
2020-12-03 13:31:00,1.20,1.25,1.15,1.25,1100,160960
2020-12-03 13:32:00,1.25,1.25,1.20,1.25,840,160960
2020-12-03 13:33:00,1.20,1.20,1.15,1.15,340,160920
2020-12-03 13:34:00,1.15,1.20,1.15,1.20,360,160920
2020-12-03 13:35:00,1.15,1.20,1.15,1.15,1620,160920
2020-12-03 13:36:00,1.20,1.25,1.15,1.15,1220,161600
2020-12-03 13:37:00,1.15,1.20,1.15,1.20,1180,161600
2020-12-03 13:38:00,1.15,1.20,1.15,1.20,680,161600
2020-12-03 13:39:00,1.15,1.25,1.15,1.15,1740,158620
2020-12-03 13:40:00,1.15,1.15,1.10,1.10,580,158620
2020-12-03 13:41:00,1.20,1.25,1.20,1.25,1100,158620
2020-12-03 13:42:00,1.25,1.25,1.10,1.10,1160,157080
2020-12-03 13:43:00,1.25,1.25,1.25,1.25,80,157080
2020-12-03 13:44:00,1.25,1.25,1.15,1.15,140,157080
2020-12-03 13:45:00,1.30,1.30,1.20,1.20,680,156260
2020-12-03 13:46:00,1.20,1.20,1.10,1.10,1000,156260
2020-12-03 13:47:00,1.10,1.15,1.10,1.10,260,156260
2020-12-03 13:48:00,1.00,1.15,0.90,1.15,2760,156240
2020-12-03 13:49:00,1.00,1.10,1.00,1.00,740,156240
2020-12-03 13:50:00,1.00,1.00,0.95,0.95,1040,156240
2020-12-03 13:51:00,0.90,0.90,0.80,0.80,1740,155100
2020-12-03 13:52:00,0.80,0.80,0.75,0.80,820,155100
2020-12-03 13:53:00,0.85,0.85,0.85,0.85,20,155100
2020-12-03 13:54:00,0.80,0.80,0.75,0.75,540,154560
2020-12-03 13:55:00,0.75,0.80,0.75,0.80,120,154560
2020-12-03 13:56:00,0.80,0.80,0.75,0.80,4440,154560
2020-12-03 13:57:00,0.80,0.80,0.60,0.75,5040,153780
2020-12-03 13:58:00,0.75,0.80,0.75,0.80,2680,153780
2020-12-03 13:59:00,0.80,0.80,0.80,0.80,100,153780
2020-12-03 14:00:00,0.80,0.80,0.75,0.75,1300,155320
2020-12-03 14:01:00,0.80,0.80,0.80,0.80,380,155320
2020-12-03 14:02:00,0.80,0.80,0.80,0.80,1440,155320
2020-12-03 14:03:00,0.85,0.85,0.75,0.80,2800,155980
2020-12-03 14:04:00,0.80,0.85,0.80,0.85,2900,155980
2020-12-03 14:05:00,0.80,1.00,0.80,0.90,1540,155980
2020-12-03 14:06:00,0.90,0.90,0.80,0.80,1880,150620
2020-12-03 14:07:00,0.80,0.80,0.80,0.80,180,150620
2020-12-03 14:08:00,0.85,0.85,0.80,0.80,240,150620
2020-12-03 14:09:00,0.80,0.85,0.70,0.70,2160,150840
2020-12-03 14:10:00,0.70,0.85,0.70,0.80,980,150840
2020-12-03 14:11:00,0.70,0.80,0.70,0.80,500,150840
2020-12-03 14:12:00,0.80,0.85,0.70,0.85,1100,151420
2020-12-03 14:13:00,0.85,0.85,0.80,0.85,520,151420
2020-12-03 14:14:00,0.80,0.80,0.70,0.80,1460,151420
2020-12-03 14:15:00,0.80,1.00,0.70,0.70,5800,149760
2020-12-03 14:17:00,1.05,1.05,0.90,1.05,1840,149760
2020-12-03 14:18:00,0.90,0.90,0.90,0.90,340,146280
2020-12-03 14:19:00,0.90,1.05,0.90,0.95,1120,146280
2020-12-03 14:20:00,0.85,0.85,0.85,0.85,80,146280
2020-12-03 14:21:00,0.80,0.90,0.80,0.80,1140,145300
2020-12-03 14:23:00,0.80,0.80,0.75,0.80,660,145300
2020-12-03 14:24:00,0.75,0.75,0.60,0.60,460,145300
2020-12-03 14:25:00,0.75,0.75,0.65,0.70,680,145300
2020-12-03 14:26:00,0.70,0.75,0.65,0.75,880,145300
2020-12-03 14:27:00,0.75,0.95,0.65,0.95,7740,144420
2020-12-03 14:28:00,0.95,0.95,0.75,0.75,820,144420
2020-12-03 14:29:00,0.70,0.70,0.70,0.70,140,144420
2020-12-03 14:30:00,0.75,1.10,0.35,0.95,4100,142180
2020-12-03 14:31:00,0.90,0.90,0.60,0.60,80,142180
2020-12-03 14:32:00,0.85,0.85,0.85,0.85,680,142180
2020-12-03 14:33:00,0.65,0.65,0.65,0.65,20,139420
2020-12-03 14:34:00,0.70,0.80,0.25,0.70,3920,139420
2020-12-03 14:35:00,1.05,1.05,0.70,0.70,120,139420
2020-12-03 14:36:00,0.90,0.95,0.65,0.90,1280,136580
2020-12-03 14:37:00,0.85,0.85,0.85,0.85,720,136580
2020-12-03 14:38:00,0.85,0.90,0.80,0.90,2400,136580
2020-12-03 14:39:00,0.90,0.95,0.80,0.80,1020,137940
2020-12-03 14:40:00,0.85,0.85,0.70,0.75,2420,137940
2020-12-03 14:41:00,0.70,0.75,0.70,0.70,680,137940
2020-12-03 14:42:00,0.70,0.75,0.65,0.65,280,137000
2020-12-03 14:43:00,0.75,0.80,0.70,0.70,2020,137000
2020-12-03 14:44:00,0.65,0.80,0.65,0.75,840,137000
2020-12-03 14:45:00,0.80,0.80,0.65,0.65,540,137260
2020-12-03 14:46:00,0.70,0.75,0.70,0.75,600,137260
2020-12-03 14:48:00,0.70,0.75,0.60,0.65,1320,137060
2020-12-03 14:49:00,0.65,0.80,0.65,0.75,2760,137060
2020-12-03 14:50:00,0.70,0.75,0.65,0.65,1160,137060
2020-12-03 14:51:00,0.70,0.85,0.60,0.65,940,136300
2020-12-03 14:52:00,0.70,0.70,0.65,0.65,380,136300
2020-12-03 14:53:00,0.65,0.70,0.60,0.70,380,136300
2020-12-03 14:54:00,0.70,0.70,0.60,0.65,760,136240
2020-12-03 14:55:00,0.65,0.70,0.60,0.60,420,136240
2020-12-03 14:56:00,0.55,0.55,0.55,0.55,1960,136240
2020-12-03 14:57:00,0.55,0.55,0.40,0.40,1060,136240
2020-12-03 14:58:00,0.40,0.45,0.40,0.45,660,135040
2020-12-03 15:00:00,0.45,0.45,0.40,0.40,940,135000
2020-12-03 15:01:00,0.40,0.45,0.35,0.40,4220,135000
2020-12-03 15:02:00,0.45,0.45,0.45,0.45,880,0
2020-12-03 15:03:00,0.45,0.45,0.45,0.45,20,135000
2020-12-03 15:04:00,0.45,0.55,0.45,0.50,2640,132080
2020-12-03 15:05:00,0.40,0.45,0.40,0.45,1900,132080
2020-12-03 15:06:00,0.45,0.45,0.40,0.45,820,131880
2020-12-03 15:07:00,0.45,0.45,0.40,0.40,760,131880
2020-12-03 15:08:00,0.30,0.40,0.30,0.35,2440,131880
2020-12-03 15:09:00,0.40,0.40,0.30,0.35,1880,130520
2020-12-03 15:10:00,0.35,0.40,0.35,0.40,1180,130520
2020-12-03 15:11:00,0.40,0.40,0.40,0.40,140,130520
2020-12-03 15:12:00,0.35,0.40,0.35,0.40,900,130400
2020-12-03 15:13:00,0.35,0.35,0.20,0.35,3960,130400
2020-12-03 15:14:00,0.10,0.30,0.10,0.20,15360,130400
2020-12-03 15:15:00,0.20,0.35,0.20,0.35,900,115100
2020-12-03 15:16:00,0.25,0.25,0.25,0.25,480,115100
2020-12-03 15:17:00,0.25,0.25,0.20,0.20,60,115100
2020-12-03 15:18:00,0.20,0.20,0.20,0.20,280,115040
2020-12-03 15:19:00,0.20,0.20,0.15,0.15,580,115040
2020-12-03 15:20:00,0.40,0.40,0.15,0.15,560,115040
2020-12-03 15:21:00,0.15,0.15,0.15,0.15,600,115040
2020-12-03 15:22:00,0.15,0.15,0.15,0.15,20,114760
2020-12-03 15:23:00,0.15,0.15,0.15,0.15,80,114760
2020-12-03 15:24:00,0.15,0.15,0.15,0.15,640,114780
2020-12-03 15:25:00,0.15,0.15,0.15,0.15,720,114780
2020-12-03 15:26:00,0.15,0.15,0.15,0.15,380,114780
2020-12-03 15:27:00,0.15,0.15,0.10,0.10,2120,114180
2020-12-03 15:28:00,0.15,0.15,0.10,0.10,960,114180
2020-12-03 15:29:01,0.15,0.30,0.10,0.30,580,114180
