date,open,high,low,close,volume,oi,vwap,8,9
2020-04-05 15:27:00,1065.85,1065.85,1065.85,1065.85,20,0,1065.85,,0.00
2020-05-05 09:17:00,1307.80,1307.80,1307.80,1307.80,20,20,1307.80,,0.00
2020-05-05 09:54:00,1154.45,1154.45,1154.45,1154.45,20,0,1231.12,,0.00
2020-05-05 10:02:00,1032.25,1032.25,1032.25,1032.25,20,60,1164.83,,0.00
2020-05-05 10:12:00,1041.80,1041.80,1041.80,1041.80,20,80,1134.07,,0.00
2020-05-05 11:49:00,1042.00,1042.00,1042.00,1042.00,20,100,1115.66,,0.00
2020-05-05 12:05:00,949.35,949.35,949.35,949.35,20,100,1087.94,,0.00
2020-05-05 12:06:00,960.00,960.00,960.00,960.00,20,100,1069.66,,0.00
2020-05-05 12:19:00,925.00,925.00,925.00,925.00,20,120,1051.58,,0.00
2020-05-05 12:27:00,932.00,932.00,932.00,932.00,20,100,1038.29,,0.00
2020-05-05 12:40:00,920.00,920.00,920.00,920.00,20,100,1026.46,,0.00
2020-05-05 13:03:00,1097.00,1097.00,1097.00,1097.00,40,100,1038.22,,0.00
2020-05-05 13:06:00,1127.00,1127.00,1127.00,1127.00,20,100,1045.05,,0.00
2020-05-05 13:24:00,1086.35,1086.35,1086.35,1086.35,200,120,1063.00,,0.00
2020-05-05 13:37:00,1145.00,1145.00,1145.00,1145.00,100,260,1077.64,,0.00
2020-05-05 13:57:00,1100.00,1100.00,1100.00,1100.00,100,260,1081.03,,0.00
2020-05-05 14:01:00,1031.00,1031.00,1031.00,1031.00,20,260,1079.56,,0.00
2020-05-05 14:04:00,993.45,993.45,993.45,993.45,100,260,1068.52,,0.00
2020-05-05 14:05:00,994.00,994.00,994.00,994.00,20,260,1066.66,,0.00
2020-05-05 14:07:00,970.00,970.00,970.00,970.00,20,360,1064.30,,0.00
2020-05-05 14:09:00,950.00,970.00,950.00,970.00,40,260,1059.45,,0.00
2020-05-05 14:18:00,878.70,878.70,878.70,878.70,120,240,1037.50,,0.00
2020-05-05 14:28:00,855.00,855.00,855.00,855.00,20,160,1033.85,,0.00
2020-05-05 14:41:00,792.55,802.50,792.55,799.00,220,160,991.68,,0.00
2020-05-05 14:47:00,780.00,780.00,780.00,780.00,20,380,988.27,,0.00
2020-05-05 14:50:00,731.05,731.05,731.05,731.05,20,400,984.19,,0.00
2020-05-05 14:56:00,622.00,622.00,622.00,622.00,100,400,957.55,,0.00
2020-05-05 15:00:00,633.85,633.85,633.85,633.85,60,500,943.88,,0.00
2020-05-05 15:03:00,667.85,667.85,667.85,667.85,20,560,940.04,,0.00
2020-05-05 15:05:00,620.00,620.00,619.70,619.70,80,560,923.19,,0.00
2020-05-05 15:06:00,637.95,637.95,635.00,635.00,40,600,915.83,,40.00
2020-05-05 15:07:00,630.00,630.00,630.00,630.00,100,600,898.61,,0.00
2020-05-05 15:08:00,657.00,659.00,657.00,657.00,180,600,875.09,,0.00
2020-05-05 15:09:00,647.00,657.00,643.00,645.00,260,760,846.96,,160.00
2020-05-05 15:15:00,654.00,664.00,654.00,664.00,340,880,820.55,,0.00
2020-05-05 15:16:00,664.00,664.00,664.00,664.00,40,880,818.02,,0.00
2020-05-05 15:17:00,655.00,655.00,655.00,655.00,260,880,802.66,,0.00
2020-05-05 15:18:00,661.00,662.00,661.00,662.00,120,1180,796.75,,300.00
2020-05-05 15:19:00,662.00,662.00,662.00,662.00,40,1180,794.90,,0.00
2020-05-05 15:20:00,662.00,672.00,662.00,672.00,60,1180,792.34,,0.00
2020-05-05 15:21:00,667.00,675.00,666.05,667.95,140,1360,786.78,,180.00
2020-05-05 15:22:00,668.00,668.00,667.00,667.00,80,1360,783.79,,0.00
2020-05-05 15:24:00,663.00,663.00,663.00,663.00,20,1360,783.03,,0.00
2020-05-05 15:26:00,665.05,669.00,665.05,668.00,80,1420,780.22,,0.00
2020-05-05 15:27:00,665.10,675.15,665.10,675.00,60,1420,778.27,,0.00
2020-05-05 15:29:01,692.95,692.95,675.00,675.00,120,1340,774.79,,0.00
2020-06-05 09:15:00,550.05,550.05,494.35,512.80,180,1360,518.86,,0.00
2020-06-05 09:16:00,492.00,492.00,462.95,465.50,2080,1360,478.24,,0.00
2020-06-05 09:17:00,460.10,461.65,429.10,434.20,3760,1980,456.39,,620.00
2020-06-05 09:18:00,438.80,455.90,428.05,444.95,2160,1980,452.81,,0.00
2020-06-05 09:19:00,446.00,466.05,444.75,450.10,1580,1980,453.47,,0.00
2020-06-05 09:20:00,455.65,464.00,425.30,425.65,2180,4180,451.99,,2200.00
2020-06-05 09:21:00,424.05,425.25,405.65,409.30,2780,4180,445.09,,0.00
2020-06-05 09:22:00,411.05,417.00,388.25,389.35,3400,4180,437.24,,0.00
2020-06-05 09:23:00,391.75,412.00,391.35,411.80,1340,6380,434.94,,2200.00
2020-06-05 09:24:00,415.45,456.40,415.45,451.10,3060,6380,434.72,,0.00
2020-06-05 09:25:00,450.35,475.95,440.55,463.30,4660,6380,438.32,,0.00
2020-06-05 09:26:00,463.25,480.90,442.00,442.00,2780,9100,440.68,,2720.00
2020-06-05 09:27:00,446.70,449.70,427.05,434.55,860,9100,440.61,,0.00
2020-06-05 09:28:00,431.10,431.45,420.00,429.50,1940,9100,439.75,,0.00
2020-06-05 09:29:00,434.00,440.00,414.45,415.90,1620,9100,439.22,,0.00
2020-06-05 09:30:00,412.80,412.80,391.00,394.00,2700,9100,436.28,,0.00
2020-06-05 09:31:00,397.10,399.35,384.00,386.80,1000,9100,435.11,,0.00
2020-06-05 09:32:00,390.90,396.90,359.35,362.00,3620,9460,430.14,,360.00
2020-06-05 09:33:00,361.20,378.00,360.25,377.15,2820,9460,426.14,,0.00
2020-06-05 09:34:00,372.40,384.40,370.15,378.95,1800,9460,424.18,,0.00
2020-06-05 09:35:00,384.45,390.90,379.00,383.00,3180,10980,421.81,,1520.00
2020-06-05 09:36:00,383.20,385.80,348.00,361.00,5160,10980,416.05,,0.00
2020-06-05 09:37:00,361.30,367.30,352.00,364.45,8460,10980,408.33,,0.00
2020-06-05 09:38:00,361.20,368.95,354.10,366.80,6220,15280,404.06,,4300.00
2020-06-05 09:39:00,366.10,380.20,366.10,375.90,12960,15280,399.57,,0.00
2020-06-05 09:40:00,375.50,400.70,367.25,394.55,7700,15280,398.32,,0.00
2020-06-05 09:41:00,393.15,412.90,383.70,395.00,3160,22040,398.29,,6760.00
2020-06-05 09:42:00,394.70,403.95,390.00,390.00,2140,22040,398.24,,0.00
2020-06-05 09:43:00,391.30,400.25,390.90,400.25,1360,22040,398.19,,0.00
2020-06-05 09:44:00,406.30,407.20,386.25,397.85,2580,21940,398.04,,-100.00
2020-06-05 09:45:00,391.05,391.05,370.15,373.40,1920,21940,397.67,,0.00
2020-06-05 09:46:00,370.15,383.85,365.00,368.30,2700,21940,397.01,,0.00
2020-06-05 09:47:00,363.00,375.00,360.50,372.25,2840,21120,396.18,,-820.00
2020-06-05 09:48:00,374.75,394.00,367.55,394.00,3160,21120,395.78,,0.00
2020-06-05 09:49:00,395.60,407.15,392.10,407.15,4960,21120,395.85,,0.00
2020-06-05 09:50:00,408.00,440.00,407.50,431.50,6120,23080,397.31,,1960.00
2020-06-05 09:51:00,429.60,453.95,416.10,449.40,4640,23080,398.93,,0.00
2020-06-05 09:52:00,451.20,484.95,451.20,456.10,7480,23080,402.77,,0.00
2020-06-05 09:53:00,459.00,459.15,432.70,450.85,3100,20180,403.71,,-2900.00
2020-06-05 09:54:00,451.05,474.35,440.45,474.35,1540,20180,404.35,,0.00
2020-06-05 09:55:00,475.00,520.00,475.00,513.40,5900,20180,408.04,,0.00
2020-06-05 09:56:00,513.05,650.10,513.05,650.10,9960,21340,418.53,,1160.00
2020-06-05 09:57:00,656.30,656.30,593.00,593.00,7460,21340,427.90,,0.00
2020-06-05 09:58:00,589.60,706.95,589.60,675.10,2660,21340,431.78,,0.00
2020-06-05 09:59:00,668.65,688.60,650.00,666.60,1700,18480,434.22,,-2860.00
2020-06-05 10:00:00,653.05,655.00,611.80,625.00,2080,18480,436.61,,0.00
2020-06-05 10:01:00,630.00,668.00,617.00,656.05,700,18480,437.52,,0.00
2020-06-05 10:02:00,657.05,696.65,653.35,674.95,1620,16040,439.73,,-2440.00
2020-06-05 10:03:00,677.95,677.95,653.05,663.00,620,16040,440.55,,0.00
2020-06-05 10:04:00,662.80,675.00,623.65,675.00,1800,16040,442.75,,0.00
2020-06-05 10:05:00,680.05,734.90,672.10,733.00,1380,16380,444.88,,340.00
2020-06-05 10:06:00,710.35,710.35,671.90,698.35,1080,16380,446.39,,0.00
2020-06-05 10:07:00,695.40,702.00,650.00,650.00,1380,16380,448.25,,0.00
2020-06-05 10:08:00,664.10,670.00,630.00,636.45,520,16420,448.81,,40.00
2020-06-05 10:09:00,636.25,680.90,631.35,680.90,140,16420,448.97,,0.00
2020-06-05 10:10:00,677.40,689.35,667.40,676.10,740,16420,449.93,,0.00
2020-06-05 10:11:00,690.35,702.45,680.55,690.00,820,16140,451.05,,-280.00
2020-06-05 10:12:00,700.00,719.75,680.00,680.00,700,16140,452.03,,0.00
2020-06-05 10:13:00,668.05,721.00,668.05,711.15,400,16140,452.59,,0.00
2020-06-05 10:14:00,714.90,751.25,710.75,738.90,1460,15880,454.91,,-260.00
2020-06-05 10:15:00,730.75,751.25,722.50,722.50,680,15880,455.94,,0.00
2020-06-05 10:16:00,721.25,743.95,705.00,705.00,360,15880,456.47,,0.00
2020-06-05 10:17:00,706.70,714.20,696.95,711.50,500,15140,457.16,,-740.00
2020-06-05 10:18:00,677.95,703.90,677.95,703.90,220,15140,457.44,,0.00
2020-06-05 10:19:00,677.45,700.00,667.20,700.00,340,15140,457.87,,0.00
2020-06-05 10:20:00,690.15,725.10,690.15,715.80,1200,14880,459.46,,-260.00
2020-06-05 10:21:00,704.30,720.00,694.25,720.00,180,14880,459.70,,0.00
2020-06-05 10:22:00,721.25,721.25,721.25,721.25,80,14880,459.82,,0.00
2020-06-05 10:23:00,702.80,721.25,702.00,715.00,660,13800,460.72,,-1080.00
2020-06-05 10:24:00,715.00,779.50,715.00,765.30,1500,13800,463.16,,0.00
2020-06-05 10:25:00,761.00,768.70,740.50,740.50,1080,13800,464.88,,0.00
2020-06-05 10:26:00,762.90,803.00,762.90,803.00,1880,12660,468.14,,-1140.00
2020-06-05 10:27:00,804.75,857.10,804.75,842.45,2320,12660,472.54,,0.00
2020-06-05 10:28:00,835.90,875.40,835.90,852.75,1860,12660,476.21,,0.00
2020-06-05 10:29:00,839.00,920.65,833.60,920.65,500,14160,477.22,,1500.00
2020-06-05 10:30:00,920.00,962.40,920.00,920.00,1540,14160,480.83,,0.00
2020-06-05 10:31:00,912.65,929.70,885.20,916.25,400,14160,481.71,,0.00
2020-06-05 10:32:00,880.25,896.55,862.05,866.80,760,13540,483.21,,-620.00
2020-06-05 10:33:00,835.50,877.90,835.50,853.75,320,13540,483.81,,0.00
2020-06-05 10:34:00,869.50,869.50,845.50,845.50,140,13540,484.07,,0.00
2020-06-05 10:35:00,878.00,880.00,828.15,828.15,1260,13060,486.33,,-480.00
2020-06-05 10:36:00,830.35,830.35,800.45,800.45,540,13060,487.22,,0.00
2020-06-05 10:37:00,805.20,812.95,805.20,810.00,140,13060,487.44,,0.00
2020-06-05 10:38:00,761.60,809.35,761.60,809.35,140,11060,487.66,,-2000.00
2020-06-05 10:39:00,815.70,847.45,815.70,847.45,180,11060,487.96,,0.00
2020-06-05 10:40:00,847.10,847.10,820.00,820.00,140,11060,488.20,,0.00
2020-06-05 10:41:00,811.20,824.00,811.20,824.00,60,10840,488.30,,-220.00
2020-06-05 10:42:00,805.45,805.45,805.15,805.15,80,10840,488.43,,0.00
2020-06-05 10:43:00,795.20,803.20,794.50,799.05,420,10840,489.08,,0.00
2020-06-05 10:44:00,793.15,793.15,790.00,790.00,80,10960,489.20,,120.00
2020-06-05 10:45:00,756.25,788.85,746.55,788.85,140,10960,489.39,,0.00
2020-06-05 10:46:00,782.15,824.40,782.15,824.40,360,10960,489.97,,0.00
2020-06-05 10:47:00,816.75,821.10,802.95,821.10,160,11120,490.23,,160.00
2020-06-05 10:48:00,821.10,821.10,808.55,808.55,140,11120,490.46,,0.00
2020-06-05 10:49:00,830.00,830.00,830.00,830.00,40,11120,490.52,,0.00
2020-06-05 10:50:00,810.65,810.65,810.65,810.65,20,11120,490.55,,0.00
2020-06-05 10:51:00,855.00,855.00,845.75,848.90,1120,11040,492.57,,-80.00
2020-06-05 10:53:00,818.15,825.90,818.15,825.90,40,10640,492.64,,0.00
2020-06-05 10:54:00,828.50,828.50,828.50,828.50,20,10640,492.67,,0.00
2020-06-05 10:55:00,880.00,880.00,868.65,868.65,100,10640,492.86,,0.00
2020-06-05 10:56:00,862.45,862.45,841.95,841.95,60,10740,492.96,,100.00
2020-06-05 10:57:00,869.55,894.15,869.55,880.35,200,10740,493.35,,0.00
2020-06-05 10:58:00,885.75,886.80,883.55,883.65,340,10740,494.00,,0.00
2020-06-05 10:59:00,879.75,879.75,879.45,879.45,60,10740,494.11,,0.00
2020-06-05 11:00:00,934.00,944.80,934.00,944.80,260,10700,494.69,,-40.00
2020-06-05 11:01:00,935.00,958.30,935.00,955.55,860,10700,496.62,,0.00
2020-06-05 11:02:00,913.50,913.50,910.00,910.00,200,10700,497.02,,0.00
2020-06-05 11:04:00,890.00,890.00,890.00,890.00,20,10520,497.06,,0.00
2020-06-05 11:05:00,881.50,881.50,860.95,865.55,200,10560,497.42,,40.00
2020-06-05 11:06:00,865.55,865.55,865.55,865.55,20,10560,497.46,,0.00
2020-06-05 11:07:00,861.70,880.00,861.70,879.30,160,10560,497.75,,0.00
2020-06-05 11:08:00,873.30,873.30,873.30,873.30,180,10560,498.08,,0.00
2020-06-05 11:09:00,873.10,874.85,869.75,869.75,160,10560,498.37,,0.00
2020-06-05 11:10:00,877.05,880.00,877.05,880.00,60,10560,498.48,,0.00
2020-06-05 11:14:00,864.65,864.65,864.65,864.65,80,10540,498.63,,0.00
2020-06-05 11:15:00,874.85,874.85,860.05,861.15,120,10280,498.84,,-260.00
2020-06-05 11:16:00,863.95,869.00,860.55,860.55,280,10280,499.33,,0.00
2020-06-05 11:17:00,873.60,886.75,873.60,886.75,120,10300,499.56,,20.00
2020-06-05 11:18:00,920.00,920.00,911.90,911.95,620,10300,500.80,,0.00
2020-06-05 11:20:00,874.45,874.45,872.00,872.00,40,9860,500.87,,0.00
2020-06-05 11:22:00,866.55,866.55,866.55,866.55,40,9860,500.94,,0.00
2020-06-05 11:24:00,866.55,866.55,866.55,866.55,20,9820,500.98,,0.00
2020-06-05 11:25:00,855.75,855.75,848.55,850.65,60,9820,501.08,,0.00
2020-06-05 11:26:00,841.70,841.70,798.65,798.65,200,9520,501.38,,-300.00
2020-06-05 11:27:00,773.85,775.35,756.50,775.35,260,9520,501.72,,0.00
2020-06-05 11:28:00,776.05,795.40,776.05,792.40,120,9520,501.88,,0.00
2020-06-05 11:29:00,813.65,813.65,813.65,813.65,20,9540,501.91,,20.00
2020-06-05 11:30:00,820.00,843.95,820.00,842.65,120,9540,502.11,,0.00
2020-06-05 11:31:00,820.60,832.90,820.00,832.90,80,9540,502.23,,0.00
2020-06-05 11:32:00,821.00,824.85,820.00,824.85,360,9540,502.78,,0.00
2020-06-05 11:35:00,796.20,796.20,796.20,796.20,100,9660,502.92,,0.00
2020-06-05 11:36:00,792.50,792.50,790.00,790.00,60,9660,503.01,,0.00
2020-06-05 11:37:00,750.00,750.00,750.00,750.00,240,9660,503.29,,0.00
2020-06-05 11:38:00,765.25,765.25,765.25,765.25,20,9660,503.32,,0.00
2020-06-05 11:39:00,740.00,740.00,740.00,740.00,20,9900,503.34,,240.00
2020-06-05 11:40:00,720.00,720.00,720.00,720.00,20,9900,503.36,,0.00
2020-06-05 11:41:00,703.10,730.45,703.10,730.45,180,9900,503.54,,0.00
2020-06-05 11:42:00,710.00,728.65,710.00,728.65,320,9880,503.88,,-20.00
2020-06-05 11:43:00,750.00,750.00,744.50,744.50,40,9880,503.93,,0.00
2020-06-05 11:44:00,733.60,739.10,733.60,739.10,40,9880,503.97,,0.00
2020-06-05 11:45:00,742.50,742.50,742.50,742.50,160,9720,504.15,,-160.00
2020-06-05 11:46:00,713.00,713.00,713.00,713.00,100,9720,504.25,,0.00
2020-06-05 11:47:00,750.00,760.00,750.00,760.00,40,9840,504.30,,120.00
2020-06-05 11:48:00,762.60,762.60,762.60,762.60,40,9840,504.35,,0.00
2020-06-05 11:49:00,788.45,818.00,788.45,818.00,400,9840,504.92,,0.00
2020-06-05 11:50:00,830.00,855.70,830.00,830.00,120,9940,505.11,,100.00
2020-06-05 11:51:00,811.00,811.00,811.00,811.00,20,9940,505.14,,0.00
2020-06-05 11:54:00,831.05,831.05,831.05,831.05,20,10060,505.17,,0.00
2020-06-05 11:55:00,831.05,831.05,831.05,831.05,20,10060,505.20,,0.00
2020-06-05 11:58:00,853.40,853.40,847.50,847.50,240,9800,505.59,,0.00
2020-06-05 12:01:00,850.90,850.90,850.90,850.90,60,9760,505.69,,0.00
2020-06-05 12:02:00,852.25,860.00,852.25,860.00,80,9880,505.82,,120.00
2020-06-05 12:04:00,878.00,878.00,878.00,878.00,160,9880,506.11,,0.00
2020-06-05 12:05:00,855.30,855.30,855.30,855.30,20,9880,506.14,,0.00
2020-06-05 12:06:00,868.55,868.55,868.55,868.55,100,9900,506.31,,20.00
2020-06-05 12:07:00,884.30,884.30,884.30,884.30,40,9900,506.39,,0.00
2020-06-05 12:08:00,896.25,896.25,896.25,896.25,40,9900,506.46,,0.00
2020-06-05 12:10:00,885.70,885.70,874.15,874.15,140,10040,506.71,,0.00
2020-06-05 12:11:00,858.15,858.15,858.15,858.15,40,10140,506.77,,100.00
2020-06-05 12:13:00,857.55,859.20,857.55,859.20,120,10140,506.97,,0.00
2020-06-05 12:15:00,871.00,871.00,871.00,871.00,20,10100,507.01,,0.00
2020-06-05 12:16:00,888.00,888.00,888.00,888.00,420,10100,507.77,,0.00
2020-06-05 12:19:00,820.00,820.00,820.00,820.00,20,10520,507.80,,0.00
2020-06-05 12:21:00,807.20,807.65,807.20,807.65,300,10520,508.22,,0.00
2020-06-05 12:22:00,813.40,840.00,813.40,840.00,120,10520,508.40,,0.00
2020-06-05 12:23:00,824.75,824.75,824.75,824.75,100,10520,508.55,,0.00
2020-06-05 12:24:00,813.20,813.20,808.00,808.00,460,10520,509.20,,0.00
2020-06-05 12:25:00,814.15,814.15,814.15,814.15,20,10520,509.22,,0.00
2020-06-05 12:26:00,792.90,800.00,792.90,800.00,320,10520,509.65,,0.00
2020-06-05 12:27:00,817.25,817.25,816.85,816.85,100,10600,509.80,,80.00
2020-06-05 12:28:00,797.55,797.55,783.30,783.30,280,10600,510.17,,0.00
2020-06-05 12:29:00,804.15,804.15,800.65,800.65,60,10600,510.25,,0.00
2020-06-05 12:30:00,800.65,800.65,770.85,770.85,80,10940,510.35,,340.00
2020-06-05 12:31:00,774.75,777.85,774.75,777.85,140,10940,510.52,,0.00
2020-06-05 12:32:00,761.55,761.55,761.55,761.55,20,10940,510.55,,0.00
2020-06-05 12:33:00,779.15,779.15,779.15,779.15,60,10960,510.62,,20.00
2020-06-05 12:36:00,763.35,763.35,750.00,750.00,400,10940,511.07,,0.00
2020-06-05 12:37:00,770.00,770.00,770.00,770.00,20,10940,511.10,,0.00
2020-06-05 12:38:00,794.45,809.60,794.45,803.85,160,10940,511.31,,0.00
2020-06-05 12:39:00,854.95,862.00,853.10,862.00,100,10860,511.48,,-80.00
2020-06-05 12:40:00,866.05,866.05,866.05,866.05,20,10860,511.51,,0.00
2020-06-05 12:41:00,870.55,870.55,870.55,870.55,40,10860,511.58,,0.00
2020-06-05 12:43:00,850.00,850.00,850.00,850.00,80,0,511.70,,0.00
2020-06-05 12:44:00,839.65,839.65,839.65,839.65,20,10760,511.73,,0.00
2020-06-05 12:45:00,829.70,829.70,829.70,829.70,20,10760,511.76,,0.00
2020-06-05 12:46:00,831.10,831.10,831.10,831.10,20,10760,511.79,,0.00
2020-06-05 12:50:00,865.90,865.90,865.90,865.90,20,10780,511.83,,0.00
2020-06-05 12:51:00,849.25,849.25,849.25,849.25,20,10800,511.86,,20.00
2020-06-05 12:52:00,867.95,867.95,867.95,867.95,40,10800,511.92,,0.00
2020-06-05 12:53:00,862.40,862.40,862.40,862.40,20,10800,511.96,,0.00
2020-06-05 12:55:00,854.70,854.70,849.25,849.25,120,10880,512.15,,0.00
2020-06-05 12:56:00,810.00,810.00,777.20,777.20,40,10880,512.20,,0.00
2020-06-05 12:59:00,800.00,800.00,800.00,800.00,420,11000,512.76,,0.00
2020-06-05 13:01:00,800.00,800.00,800.00,800.00,40,11280,512.82,,0.00
2020-06-05 13:02:00,782.75,782.75,782.75,782.75,40,11280,512.87,,0.00
2020-06-05 13:05:00,783.00,783.00,783.00,783.00,420,11380,513.39,,0.00
2020-06-05 13:07:00,768.45,768.45,768.45,768.45,40,11160,513.44,,0.00
2020-06-05 13:08:00,750.00,750.00,740.00,740.00,40,11160,513.48,,0.00
2020-06-05 13:09:00,770.00,770.00,761.70,761.70,40,11180,513.53,,20.00
2020-06-05 13:15:00,760.45,760.45,750.95,755.45,740,11200,514.34,,0.00
2020-06-05 13:16:00,755.15,755.15,755.15,755.15,20,11200,514.37,,0.00
2020-06-05 13:17:00,798.60,798.60,798.60,798.60,20,11200,514.39,,0.00
2020-06-05 13:18:00,781.90,784.95,780.00,784.95,60,11800,514.47,,600.00
2020-06-05 13:19:00,785.00,800.00,785.00,800.00,220,11800,514.74,,0.00
2020-06-05 13:20:00,800.00,800.00,800.00,800.00,200,11800,515.01,,0.00
2020-06-05 13:36:00,834.50,860.10,834.50,848.75,140,11500,515.22,,0.00
2020-06-05 13:37:00,880.35,955.00,880.35,955.00,300,11500,515.78,,0.00
2020-06-05 13:38:00,938.65,960.50,938.65,956.65,80,11500,515.94,,0.00
2020-06-05 13:40:00,979.20,979.20,958.75,958.75,220,11460,516.39,,0.00
2020-06-05 13:41:00,936.95,936.95,930.50,936.00,100,11460,516.58,,0.00
2020-06-05 13:44:00,922.90,922.90,922.90,922.90,20,11500,516.62,,0.00
2020-06-05 13:47:00,952.00,952.00,952.00,952.00,20,11440,516.66,,0.00
2020-06-05 13:48:00,932.05,932.05,931.65,931.65,40,11440,516.73,,0.00
2020-06-05 13:49:00,923.05,923.05,923.05,923.05,60,11440,516.85,,0.00
2020-06-05 13:51:00,890.00,890.00,836.95,836.95,560,11480,517.73,,0.00
2020-06-05 13:53:00,858.65,858.65,830.95,830.95,140,11480,517.94,,0.00
2020-06-05 13:54:00,810.20,810.20,779.95,806.10,760,11760,518.91,,280.00
2020-06-05 13:55:00,829.60,830.00,821.10,830.00,460,11760,519.56,,0.00
2020-06-05 13:57:00,823.25,823.25,823.25,823.25,100,11760,519.70,,0.00
2020-06-05 13:58:00,820.30,820.30,820.30,820.30,40,12000,519.76,,240.00
2020-06-05 14:00:00,778.00,778.00,760.00,760.00,140,12020,519.92,,0.00
2020-06-05 14:03:00,808.75,808.75,808.75,808.75,60,11880,519.99,,0.00
2020-06-05 14:04:00,869.00,869.00,864.05,864.05,480,11880,520.74,,0.00
2020-06-05 14:05:00,880.00,916.05,880.00,916.05,680,11880,521.87,,0.00
2020-06-05 14:06:00,864.05,864.05,864.05,864.05,20,11880,521.90,,0.00
2020-06-05 14:07:00,847.45,858.25,847.45,858.25,320,11740,522.39,,-140.00
2020-06-05 14:09:00,860.00,860.00,860.00,860.00,40,11680,522.45,,0.00
2020-06-05 14:10:00,867.10,867.10,850.00,850.00,440,11680,523.10,,0.00
2020-06-05 14:11:00,833.85,833.85,833.85,833.85,20,11680,523.13,,0.00
2020-06-05 14:13:00,828.15,828.15,828.15,828.15,40,11080,523.18,,0.00
2020-06-05 14:14:00,826.15,826.15,826.15,826.15,20,11080,523.21,,0.00
2020-06-05 14:15:00,798.00,798.00,798.00,798.00,400,11060,523.70,,-20.00
2020-06-05 14:18:00,836.45,836.45,800.00,800.00,60,11080,523.78,,0.00
2020-06-05 14:19:00,800.00,800.00,770.00,770.00,420,11080,524.30,,0.00
2020-06-05 14:20:00,760.05,760.05,729.55,750.05,760,11080,525.04,,0.00
2020-06-05 14:21:00,682.35,706.80,682.35,704.65,680,11100,525.54,,20.00
2020-06-05 14:22:00,693.55,700.00,665.85,700.00,420,11100,525.85,,0.00
2020-06-05 14:23:00,715.45,715.45,702.70,702.70,120,11100,525.95,,0.00
2020-06-05 14:24:00,700.00,700.00,660.30,660.30,80,11120,526.01,,20.00
2020-06-05 14:25:00,677.20,722.00,670.75,722.00,80,11120,526.06,,0.00
2020-06-05 14:26:00,730.00,730.00,720.00,720.00,40,11120,526.10,,0.00
2020-06-05 14:28:00,690.30,690.30,690.30,690.30,20,10640,526.11,,0.00
2020-06-05 14:29:00,682.55,682.55,679.15,679.15,60,10640,526.16,,0.00
2020-06-05 14:30:00,702.65,702.65,702.65,702.65,20,10620,526.17,,-20.00
2020-06-05 14:31:00,702.00,702.50,702.00,702.50,440,10620,526.51,,0.00
2020-06-05 14:33:00,640.00,640.00,610.00,610.00,540,10420,526.73,,0.00
2020-06-05 14:34:00,603.75,603.75,564.70,572.70,440,10420,526.85,,0.00
2020-06-05 14:35:00,595.55,595.55,572.15,586.95,820,10420,527.06,,0.00
2020-06-05 14:36:00,620.00,620.00,582.00,589.85,400,10540,527.18,,120.00
2020-06-05 14:37:00,560.00,563.05,550.05,563.05,400,10540,527.23,,0.00
2020-06-05 14:38:00,563.95,589.00,563.95,589.00,140,10540,527.26,,0.00
2020-06-05 14:39:00,589.00,598.60,585.55,585.55,120,10460,527.29,,-80.00
2020-06-05 14:40:00,589.20,608.15,575.00,608.15,320,10460,527.41,,0.00
2020-06-05 14:42:00,627.55,627.55,610.00,614.00,60,10360,527.44,,0.00
2020-06-05 14:43:00,623.15,623.15,623.15,623.15,20,10360,527.44,,0.00
2020-06-05 14:44:00,662.65,727.75,651.35,727.75,120,10360,527.53,,0.00
2020-06-05 14:45:00,704.00,704.00,704.00,704.00,120,10360,527.62,,0.00
2020-06-05 14:46:00,655.00,675.00,655.00,675.00,180,10440,527.73,,80.00
2020-06-05 14:47:00,660.65,660.65,633.90,633.90,280,10440,527.89,,0.00
2020-06-05 14:48:00,642.05,642.05,642.05,642.05,20,10620,527.90,,180.00
2020-06-05 14:50:00,651.20,651.20,651.20,651.20,100,10620,527.95,,0.00
2020-06-05 14:52:00,640.50,640.50,640.50,640.50,100,10500,528.00,,0.00
2020-06-05 14:53:00,661.15,661.15,661.15,661.15,20,10500,528.01,,0.00
2020-06-05 14:54:00,652.40,653.50,652.40,653.50,120,10240,528.08,,-260.00
2020-06-05 14:56:00,652.70,652.70,638.25,638.25,100,10240,528.12,,0.00
2020-06-05 14:57:00,656.00,656.00,652.00,652.00,60,10220,528.16,,-20.00
2020-06-05 14:59:00,684.30,725.00,684.30,725.00,760,10220,528.70,,0.00
2020-06-05 15:00:00,749.00,757.35,733.65,733.65,240,10380,528.92,,160.00
2020-06-05 15:01:00,742.90,772.90,742.90,772.90,160,10380,529.07,,0.00
2020-06-05 15:02:00,790.80,855.00,790.80,841.45,1220,10380,530.76,,0.00
2020-06-05 15:03:00,843.10,843.10,820.45,820.45,180,10420,530.99,,40.00
2020-06-05 15:04:00,808.00,833.55,798.80,833.55,80,10420,531.09,,0.00
2020-06-05 15:05:00,829.15,829.15,828.70,828.70,40,10420,531.14,,0.00
2020-06-05 15:06:00,778.10,806.50,778.10,806.50,60,10440,531.20,,20.00
2020-06-05 15:07:00,828.15,828.15,828.15,828.15,20,10440,531.23,,0.00
2020-06-05 15:09:00,792.20,792.20,792.20,792.20,20,10440,531.25,,0.00
2020-06-05 15:10:00,801.15,812.70,799.00,802.65,540,10460,531.88,,20.00
2020-06-05 15:11:00,792.30,792.30,792.30,792.30,20,10460,531.90,,0.00
2020-06-05 15:13:00,847.00,847.00,847.00,847.00,20,10220,531.93,,0.00
2020-06-05 15:15:00,832.60,832.60,819.95,826.65,320,10060,532.33,,-160.00
2020-06-05 15:16:00,811.10,830.00,807.35,830.00,820,10060,533.36,,0.00
2020-06-05 15:17:00,834.00,834.00,834.00,834.00,160,10060,533.56,,0.00
2020-06-05 15:18:00,847.00,848.50,846.80,848.50,120,10060,533.72,,0.00
2020-06-05 15:19:00,824.75,842.90,824.75,842.90,80,9840,533.82,,-220.00
2020-06-05 15:21:00,843.25,865.95,835.65,865.95,820,9980,534.91,,0.00
2020-06-05 15:22:00,858.35,880.65,858.35,864.55,480,9980,535.58,,0.00
2020-06-05 15:23:00,857.50,862.65,846.25,846.25,180,9980,535.83,,0.00
2020-06-05 15:24:00,850.00,850.00,850.00,850.00,200,9740,536.09,,-240.00
2020-06-05 15:25:00,860.00,860.40,860.00,860.40,2280,9740,539.18,,0.00
2020-06-05 15:26:00,856.30,859.15,853.85,859.15,100,9740,539.32,,0.00
2020-06-05 15:27:00,862.65,883.00,857.20,883.00,460,9340,539.95,,-400.00
2020-06-05 15:28:00,871.50,885.55,871.50,879.60,280,9340,540.34,,0.00
2020-06-05 15:29:01,880.20,880.20,880.20,880.20,20,9340,540.37,,0.00
2020-07-05 09:15:00,548.40,650.65,442.15,479.15,1860,5720,507.73,,0.00
2020-07-05 09:16:00,526.60,529.85,510.05,514.75,540,5720,510.15,,0.00
2020-07-05 09:17:00,510.00,530.00,487.05,530.00,380,5820,511.56,,100.00
2020-07-05 09:18:00,544.00,544.55,531.15,543.45,260,5820,514.05,,0.00
2020-07-05 09:19:00,551.00,560.00,527.20,545.00,560,5820,519.17,,0.00
2020-07-05 09:20:00,530.50,539.80,505.00,515.00,1420,6620,522.20,,800.00
2020-07-05 09:21:00,515.00,549.60,508.95,545.40,400,6620,522.49,,0.00
2020-07-05 09:22:00,632.95,640.00,610.55,640.00,520,6620,531.39,,0.00
2020-07-05 09:23:00,702.45,716.50,681.50,686.45,920,7480,554.16,,860.00
2020-07-05 09:24:00,693.70,744.05,687.10,721.70,1280,7480,579.90,,0.00
2020-07-05 09:25:00,690.35,690.35,690.35,690.35,40,7480,580.44,,0.00
2020-07-05 09:26:00,681.40,689.15,637.70,637.70,180,7940,582.14,,460.00
2020-07-05 09:27:00,661.45,671.50,654.35,665.30,300,7940,584.95,,0.00
2020-07-05 09:28:00,674.25,674.25,645.30,645.30,240,7940,586.88,,0.00
2020-07-05 09:29:00,650.00,650.00,633.05,633.05,40,7640,587.13,,-300.00
2020-07-05 09:30:00,606.30,606.30,574.20,591.70,240,7640,587.15,,0.00
2020-07-05 09:31:00,606.35,606.35,593.00,593.00,100,7640,587.31,,0.00
2020-07-05 09:32:00,596.35,645.40,596.35,645.40,100,7820,587.57,,180.00
2020-07-05 09:33:00,657.80,669.75,643.25,667.00,200,7820,588.98,,0.00
2020-07-05 09:34:00,658.80,673.50,648.75,669.60,420,7820,592.15,,0.00
2020-07-05 09:35:00,685.85,685.85,685.00,685.00,120,7880,593.26,,60.00
2020-07-05 09:36:00,685.00,704.55,685.00,704.55,160,7880,594.89,,0.00
2020-07-05 09:37:00,704.55,704.55,704.55,704.55,20,7880,595.10,,0.00
2020-07-05 09:38:00,681.85,681.85,672.95,672.95,140,7900,596.22,,20.00
2020-07-05 09:39:00,652.80,660.00,612.65,612.65,220,7900,597.04,,0.00
2020-07-05 09:40:00,657.35,657.35,657.35,657.35,40,7900,597.27,,0.00
2020-07-05 09:41:00,679.25,679.25,678.85,678.85,60,7920,597.73,,20.00
2020-07-05 09:42:00,683.70,685.00,678.35,678.35,100,7920,598.51,,0.00
2020-07-05 09:43:00,670.75,670.75,670.00,670.00,40,7920,598.77,,0.00
2020-07-05 09:44:00,653.00,653.00,653.00,653.00,20,6480,598.87,,-1440.00
2020-07-05 09:45:00,695.50,704.30,694.35,694.35,260,6480,601.22,,0.00
2020-07-05 09:46:00,706.35,710.25,671.65,671.65,140,6480,602.44,,0.00
2020-07-05 09:47:00,683.00,683.00,675.60,675.60,40,6700,602.72,,220.00
2020-07-05 09:48:00,744.65,769.30,743.20,743.20,200,6700,605.30,,0.00
2020-07-05 09:50:00,770.00,788.90,762.65,771.05,1000,6700,618.60,,0.00
2020-07-05 09:51:00,767.40,815.00,765.95,815.00,1060,6700,631.63,,0.00
2020-07-05 09:52:00,825.80,835.25,803.90,803.90,300,6700,635.79,,0.00
2020-07-05 09:53:00,785.25,799.45,785.25,799.45,40,6260,636.23,,-440.00
2020-07-05 09:54:00,763.40,763.40,763.40,763.40,20,6260,636.42,,0.00
2020-07-05 09:55:00,779.30,790.20,779.30,781.00,440,6260,641.06,,0.00
2020-07-05 09:56:00,784.25,784.25,784.25,784.25,20,6180,641.26,,-80.00
2020-07-05 09:57:00,806.15,806.15,806.15,806.15,20,6180,641.48,,0.00
2020-07-05 09:58:00,799.35,799.35,778.35,778.35,100,6180,642.47,,0.00
2020-07-05 10:00:00,796.20,818.30,796.20,812.45,60,6060,643.15,,0.00
2020-07-05 10:01:00,829.05,829.05,829.05,829.05,20,6060,643.41,,0.00
2020-07-05 10:02:00,812.95,812.95,810.00,810.00,40,6040,643.87,,-20.00
2020-07-05 10:03:00,775.55,795.00,756.55,756.55,160,6040,645.34,,0.00
2020-07-05 10:04:00,730.00,730.00,730.00,730.00,60,6040,645.68,,0.00
2020-07-05 10:05:00,710.85,715.00,696.55,696.55,160,6100,646.28,,60.00
2020-07-05 10:06:00,690.00,703.65,690.00,703.65,340,6100,647.28,,0.00
2020-07-05 10:08:00,740.25,740.25,736.05,736.05,60,6120,647.63,,0.00
2020-07-05 10:11:00,690.45,695.00,690.45,695.00,60,6100,647.81,,0.00
2020-07-05 10:12:00,695.00,699.00,695.00,699.00,40,6100,647.93,,0.00
2020-07-05 10:13:00,714.95,714.95,714.75,714.75,40,6100,648.10,,0.00
2020-07-05 10:14:00,715.60,715.60,712.15,712.15,60,6100,648.36,,0.00
2020-07-05 10:17:00,744.85,744.85,735.25,735.25,60,6100,648.71,,0.00
2020-07-05 10:19:00,714.45,714.45,714.45,714.45,20,5560,648.80,,0.00
2020-07-05 10:23:00,720.00,720.00,720.00,720.00,100,5560,649.25,,0.00
2020-07-05 10:25:00,703.00,703.00,648.30,648.30,280,5560,649.95,,0.00
2020-07-05 10:26:00,671.20,671.20,671.20,671.20,40,5740,650.01,,180.00
2020-07-05 10:28:00,670.90,670.90,670.90,670.90,40,5740,650.06,,0.00
2020-07-05 10:30:00,675.85,675.85,652.35,652.35,60,5620,650.10,,0.00
2020-07-05 10:31:00,609.00,626.85,609.00,626.85,60,5620,649.98,,0.00
2020-07-05 10:32:00,636.00,636.00,636.00,636.00,20,5620,649.96,,0.00
2020-07-05 10:34:00,640.00,640.00,640.00,640.00,20,5620,649.95,,0.00
2020-07-05 10:40:00,586.35,600.05,586.35,600.05,80,5580,649.67,,0.00
2020-07-05 10:41:00,575.00,585.00,575.00,585.00,100,5620,649.24,,40.00
2020-07-05 10:42:00,586.70,600.00,580.00,590.00,260,5620,648.33,,0.00
2020-07-05 10:43:00,564.00,564.00,530.00,530.00,160,5620,647.45,,0.00
2020-07-05 10:44:00,526.65,535.85,516.05,529.95,780,5600,642.14,,-20.00
2020-07-05 10:45:00,531.70,542.80,530.00,542.80,640,5600,638.59,,0.00
2020-07-05 10:46:00,542.85,547.35,541.70,547.35,100,5600,638.07,,0.00
2020-07-05 10:48:00,552.75,552.75,535.00,535.00,300,6000,636.56,,0.00
2020-07-05 10:49:00,535.35,550.00,535.35,550.00,60,6000,636.25,,0.00
2020-07-05 10:51:00,578.00,603.50,578.00,599.55,1560,6140,633.13,,0.00
2020-07-05 10:52:00,608.65,608.65,608.65,608.65,40,6140,633.09,,0.00
2020-07-05 10:53:00,589.30,600.55,589.30,590.00,60,6180,632.97,,40.00
2020-07-05 10:55:00,561.90,561.90,561.90,561.90,40,6180,632.83,,0.00
2020-07-05 10:58:00,575.20,580.00,575.20,580.00,40,6220,632.72,,0.00
2020-07-05 11:00:00,597.95,597.95,597.95,597.95,260,5920,632.29,,0.00
2020-07-05 11:04:00,615.00,615.00,600.05,600.05,60,5960,632.22,,0.00
2020-07-05 11:05:00,575.00,575.00,575.00,575.00,20,5960,632.17,,0.00
2020-07-05 11:06:00,560.85,570.25,560.85,570.25,80,6040,631.92,,80.00
2020-07-05 11:07:00,537.35,553.10,537.35,553.10,400,6040,630.40,,0.00
2020-07-05 11:08:00,548.35,548.35,548.35,548.35,20,6040,630.33,,0.00
2020-07-05 11:09:00,541.70,553.90,541.70,549.50,100,6080,629.95,,40.00
2020-07-05 11:10:00,570.00,570.00,556.10,556.10,40,6080,629.82,,0.00
2020-07-05 11:11:00,558.85,558.85,558.85,558.85,60,6060,629.62,,-20.00
2020-07-05 11:12:00,574.00,574.00,574.00,574.00,20,6060,629.57,,0.00
2020-07-05 11:13:00,562.20,562.20,562.20,562.20,40,6060,629.44,,0.00
2020-07-05 11:14:00,553.55,553.55,553.55,553.55,20,6060,629.37,,0.00
2020-07-05 11:19:00,590.70,590.70,590.70,590.70,20,5880,629.34,,0.00
2020-07-05 11:20:00,575.00,575.00,575.00,575.00,40,5880,629.24,,0.00
2020-07-05 11:30:00,597.90,597.90,597.90,597.90,380,5780,628.70,,0.00
2020-07-05 11:31:00,610.50,648.05,610.50,638.25,140,5780,628.74,,0.00
2020-07-05 11:32:00,625.05,632.65,625.05,632.65,100,5680,628.74,,-100.00
2020-07-05 11:33:00,640.85,640.85,640.85,640.85,20,5680,628.75,,0.00
2020-07-05 11:34:00,655.45,660.95,637.90,660.95,540,5680,629.48,,0.00
2020-07-05 11:35:00,651.60,651.60,642.00,642.00,1480,5420,630.25,,-260.00
2020-07-05 11:36:00,628.50,628.50,624.60,624.60,180,5420,630.22,,0.00
2020-07-05 11:37:00,624.60,624.60,624.60,624.60,20,5420,630.22,,0.00
2020-07-05 11:42:00,621.60,621.60,621.60,621.60,20,5900,630.21,,0.00
2020-07-05 11:45:00,651.90,651.90,651.90,651.90,180,5760,630.37,,0.00
2020-07-05 11:46:00,652.40,652.40,652.40,652.40,40,5760,630.40,,0.00
2020-07-05 11:47:00,656.50,657.00,656.50,657.00,740,5760,631.17,,0.00
2020-07-05 11:48:00,618.65,619.60,618.65,619.60,60,6260,631.14,,500.00
2020-07-05 11:49:00,606.05,606.05,606.05,606.05,20,6260,631.12,,0.00
2020-07-05 11:50:00,581.35,581.35,550.00,565.00,2040,6220,625.54,,-40.00
2020-07-05 11:51:00,558.90,558.90,558.90,558.90,60,6220,625.40,,0.00
2020-07-05 11:53:00,555.45,570.00,551.15,570.00,920,6820,623.28,,0.00
2020-07-05 11:54:00,570.00,570.00,562.75,564.20,80,6820,623.11,,0.00
2020-07-05 11:56:00,583.35,583.35,583.35,583.35,20,6820,623.08,,0.00
2020-07-05 11:59:00,583.35,584.30,583.35,584.30,40,6820,623.03,,0.00
2020-07-05 12:01:00,590.00,590.00,570.00,570.00,40,6800,622.97,,0.00
2020-07-05 12:02:00,570.00,570.00,570.00,570.00,220,6800,622.57,,0.00
2020-07-05 12:04:00,579.30,579.30,568.85,568.85,60,6720,622.47,,0.00
2020-07-05 12:05:00,543.00,543.00,543.00,543.00,360,6720,621.50,,0.00
2020-07-05 12:06:00,524.00,530.00,524.00,530.00,60,6980,621.30,,260.00
2020-07-05 12:08:00,536.80,536.80,536.80,536.80,20,6980,621.25,,0.00
2020-07-05 12:15:00,523.80,523.80,523.80,523.80,20,6980,621.18,,0.00
2020-07-05 12:16:00,507.50,507.50,507.50,507.50,40,6980,621.03,,0.00
2020-07-05 12:17:00,518.60,525.60,518.60,525.60,140,6980,620.55,,0.00
2020-07-05 12:18:00,550.00,550.00,550.00,550.00,1520,7080,617.09,,100.00
2020-07-05 12:19:00,537.90,537.90,533.05,533.05,180,7080,616.63,,0.00
2020-07-05 12:22:00,537.05,548.05,535.50,548.05,100,7480,616.38,,0.00
2020-07-05 12:25:00,529.00,529.00,529.00,529.00,40,7440,616.27,,0.00
2020-07-05 12:26:00,486.85,486.85,484.75,484.75,380,7440,614.75,,0.00
2020-07-05 12:27:00,489.35,490.00,451.35,451.35,880,7260,610.97,,-180.00
2020-07-05 12:28:00,484.60,484.60,484.60,484.60,40,7260,610.82,,0.00
2020-07-05 12:29:00,491.80,491.80,480.00,480.00,140,7960,610.28,,700.00
2020-07-05 12:30:00,501.35,501.35,501.35,501.35,20,7960,610.21,,0.00
2020-07-05 12:32:00,515.70,515.70,501.00,501.00,40,7960,610.09,,0.00
2020-07-05 12:33:00,498.00,498.00,496.85,496.85,40,7940,609.95,,-20.00
2020-07-05 12:35:00,508.00,508.00,508.00,508.00,20,7940,609.89,,0.00
2020-07-05 12:36:00,548.95,580.85,548.95,580.85,60,7940,609.82,,0.00
2020-07-05 12:37:00,596.20,618.95,592.65,592.65,2300,7940,609.76,,0.00
2020-07-05 12:38:00,610.00,614.85,599.85,599.85,120,7940,609.76,,0.00
2020-07-05 12:39:00,598.40,598.40,580.00,581.05,780,7020,609.45,,-920.00
2020-07-05 12:41:00,587.25,587.25,578.55,578.55,40,7140,609.42,,0.00
2020-07-05 12:42:00,580.35,590.00,580.35,590.00,80,7140,609.36,,0.00
2020-07-05 12:43:00,600.00,626.80,600.00,621.30,560,7140,609.36,,0.00
2020-07-05 12:44:00,615.60,623.00,613.00,621.90,100,7440,609.38,,300.00
2020-07-05 12:45:00,624.30,645.00,615.60,645.00,800,7440,609.63,,0.00
2020-07-05 12:46:00,651.80,651.80,640.65,640.65,40,7440,609.67,,0.00
2020-07-05 12:47:00,657.95,657.95,640.00,640.00,60,7220,609.73,,-220.00
2020-07-05 12:48:00,641.05,654.20,630.85,644.90,400,7220,610.08,,0.00
2020-07-05 12:49:00,621.80,621.80,621.80,621.80,20,7220,610.09,,0.00
2020-07-05 12:50:00,632.60,632.60,607.75,607.75,560,7220,610.14,,0.00
2020-07-05 12:51:00,608.35,608.40,593.85,593.85,160,7360,610.11,,140.00
2020-07-05 12:52:00,587.15,592.40,587.15,589.75,160,7360,610.03,,0.00
2020-07-05 12:53:00,602.35,609.05,597.05,597.05,100,7360,610.01,,0.00
2020-07-05 12:54:00,598.80,604.30,598.80,604.30,40,7380,610.00,,20.00
2020-07-05 12:55:00,588.90,604.85,588.90,604.85,160,7380,609.93,,0.00
2020-07-05 12:56:00,603.80,619.40,603.80,619.40,40,7380,609.93,,0.00
2020-07-05 12:57:00,606.40,606.40,606.40,606.40,20,7200,609.93,,-180.00
2020-07-05 12:58:00,602.80,602.80,596.90,596.90,40,7200,609.92,,0.00
2020-07-05 12:59:00,557.75,568.80,557.75,560.00,240,7200,609.65,,0.00
2020-07-05 13:00:00,573.15,573.15,564.00,564.00,80,7240,609.57,,40.00
2020-07-05 13:01:00,564.00,564.00,543.05,551.35,520,7240,608.90,,0.00
2020-07-05 13:03:00,570.00,570.00,564.05,564.90,200,7260,608.70,,0.00
2020-07-05 13:04:00,571.65,576.85,571.65,576.85,60,7260,608.66,,0.00
2020-07-05 13:05:00,574.10,574.10,574.10,574.10,20,7260,608.64,,0.00
2020-07-05 13:06:00,585.00,585.45,585.00,585.45,100,7180,608.58,,-80.00
2020-07-05 13:07:00,615.95,615.95,615.95,615.95,20,7180,608.58,,0.00
2020-07-05 13:08:00,617.30,645.00,617.30,635.00,660,7180,608.93,,0.00
2020-07-05 13:09:00,657.40,681.45,657.40,681.45,140,7200,609.12,,20.00
2020-07-05 13:10:00,653.05,653.05,653.05,653.05,20,7200,609.14,,0.00
2020-07-05 13:11:00,634.40,650.00,634.40,638.20,120,7200,609.23,,0.00
2020-07-05 13:12:00,627.95,638.20,627.95,638.20,120,7080,609.29,,-120.00
2020-07-05 13:13:00,667.80,667.80,660.00,661.35,400,7080,609.77,,0.00
2020-07-05 13:14:00,664.50,664.50,664.50,664.50,20,7080,609.80,,0.00
2020-07-05 13:16:00,681.45,717.45,681.45,689.25,940,6940,611.54,,0.00
2020-07-05 13:17:00,681.20,706.40,681.20,706.40,1740,6940,615.17,,0.00
2020-07-05 13:18:00,707.10,718.00,700.00,700.00,100,6900,615.38,,-40.00
2020-07-05 13:19:00,681.90,681.90,681.90,681.90,20,6900,615.41,,0.00
2020-07-05 13:20:00,696.65,701.85,675.30,675.30,100,6900,615.57,,0.00
2020-07-05 13:21:00,675.30,675.30,675.30,675.30,20,6900,615.60,,0.00
2020-07-05 13:23:00,676.35,679.05,660.35,660.35,140,6900,615.77,,0.00
2020-07-05 13:24:00,656.10,660.00,656.10,660.00,200,6880,615.96,,-20.00
2020-07-05 13:25:00,648.65,648.65,648.65,648.65,240,6880,616.13,,0.00
2020-07-05 13:27:00,644.95,645.00,644.95,645.00,80,6880,616.18,,0.00
2020-07-05 13:28:00,655.70,655.70,655.70,655.70,20,6600,616.20,,-280.00
2020-07-05 13:31:00,597.75,597.75,588.00,588.00,100,6620,616.14,,0.00
2020-07-05 13:32:00,611.00,611.00,611.00,611.00,20,6620,616.14,,0.00
2020-07-05 13:34:00,615.55,615.55,615.55,615.55,180,6680,616.14,,0.00
2020-07-05 13:35:00,641.30,641.30,641.30,641.30,40,6680,616.16,,0.00
2020-07-05 13:37:00,610.85,610.85,596.15,596.15,80,6700,616.14,,0.00
2020-07-05 13:38:00,600.00,600.00,600.00,600.00,100,6700,616.11,,0.00
2020-07-05 13:39:00,590.50,605.40,590.50,605.40,60,6620,616.08,,-80.00
2020-07-05 13:40:00,598.45,598.45,561.05,561.05,840,6620,615.45,,0.00
2020-07-05 13:41:00,565.20,565.20,525.85,525.85,120,6620,615.28,,0.00
2020-07-05 13:42:00,542.65,542.65,542.65,542.65,40,6880,615.21,,260.00
2020-07-05 13:43:00,562.95,562.95,550.00,550.00,60,6880,615.14,,0.00
2020-07-05 13:44:00,548.85,548.85,547.35,547.35,40,6880,615.09,,0.00
2020-07-05 13:47:00,587.20,587.20,587.20,587.20,20,6880,615.08,,0.00
2020-07-05 13:48:00,607.55,631.50,607.55,631.50,60,6880,615.09,,0.00
2020-07-05 13:49:00,613.75,613.75,606.50,606.50,100,6880,615.07,,0.00
2020-07-05 13:50:00,593.35,593.35,592.45,592.45,120,6880,615.01,,0.00
2020-07-05 13:51:00,584.55,584.55,576.65,576.65,40,6940,614.99,,60.00
2020-07-05 13:55:00,590.05,590.05,590.05,590.05,240,6920,614.86,,0.00
2020-07-05 13:56:00,579.80,579.80,568.00,568.00,40,6920,614.83,,0.00
2020-07-05 13:58:00,590.35,620.00,590.35,620.00,100,6900,614.82,,0.00
2020-07-05 13:59:00,600.00,600.00,600.00,600.00,140,6900,614.77,,0.00
2020-07-05 14:00:00,638.25,638.25,638.25,638.25,40,6860,614.79,,-40.00
2020-07-05 14:01:00,618.00,634.35,618.00,634.35,140,6860,614.81,,0.00
2020-07-05 14:03:00,612.30,612.30,601.65,601.65,60,6760,614.80,,0.00
2020-07-05 14:05:00,591.15,591.15,591.15,591.15,40,6760,614.78,,0.00
2020-07-05 14:06:00,579.30,579.30,579.30,579.30,20,6760,614.77,,0.00
2020-07-05 14:07:00,588.60,588.60,588.60,588.60,40,6760,614.75,,0.00
2020-07-05 14:08:00,631.15,631.15,608.75,608.75,680,6760,614.95,,0.00
2020-07-05 14:10:00,599.80,599.80,596.50,596.50,40,7300,614.93,,0.00
2020-07-05 14:11:00,615.10,615.10,615.10,615.10,20,7300,614.93,,0.00
2020-07-05 14:12:00,616.45,616.45,616.20,616.20,100,7280,614.94,,-20.00
2020-07-05 14:13:00,614.80,614.80,614.80,614.80,20,7280,614.94,,0.00
2020-07-05 14:14:00,599.55,599.55,590.00,590.00,120,7280,614.90,,0.00
2020-07-05 14:15:00,540.50,540.50,539.05,539.05,720,7120,613.82,,-160.00
2020-07-05 14:16:00,541.35,541.85,540.05,540.05,340,7120,613.34,,0.00
2020-07-05 14:18:00,577.85,600.00,577.85,600.00,120,7040,613.28,,0.00
2020-07-05 14:19:00,587.45,600.00,586.85,586.85,60,7040,613.25,,0.00
2020-07-05 14:20:00,600.25,616.10,600.25,616.10,100,7040,613.25,,0.00
2020-07-05 14:23:00,580.70,580.70,580.70,580.70,40,7100,613.22,,0.00
2020-07-05 14:26:00,619.30,619.30,606.20,606.20,80,7060,613.22,,0.00
2020-07-05 14:30:00,624.55,650.00,624.55,650.00,840,7040,613.52,,0.00
2020-07-05 14:32:00,641.80,641.80,641.80,641.80,40,7040,613.54,,0.00
2020-07-05 14:37:00,641.80,641.80,641.80,641.80,20,7260,613.55,,0.00
2020-07-05 14:39:00,631.75,631.75,631.75,631.75,40,7280,613.57,,0.00
2020-07-05 14:40:00,645.90,652.75,641.00,652.75,1100,7280,614.18,,0.00
2020-07-05 14:41:00,664.35,664.35,664.35,664.35,40,7280,614.21,,0.00
2020-07-05 14:42:00,650.00,670.20,650.00,670.20,100,6860,614.31,,-420.00
2020-07-05 14:45:00,610.90,611.05,573.95,573.95,460,6880,614.10,,0.00
2020-07-05 14:46:00,600.00,600.00,576.90,576.90,420,6880,613.94,,0.00
2020-07-05 14:47:00,587.85,587.85,587.85,587.85,40,6880,613.92,,0.00
2020-07-05 14:48:00,586.10,586.10,586.10,586.10,100,6880,613.87,,0.00
2020-07-05 14:49:00,587.40,587.40,567.65,573.90,220,6900,613.71,,20.00
2020-07-05 14:50:00,563.95,563.95,563.95,563.95,60,6900,613.66,,0.00
2020-07-05 14:52:00,603.80,620.90,603.80,620.90,40,6820,613.66,,0.00
2020-07-05 14:55:00,598.65,598.65,598.65,598.65,360,6820,613.56,,0.00
2020-07-05 14:57:00,612.00,612.00,610.00,610.00,100,7040,613.55,,0.00
2020-07-05 14:59:00,630.90,630.90,630.90,630.90,20,7040,613.56,,0.00
2020-07-05 15:01:00,590.00,590.00,590.00,590.00,40,6980,613.54,,0.00
2020-07-05 15:02:00,586.65,586.65,580.45,580.45,520,6980,613.23,,0.00
2020-07-05 15:03:00,554.75,554.75,554.75,554.75,60,6760,613.17,,-220.00
2020-07-05 15:04:00,576.25,576.25,576.25,576.25,20,6760,613.16,,0.00
2020-07-05 15:05:00,564.20,564.20,564.20,564.20,20,6760,613.14,,0.00
2020-07-05 15:06:00,564.00,564.00,564.00,564.00,20,6760,613.12,,0.00
2020-07-05 15:07:00,579.75,579.75,579.75,579.75,40,6740,613.10,,-20.00
2020-07-05 15:08:00,580.50,580.50,580.50,580.50,500,6740,612.81,,0.00
2020-07-05 15:09:00,579.15,589.85,579.15,589.85,1600,6080,611.94,,-660.00
2020-07-05 15:10:00,585.30,592.40,577.15,592.35,3540,6080,610.24,,0.00
2020-07-05 15:11:00,600.00,601.95,595.90,601.95,940,6080,610.09,,0.00
2020-07-05 15:12:00,599.80,599.80,592.60,596.95,840,4680,609.89,,-1400.00
2020-07-05 15:13:00,597.55,601.45,596.35,599.55,1860,4680,609.57,,0.00
2020-07-05 15:14:00,599.40,600.10,593.65,593.65,1100,4680,609.37,,0.00
2020-07-05 15:15:00,597.95,597.95,594.55,594.55,380,4640,609.30,,-40.00
2020-07-05 15:16:00,598.55,600.00,598.55,600.00,60,4640,609.29,,0.00
2020-07-05 15:17:00,600.50,600.50,598.75,598.75,100,4640,609.27,,0.00
2020-07-05 15:18:00,590.00,590.00,590.00,590.00,240,4540,609.20,,-100.00
2020-07-05 15:20:00,586.85,586.85,586.85,586.85,80,4540,609.18,,0.00
2020-07-05 15:21:00,580.45,586.55,580.30,582.85,640,4460,608.96,,-80.00
2020-07-05 15:22:00,581.95,585.00,581.95,585.00,160,4460,608.89,,0.00
2020-07-05 15:25:00,589.65,590.55,588.35,588.35,280,4380,608.81,,0.00
2020-07-05 15:26:00,585.85,589.05,585.85,589.05,100,4380,608.78,,0.00
2020-07-05 15:27:00,590.45,591.55,590.45,591.55,100,4300,608.75,,-80.00
2020-07-05 15:28:00,591.80,591.80,591.75,591.75,220,4300,608.70,,0.00
