date,open,high,low,close,volume,oi
2019-03-13 14:01:00,1050.00,1050.00,1050.00,1050.00,120,0
2019-03-13 14:02:00,1050.00,1050.00,1050.00,1050.00,0,0
2019-03-13 14:03:00,1050.00,1050.00,1050.00,1050.00,0,0
2019-03-13 14:04:00,1050.00,1100.00,1050.00,1100.00,180,140
2019-03-13 14:05:00,1100.00,1100.00,1100.00,1100.00,0,140
2019-03-13 14:06:00,1100.00,1100.00,1100.00,1100.00,0,140
2019-03-13 14:07:00,1100.00,1100.00,1100.00,1100.00,0,140
2019-03-13 14:08:00,1100.00,1100.00,1100.00,1100.00,0,140
2019-03-13 14:09:00,1100.00,1100.00,1100.00,1100.00,0,140
2019-03-13 14:10:00,1100.00,1100.00,1100.00,1100.00,0,140
2019-03-13 14:11:00,1100.00,1100.00,1100.00,1100.00,0,140
2019-03-13 14:12:00,1100.00,1100.00,1100.00,1100.00,0,140
2019-03-13 14:13:00,1100.00,1100.00,1100.00,1100.00,0,140
2019-03-13 14:14:00,1100.00,1100.00,1100.00,1100.00,0,140
2019-03-13 14:15:00,1100.00,1100.00,1100.00,1100.00,0,140
2019-03-13 14:16:00,1100.00,1100.00,1100.00,1100.00,0,140
2019-03-13 14:17:00,1100.00,1100.00,1100.00,1100.00,0,140
2019-03-13 14:18:00,1100.00,1100.00,1100.00,1100.00,0,140
2019-03-13 14:19:00,1100.00,1100.00,1100.00,1100.00,0,140
2019-03-13 14:20:00,1100.00,1100.00,1100.00,1100.00,0,140
2019-03-13 14:21:00,1100.00,1100.00,1100.00,1100.00,0,140
2019-03-13 14:22:00,1100.00,1100.00,1100.00,1100.00,0,140
2019-03-13 14:23:00,1100.00,1100.00,1100.00,1100.00,0,140
2019-03-13 14:24:00,1100.00,1100.00,1100.00,1100.00,0,140
2019-03-13 14:25:00,1100.00,1100.00,1100.00,1100.00,0,140
2019-03-13 14:26:00,1100.00,1100.00,1100.00,1100.00,20,240
2019-03-13 14:27:00,1100.00,1100.00,1100.00,1100.00,80,260
2019-03-13 14:28:00,1100.00,1100.00,1100.00,1100.00,0,260
2019-03-13 14:29:00,1100.00,1100.00,1100.00,1100.00,0,260
2019-03-13 14:30:00,1100.00,1100.00,1100.00,1100.00,0,260
2019-03-13 14:31:00,1100.00,1100.00,1100.00,1100.00,0,260
2019-03-13 14:32:00,1100.00,1100.00,1100.00,1100.00,0,260
2019-03-13 14:33:00,1100.00,1100.00,1100.00,1100.00,0,260
2019-03-13 14:34:00,1100.00,1100.00,1100.00,1100.00,0,260
2019-03-13 14:35:00,1100.00,1100.00,1100.00,1100.00,0,260
2019-03-13 14:36:00,1100.00,1100.00,1100.00,1100.00,0,260
2019-03-13 14:37:00,1100.00,1100.00,1100.00,1100.00,0,260
2019-03-13 14:38:00,1100.00,1100.00,1100.00,1100.00,0,260
2019-03-13 14:39:00,1100.00,1100.00,1100.00,1100.00,0,260
2019-03-13 14:40:00,1100.00,1100.00,1100.00,1100.00,0,260
2019-03-13 14:41:00,1100.00,1100.00,1100.00,1100.00,0,260
2019-03-13 14:42:00,1100.00,1100.00,1100.00,1100.00,0,260
2019-03-13 14:43:00,1100.00,1100.00,1100.00,1100.00,0,260
2019-03-13 14:44:00,1100.00,1100.00,1100.00,1100.00,0,260
2019-03-13 14:45:00,1100.00,1100.00,1100.00,1100.00,0,260
2019-03-13 14:46:00,1100.00,1100.00,1080.00,1080.00,20,340
2019-03-13 14:47:00,1080.00,1080.00,1080.00,1080.00,0,340
2019-03-13 14:48:00,1080.00,1080.00,1080.00,1080.00,0,340
2019-03-13 14:49:00,1080.00,1080.00,1080.00,1080.00,0,340
2019-03-13 14:50:00,1080.00,1080.00,1080.00,1080.00,0,340
2019-03-13 14:51:00,1080.00,1080.00,1080.00,1080.00,0,340
2019-03-13 14:52:00,1080.00,1080.00,1080.00,1080.00,0,340
2019-03-13 14:53:00,1080.00,1080.00,1080.00,1080.00,0,340
2019-03-13 14:54:00,1080.00,1080.00,1080.00,1080.00,0,340
2019-03-13 14:55:00,1080.00,1080.00,1080.00,1080.00,0,340
2019-03-13 14:56:00,1080.00,1080.00,1080.00,1080.00,0,340
2019-03-13 14:57:00,1080.00,1080.00,1080.00,1080.00,0,340
2019-03-13 14:58:00,1080.00,1080.00,1080.00,1080.00,0,340
2019-03-13 14:59:00,1080.00,1080.00,1080.00,1080.00,0,340
2019-03-13 15:00:00,1080.00,1080.00,1080.00,1080.00,0,340
2019-03-13 15:01:00,1080.00,1080.00,1080.00,1080.00,0,340
2019-03-13 15:02:00,1080.00,1080.00,1080.00,1080.00,0,340
2019-03-13 15:03:00,1080.00,1080.00,1080.00,1080.00,0,340
2019-03-13 15:04:00,1080.00,1080.00,1080.00,1080.00,0,340
2019-03-13 15:05:00,1080.00,1080.00,1080.00,1080.00,0,340
2019-03-13 15:06:00,1080.00,1080.00,1080.00,1080.00,0,340
2019-03-13 15:07:00,1080.00,1080.00,1080.00,1080.00,0,340
2019-03-13 15:08:00,1080.00,1080.00,1080.00,1080.00,0,340
2019-03-13 15:09:00,1080.00,1080.00,1080.00,1080.00,0,340
2019-03-13 15:10:00,1080.00,1080.00,1080.00,1080.00,0,340
2019-03-13 15:11:00,1080.00,1098.00,1080.00,1098.00,120,340
2019-03-13 15:12:00,1098.00,1098.00,1098.00,1098.00,0,340
2019-03-13 15:13:00,1098.00,1098.00,1098.00,1098.00,0,340
2019-03-13 15:14:00,1098.00,1098.00,1098.00,1098.00,0,340
2019-03-13 15:15:00,1098.00,1098.00,1098.00,1098.00,0,340
2019-03-13 15:16:00,1098.00,1098.00,1098.00,1098.00,0,340
2019-03-13 15:17:00,1098.00,1098.00,1098.00,1098.00,0,340
2019-03-13 15:18:00,1098.00,1098.00,1098.00,1098.00,0,340
2019-03-13 15:19:00,1098.00,1098.00,1098.00,1098.00,0,340
2019-03-13 15:20:00,1098.00,1098.00,1098.00,1098.00,0,340
2019-03-13 15:21:00,1098.00,1098.00,1098.00,1098.00,0,340
2019-03-13 15:22:00,1098.00,1098.00,1098.00,1098.00,0,340
2019-03-13 15:23:00,1098.00,1098.00,1079.80,1079.80,20,460
2019-03-13 15:24:00,1079.80,1079.80,1060.00,1060.00,540,480
2019-03-13 15:25:00,1060.00,1060.00,1059.80,1059.80,80,480
2019-03-13 15:26:00,1059.80,1059.80,1059.80,1059.80,200,480
2019-03-13 15:27:00,1059.80,1059.80,1059.80,1059.80,0,480
2019-03-13 15:28:00,1059.80,1091.15,1059.80,1091.15,20,1300
2019-03-13 15:29:01,1091.15,1091.15,1091.15,1091.15,0,1300
2019-03-14 09:18:00,1023.25,1027.60,1023.25,1027.60,20,1300
2019-03-14 09:19:00,1027.60,1027.60,1027.60,1027.60,0,1300
2019-03-14 09:20:00,1027.60,1027.60,1027.60,1027.60,0,1300
2019-03-14 09:21:00,1027.60,1027.60,1027.60,1027.60,0,1300
2019-03-14 09:22:00,1027.60,1027.60,1027.60,1027.60,0,1300
2019-03-14 09:23:00,1027.60,1027.60,1027.60,1027.60,0,1300
2019-03-14 09:24:00,1027.60,1027.60,970.00,970.00,1300,1320
2019-03-14 09:25:00,970.00,970.00,970.00,970.00,0,1320
2019-03-14 09:26:00,970.00,970.00,970.00,970.00,0,1320
2019-03-14 09:27:00,970.00,970.00,970.00,970.00,0,1320
2019-03-14 09:28:00,970.00,970.00,970.00,970.00,0,1320
2019-03-14 09:29:00,970.00,970.00,970.00,970.00,0,1320
2019-03-14 09:30:00,970.00,970.00,970.00,970.00,0,1320
2019-03-14 09:31:00,970.00,970.00,970.00,970.00,0,1320
2019-03-14 09:32:00,970.00,970.00,970.00,970.00,0,1320
2019-03-14 09:33:00,970.00,970.00,970.00,970.00,0,1320
2019-03-14 09:34:00,970.00,970.00,970.00,970.00,0,1320
2019-03-14 09:35:00,970.00,970.00,970.00,970.00,0,1320
2019-03-14 09:36:00,970.00,990.60,970.00,990.60,20,2600
2019-03-14 09:37:00,990.60,990.60,990.60,990.60,0,2600
2019-03-14 09:38:00,990.60,990.60,990.60,990.60,0,2600
2019-03-14 09:39:00,990.60,990.60,990.60,990.60,0,2600
2019-03-14 09:40:00,990.60,990.60,990.60,990.60,0,2600
2019-03-14 09:41:00,990.60,990.60,990.60,990.60,0,2600
2019-03-14 09:42:00,990.60,990.60,990.60,990.60,0,2600
2019-03-14 09:43:00,990.60,990.60,990.60,990.60,0,2600
2019-03-14 09:44:00,990.60,990.60,990.60,990.60,0,2600
2019-03-14 09:45:00,990.60,990.60,990.60,990.60,0,2600
2019-03-14 09:46:00,990.60,990.60,990.60,990.60,0,2600
2019-03-14 09:47:00,990.60,990.60,990.60,990.60,0,2600
2019-03-14 09:48:00,990.60,990.60,990.60,990.60,0,2600
2019-03-14 09:49:00,990.60,990.60,990.60,990.60,0,2600
2019-03-14 09:50:00,990.60,990.60,990.60,990.60,0,2600
2019-03-14 09:51:00,990.60,990.60,990.60,990.60,0,2600
2019-03-14 09:52:00,990.60,990.60,990.60,990.60,0,2600
2019-03-14 09:53:00,990.60,990.60,990.60,990.60,0,2600
2019-03-14 09:54:00,990.60,990.60,990.60,990.60,0,2600
2019-03-14 09:55:00,990.60,990.60,990.60,990.60,0,2600
2019-03-14 09:56:00,990.60,990.60,990.60,990.60,0,2600
2019-03-14 09:57:00,990.60,990.60,990.60,990.60,0,2600
2019-03-14 09:58:00,990.60,990.60,990.60,990.60,0,2600
2019-03-14 09:59:00,980.00,980.00,980.00,980.00,0,2620
2019-03-14 10:00:00,980.00,980.00,980.00,980.00,0,2620
2019-03-14 10:01:00,980.00,980.00,980.00,980.00,0,2620
2019-03-14 10:02:00,980.00,980.00,980.00,980.00,0,2620
2019-03-14 10:03:00,980.00,980.00,980.00,980.00,0,2620
2019-03-14 10:04:00,980.00,980.00,980.00,980.00,0,2620
2019-03-14 10:05:00,980.00,980.00,980.00,980.00,0,2620
2019-03-14 10:06:00,980.00,980.00,980.00,980.00,0,2620
2019-03-14 10:07:00,980.00,980.00,980.00,980.00,0,2620
2019-03-14 10:08:00,980.00,980.00,980.00,980.00,0,2620
2019-03-14 10:09:00,980.00,980.00,980.00,980.00,0,2620
2019-03-14 10:10:00,980.00,980.00,980.00,980.00,0,2620
2019-03-14 10:11:00,980.00,980.00,980.00,980.00,0,2620
2019-03-14 10:12:00,980.00,1012.55,980.00,1012.55,80,2640
2019-03-14 10:13:00,1012.55,1012.55,1012.55,1012.55,0,2640
2019-03-14 10:14:00,1012.55,1012.55,1012.55,1012.55,0,2640
2019-03-14 10:15:00,1012.55,1012.55,1012.55,1012.55,0,2640
2019-03-14 10:16:00,1012.55,1012.55,1012.55,1012.55,0,2640
2019-03-14 10:17:00,1012.55,1012.55,1012.55,1012.55,0,2640
2019-03-14 10:18:00,1012.55,1045.00,1012.55,1045.00,100,2640
2019-03-14 10:19:00,1045.00,1045.00,1045.00,1045.00,0,2640
2019-03-14 10:20:00,1045.00,1045.00,1045.00,1045.00,0,2640
2019-03-14 10:21:00,1045.00,1045.00,1045.00,1045.00,0,2640
2019-03-14 10:22:00,1045.00,1045.00,1045.00,1045.00,0,2640
2019-03-14 10:23:00,1045.00,1045.00,1045.00,1045.00,0,2640
2019-03-14 10:24:00,1045.00,1045.00,1045.00,1045.00,0,2640
2019-03-14 10:25:00,1045.00,1108.00,1045.00,1108.00,40,2740
2019-03-14 10:26:00,1108.00,1108.00,1108.00,1108.00,0,2740
2019-03-14 10:27:00,1108.00,1108.00,1108.00,1108.00,0,2740
2019-03-14 10:28:00,1108.00,1108.00,1108.00,1108.00,0,2740
2019-03-14 10:29:00,1108.00,1108.00,1108.00,1108.00,0,2740
2019-03-14 10:30:00,1108.00,1108.00,1108.00,1108.00,0,2740
2019-03-14 10:31:00,1108.00,1108.00,1108.00,1108.00,0,2740
2019-03-14 10:32:00,1108.00,1108.00,1108.00,1108.00,0,2740
2019-03-14 10:33:00,1108.00,1108.00,1108.00,1108.00,0,2740
2019-03-14 10:34:00,1108.00,1108.00,1108.00,1108.00,0,2740
2019-03-14 10:35:00,1108.00,1108.00,1108.00,1108.00,0,2740
2019-03-14 10:36:00,1108.00,1108.00,1108.00,1108.00,0,2740
2019-03-14 10:37:00,1108.00,1108.00,1108.00,1108.00,0,2740
2019-03-14 10:38:00,1108.00,1108.00,1108.00,1108.00,0,2740
2019-03-14 10:39:00,1108.00,1108.00,1108.00,1108.00,0,2740
2019-03-14 10:40:00,1108.00,1108.00,1108.00,1108.00,0,2740
2019-03-14 10:41:00,1108.00,1108.00,1108.00,1108.00,0,2740
2019-03-14 10:42:00,1108.00,1108.00,1108.00,1108.00,0,2740
2019-03-14 10:43:00,1108.00,1108.00,1108.00,1108.00,0,2740
2019-03-14 10:44:00,1108.00,1108.00,1108.00,1108.00,0,2740
2019-03-14 10:45:00,1108.00,1108.00,1108.00,1108.00,0,2740
2019-03-14 10:46:00,1108.00,1108.00,1108.00,1108.00,0,2740
2019-03-14 10:47:00,1108.00,1108.00,1108.00,1108.00,0,2740
2019-03-14 10:48:00,1108.00,1108.00,1108.00,1108.00,0,2740
2019-03-14 10:49:00,1108.00,1108.00,1108.00,1108.00,0,2740
2019-03-14 10:50:00,1108.00,1108.00,1108.00,1108.00,0,2740
2019-03-14 10:51:00,1108.00,1108.00,1108.00,1108.00,0,2740
2019-03-14 10:52:00,1108.00,1108.00,1108.00,1108.00,0,2740
2019-03-14 10:53:00,1108.00,1108.00,1108.00,1108.00,0,2740
2019-03-14 10:54:00,1108.00,1108.00,1108.00,1108.00,0,2740
2019-03-14 10:55:00,1108.00,1108.00,1108.00,1108.00,0,2740
2019-03-14 10:56:00,1108.00,1108.00,1108.00,1108.00,0,2740
2019-03-14 10:57:00,1108.00,1108.00,1108.00,1108.00,0,2740
2019-03-14 10:58:00,1108.00,1108.00,1108.00,1108.00,0,2740
2019-03-14 10:59:00,1108.00,1108.00,1108.00,1108.00,0,2740
2019-03-14 11:00:00,1108.00,1108.00,1108.00,1108.00,0,2740
2019-03-14 11:01:00,1108.00,1108.00,1108.00,1108.00,0,2740
2019-03-14 11:02:00,1108.00,1108.00,1108.00,1108.00,0,2740
2019-03-14 11:03:00,1108.00,1108.00,1108.00,1108.00,0,2740
2019-03-14 11:04:00,1108.00,1108.00,1108.00,1108.00,0,2740
2019-03-14 11:05:00,1108.00,1108.00,1108.00,1108.00,0,2740
2019-03-14 11:06:00,1108.00,1108.00,1108.00,1108.00,0,2740
2019-03-14 11:07:00,1108.00,1108.00,1108.00,1108.00,0,2740
2019-03-14 11:08:00,1108.00,1108.00,1108.00,1108.00,0,2740
2019-03-14 11:09:00,1108.00,1108.00,1108.00,1108.00,0,2740
2019-03-14 11:10:00,1108.00,1108.00,1108.00,1108.00,0,2740
2019-03-14 11:11:00,1108.00,1108.00,1108.00,1108.00,0,2740
2019-03-14 11:12:00,1108.00,1108.00,1108.00,1108.00,0,2740
2019-03-14 11:13:00,1108.00,1108.00,1108.00,1108.00,0,2740
2019-03-14 11:14:00,1108.00,1108.00,1108.00,1108.00,0,2740
2019-03-14 11:15:00,1108.00,1108.00,1108.00,1108.00,0,2740
2019-03-14 11:16:00,1108.00,1108.00,1108.00,1108.00,0,2740
2019-03-14 11:17:00,1108.00,1108.00,1108.00,1108.00,0,2740
2019-03-14 11:18:00,1108.00,1108.00,1108.00,1108.00,0,2740
2019-03-14 11:19:00,1108.00,1108.00,1108.00,1108.00,0,2740
2019-03-14 11:20:00,1108.00,1108.00,1108.00,1108.00,0,2740
2019-03-14 11:21:00,1108.00,1108.00,1108.00,1108.00,0,2740
2019-03-14 11:22:00,1108.00,1108.00,1108.00,1108.00,0,2740
2019-03-14 11:23:00,1108.00,1108.00,1108.00,1108.00,0,2740
2019-03-14 11:24:00,1108.00,1108.00,1108.00,1108.00,0,2740
2019-03-14 11:25:00,1108.00,1108.00,1108.00,1108.00,0,2740
2019-03-14 11:26:00,1108.00,1108.00,1108.00,1108.00,0,2740
2019-03-14 11:27:00,1108.00,1108.00,1108.00,1108.00,0,2740
2019-03-14 11:28:00,1108.00,1108.00,1108.00,1108.00,0,2740
2019-03-14 11:29:00,1108.00,1108.00,1108.00,1108.00,0,2740
2019-03-14 11:30:00,1108.00,1108.00,1108.00,1108.00,0,2740
2019-03-14 11:31:00,1108.00,1108.00,1108.00,1108.00,0,2740
2019-03-14 11:32:00,1108.00,1108.00,1108.00,1108.00,0,2740
2019-03-14 11:33:00,1108.00,1108.00,1108.00,1108.00,0,2740
2019-03-14 11:34:00,1108.00,1108.00,1108.00,1108.00,0,2740
2019-03-14 11:35:00,1108.00,1108.00,1108.00,1108.00,0,2740
2019-03-14 11:36:00,1108.00,1108.00,1108.00,1108.00,0,2740
2019-03-14 11:37:00,1108.00,1108.00,1108.00,1108.00,0,2740
2019-03-14 11:38:00,1108.00,1108.00,1108.00,1108.00,0,2740
2019-03-14 11:39:00,1108.00,1108.00,1108.00,1108.00,0,2740
2019-03-14 11:40:00,1108.00,1108.00,1108.00,1108.00,0,2740
2019-03-14 11:41:00,1108.00,1108.00,1108.00,1108.00,0,2740
2019-03-14 11:42:00,1108.00,1108.00,1108.00,1108.00,0,2740
2019-03-14 11:43:00,1108.00,1108.00,1108.00,1108.00,0,2740
2019-03-14 11:44:00,1108.00,1108.00,1108.00,1108.00,0,2740
2019-03-14 11:45:00,1108.00,1108.00,1108.00,1108.00,0,2740
2019-03-14 11:46:00,1108.00,1108.00,1108.00,1108.00,0,2740
2019-03-14 11:47:00,1108.00,1108.00,1108.00,1108.00,0,2740
2019-03-14 11:48:00,1108.00,1108.00,1108.00,1108.00,0,2740
2019-03-14 11:49:00,1108.00,1108.00,1108.00,1108.00,0,2740
2019-03-14 11:50:00,1108.00,1108.00,1108.00,1108.00,0,2740
2019-03-14 11:51:00,1108.00,1108.00,1108.00,1108.00,0,2740
2019-03-14 11:52:00,1108.00,1108.00,1108.00,1108.00,0,2740
2019-03-14 11:53:00,1108.00,1108.00,1108.00,1108.00,0,2740
2019-03-14 11:54:00,1108.00,1108.00,1108.00,1108.00,0,2740
2019-03-14 11:55:00,1108.00,1108.00,1108.00,1108.00,0,2740
2019-03-14 11:56:00,1108.00,1108.00,1108.00,1108.00,0,2740
2019-03-14 11:57:00,1108.00,1108.00,1108.00,1108.00,0,2740
2019-03-14 11:58:00,1108.00,1108.00,1108.00,1108.00,0,2740
2019-03-14 11:59:00,1108.00,1108.00,1108.00,1108.00,0,2740
2019-03-14 12:00:00,1108.00,1108.00,1108.00,1108.00,0,2740
2019-03-14 12:01:00,1108.00,1108.00,1108.00,1108.00,0,2740
2019-03-14 12:02:00,1108.00,1108.00,1108.00,1108.00,0,2740
2019-03-14 12:03:00,1108.00,1108.00,1108.00,1108.00,0,2740
2019-03-14 12:04:00,1108.00,1108.00,1108.00,1108.00,0,2740
2019-03-14 12:05:00,1108.00,1108.00,1108.00,1108.00,0,2740
2019-03-14 12:06:00,1108.00,1108.00,1108.00,1108.00,0,2740
2019-03-14 12:07:00,1108.00,1108.00,1108.00,1108.00,0,2740
2019-03-14 12:08:00,1108.00,1108.00,1108.00,1108.00,0,2740
2019-03-14 12:09:00,1108.00,1108.00,1108.00,1108.00,0,2740
2019-03-14 12:10:00,1108.00,1108.00,1108.00,1108.00,0,2740
2019-03-14 12:11:00,1108.00,1108.00,1108.00,1108.00,0,2740
2019-03-14 12:12:00,1108.00,1108.00,1108.00,1108.00,0,2740
2019-03-14 12:13:00,1108.00,1108.00,1108.00,1108.00,0,2740
2019-03-14 12:14:00,1108.00,1108.00,1108.00,1108.00,0,2740
2019-03-14 12:15:00,1108.00,1108.00,1108.00,1108.00,0,0
2019-03-14 12:16:00,1108.00,1108.00,1108.00,1108.00,0,0
2019-03-14 12:17:00,1108.00,1108.00,1108.00,1108.00,0,0
2019-03-14 12:18:00,1108.00,1108.00,1108.00,1108.00,0,0
2019-03-14 12:19:00,1108.00,1108.00,1108.00,1108.00,0,0
2019-03-14 12:20:00,1108.00,1108.00,1108.00,1108.00,0,0
2019-03-14 12:21:00,1108.00,1108.00,1108.00,1108.00,0,0
2019-03-14 12:22:00,1108.00,1108.00,1108.00,1108.00,0,0
2019-03-14 12:23:00,1108.00,1108.00,1108.00,1108.00,0,0
2019-03-14 12:24:00,1108.00,1108.00,1108.00,1108.00,0,0
2019-03-14 12:25:00,1108.00,1108.00,1108.00,1108.00,0,0
2019-03-14 12:26:00,1108.00,1108.00,1108.00,1108.00,0,0
2019-03-14 12:27:00,1108.00,1108.00,1108.00,1108.00,0,0
2019-03-14 12:28:00,1108.00,1108.00,1108.00,1108.00,0,0
2019-03-14 12:29:00,1108.00,1108.00,1108.00,1108.00,0,0
2019-03-14 12:30:00,1108.00,1108.00,1108.00,1108.00,0,0
2019-03-14 12:31:00,1108.00,1108.00,1108.00,1108.00,0,0
2019-03-14 12:32:00,1108.00,1108.00,1108.00,1108.00,0,2740
2019-03-14 12:33:00,1108.00,1108.00,1108.00,1108.00,0,2740
2019-03-14 12:34:00,1108.00,1108.00,1108.00,1108.00,0,2740
2019-03-14 12:35:00,1108.00,1108.00,1108.00,1108.00,0,2740
2019-03-14 12:36:00,1108.00,1108.00,1108.00,1108.00,0,2740
2019-03-14 12:37:00,1108.00,1108.00,1108.00,1108.00,0,2740
2019-03-14 12:38:00,1108.00,1108.00,1108.00,1108.00,0,2740
2019-03-14 12:39:00,1108.00,1108.00,1108.00,1108.00,0,2740
2019-03-14 12:40:00,1108.00,1108.00,1108.00,1108.00,0,2740
2019-03-14 12:41:00,1108.00,1108.00,1108.00,1108.00,0,2740
2019-03-14 12:42:00,1108.00,1108.00,1108.00,1108.00,0,2740
2019-03-14 12:43:00,1108.00,1108.00,1108.00,1108.00,0,2740
2019-03-14 12:44:00,1108.00,1108.00,1108.00,1108.00,0,2740
2019-03-14 12:45:00,1108.00,1108.00,1108.00,1108.00,0,2740
2019-03-14 12:46:00,1108.00,1108.00,1108.00,1108.00,0,2740
2019-03-14 12:47:00,1108.00,1108.00,1108.00,1108.00,0,2740
2019-03-14 12:48:00,1108.00,1108.00,1108.00,1108.00,0,2740
2019-03-14 12:49:00,1108.00,1108.00,1108.00,1108.00,0,2740
2019-03-14 12:50:00,1108.00,1108.00,1108.00,1108.00,0,2740
2019-03-14 12:51:00,1108.00,1108.00,1108.00,1108.00,0,2740
2019-03-14 12:52:00,1108.00,1108.00,1108.00,1108.00,0,2740
2019-03-14 12:53:00,1108.00,1108.00,1108.00,1108.00,0,2740
2019-03-14 12:54:00,1108.00,1108.00,1108.00,1108.00,0,2740
2019-03-14 12:55:00,1108.00,1108.00,1108.00,1108.00,0,2740
2019-03-14 12:56:00,1108.00,1108.00,1108.00,1108.00,0,2740
2019-03-14 12:57:00,1108.00,1108.00,1108.00,1108.00,0,2740
2019-03-14 12:58:00,1108.00,1108.00,1108.00,1108.00,0,2740
2019-03-14 12:59:00,1108.00,1108.00,1108.00,1108.00,0,2740
2019-03-14 13:00:00,1108.00,1108.00,1108.00,1108.00,0,2740
2019-03-14 13:01:00,1108.00,1108.00,1108.00,1108.00,0,2740
2019-03-14 13:02:00,1108.00,1108.00,1108.00,1108.00,0,2740
2019-03-14 13:03:00,1108.00,1108.00,1108.00,1108.00,0,2740
2019-03-14 13:04:00,1108.00,1108.00,1108.00,1108.00,0,2740
2019-03-14 13:05:00,1108.00,1108.00,1108.00,1108.00,0,2740
2019-03-14 13:06:00,1108.00,1108.00,1108.00,1108.00,0,2740
2019-03-14 13:07:00,1108.00,1108.00,1108.00,1108.00,0,2740
2019-03-14 13:08:00,1108.00,1108.00,1108.00,1108.00,0,2740
2019-03-14 13:09:00,1108.00,1108.00,1108.00,1108.00,0,2740
2019-03-14 13:10:00,1108.00,1108.00,1108.00,1108.00,0,2740
2019-03-14 13:11:00,1108.00,1108.00,1108.00,1108.00,0,2740
2019-03-14 13:12:00,1108.00,1108.00,1108.00,1108.00,0,2740
2019-03-14 13:13:00,1108.00,1108.00,1108.00,1108.00,0,2740
2019-03-14 13:14:00,1108.00,1108.00,1108.00,1108.00,0,2740
2019-03-14 13:15:00,1108.00,1108.00,1108.00,1108.00,0,2740
2019-03-14 13:16:00,1108.00,1108.00,1108.00,1108.00,0,2740
2019-03-14 13:17:00,1108.00,1108.00,1108.00,1108.00,0,2740
2019-03-14 13:18:00,1108.00,1108.00,1108.00,1108.00,0,2740
2019-03-14 13:19:00,1108.00,1108.00,1108.00,1108.00,0,2740
2019-03-14 13:20:00,1108.00,1108.00,1108.00,1108.00,0,2740
2019-03-14 13:21:00,1108.00,1108.00,1108.00,1108.00,0,2740
2019-03-14 13:22:00,1108.00,1108.00,1108.00,1108.00,0,2740
2019-03-14 13:23:00,1108.00,1108.00,1108.00,1108.00,0,2740
2019-03-14 13:24:00,1108.00,1108.00,1108.00,1108.00,0,2740
2019-03-14 13:25:00,1108.00,1108.00,1108.00,1108.00,0,2740
2019-03-14 13:26:00,1108.00,1108.00,1108.00,1108.00,0,2740
2019-03-14 13:27:00,1108.00,1108.00,1108.00,1108.00,0,2740
2019-03-14 13:28:00,1108.00,1108.00,1108.00,1108.00,0,2740
2019-03-14 13:29:00,1108.00,1108.00,1072.05,1072.05,40,2740
2019-03-14 13:30:00,1072.05,1072.05,1048.35,1048.35,20,2740
2019-03-14 13:31:00,1048.35,1048.35,1048.35,1048.35,0,2740
2019-03-14 13:32:00,1048.35,1048.35,1048.35,1048.35,0,2740
2019-03-14 13:33:00,1048.35,1048.35,1048.35,1048.35,0,2740
2019-03-14 13:34:00,1048.35,1048.35,1048.35,1048.35,0,2740
2019-03-14 13:35:00,1048.35,1048.35,1048.35,1048.35,0,2740
2019-03-14 13:36:00,1048.35,1048.35,1048.35,1048.35,0,2740
2019-03-14 13:37:00,1048.35,1048.35,1048.35,1048.35,0,2740
2019-03-14 13:38:00,1048.35,1048.35,1000.00,1000.00,20,2740
2019-03-14 13:39:00,1000.00,1000.00,1000.00,1000.00,0,2740
2019-03-14 13:40:00,1000.00,1000.00,1000.00,1000.00,0,2740
2019-03-14 13:41:00,1000.00,1000.00,1000.00,1000.00,0,2740
2019-03-14 13:42:00,1000.00,1000.00,1000.00,1000.00,0,2740
2019-03-14 13:43:00,1000.00,1000.00,1000.00,1000.00,0,2740
2019-03-14 13:44:00,1000.00,1000.00,1000.00,1000.00,0,2740
2019-03-14 13:45:00,1000.00,1000.00,1000.00,1000.00,0,2740
2019-03-14 13:46:00,1000.00,1050.00,1000.00,1050.00,20,2740
2019-03-14 13:47:00,1050.00,1050.00,1050.00,1050.00,0,2740
2019-03-14 13:48:00,1050.00,1050.00,1050.00,1050.00,0,2740
2019-03-14 13:49:00,1050.00,1050.00,1050.00,1050.00,0,2740
2019-03-14 13:50:00,1050.00,1050.00,1050.00,1050.00,0,2740
2019-03-14 13:51:00,1050.00,1050.00,1050.00,1050.00,0,2740
2019-03-14 13:52:00,1050.00,1050.00,1050.00,1050.00,0,2740
2019-03-14 13:53:00,1050.00,1050.00,1050.00,1050.00,0,2740
2019-03-14 13:54:00,1050.00,1050.00,1050.00,1050.00,0,2740
2019-03-14 13:55:00,1050.00,1050.00,1050.00,1050.00,0,2740
2019-03-14 13:56:00,1050.00,1050.00,1050.00,1050.00,0,2740
2019-03-14 13:57:00,1050.00,1050.00,1050.00,1050.00,0,2740
2019-03-14 13:58:00,1050.00,1050.00,1050.00,1050.00,0,2740
2019-03-14 13:59:00,1050.00,1050.00,1050.00,1050.00,0,2740
2019-03-14 14:00:00,1050.00,1050.00,1050.00,1050.00,0,2740
2019-03-14 14:01:00,1050.00,1050.00,1050.00,1050.00,0,2740
2019-03-14 14:02:00,1050.00,1050.00,1050.00,1050.00,0,2740
2019-03-14 14:03:00,1050.00,1050.00,1050.00,1050.00,0,2740
2019-03-14 14:04:00,1050.00,1050.00,1050.00,1050.00,0,2740
2019-03-14 14:05:00,1050.00,1050.00,1050.00,1050.00,0,2740
2019-03-14 14:06:00,1050.00,1050.00,1050.00,1050.00,0,2740
2019-03-14 14:07:00,1050.00,1050.00,1050.00,1050.00,0,2740
2019-03-14 14:08:00,1050.00,1050.00,1050.00,1050.00,0,2740
2019-03-14 14:09:00,1050.00,1050.00,1050.00,1050.00,0,2740
2019-03-14 14:10:00,1050.00,1050.00,1050.00,1050.00,0,2740
2019-03-14 14:11:00,1050.00,1050.00,1050.00,1050.00,0,2740
2019-03-14 14:12:00,1050.00,1050.00,1050.00,1050.00,0,2740
2019-03-14 14:13:00,1050.00,1050.00,1050.00,1050.00,0,2740
2019-03-14 14:14:00,1050.00,1050.00,1050.00,1050.00,0,2740
2019-03-14 14:15:00,1050.00,1050.00,1050.00,1050.00,0,2740
2019-03-14 14:16:00,1050.00,1050.00,1050.00,1050.00,0,2740
2019-03-14 14:17:00,1050.00,1050.00,1050.00,1050.00,0,2740
2019-03-14 14:18:00,1050.00,1050.00,1050.00,1050.00,0,2740
2019-03-14 14:19:00,1050.00,1050.00,1050.00,1050.00,0,2740
2019-03-14 14:20:00,1050.00,1050.00,1050.00,1050.00,0,2740
2019-03-14 14:21:00,1050.00,1050.00,1050.00,1050.00,0,2740
2019-03-14 14:22:00,1050.00,1050.00,1050.00,1050.00,0,2740
2019-03-14 14:23:00,1050.00,1050.00,1050.00,1050.00,0,2740
2019-03-14 14:24:00,1050.00,1050.00,1050.00,1050.00,0,2740
2019-03-14 14:25:00,1050.00,1050.00,1050.00,1050.00,0,2740
2019-03-14 14:26:00,1050.00,1050.00,1050.00,1050.00,0,2740
2019-03-14 14:27:00,1050.00,1050.00,1050.00,1050.00,0,2740
2019-03-14 14:28:00,1050.00,1050.00,950.00,950.00,20,2740
2019-03-14 14:29:00,950.00,950.00,931.05,931.05,20,2740
2019-03-14 14:30:00,931.05,931.05,931.05,931.05,0,2740
2019-03-14 14:31:00,931.05,958.00,931.05,958.00,20,2740
2019-03-14 14:32:00,958.00,969.90,958.00,969.90,20,2740
2019-03-14 14:33:00,969.90,969.90,969.90,969.90,0,2740
2019-03-14 14:34:00,969.90,969.90,969.90,969.90,0,2740
2019-03-14 14:35:00,969.90,969.90,969.90,969.90,0,2740
2019-03-14 14:36:00,969.90,969.90,969.90,969.90,0,2740
2019-03-14 14:37:00,969.90,969.90,969.90,969.90,0,2740
2019-03-14 14:38:00,969.90,969.90,969.90,969.90,0,2740
2019-03-14 14:39:00,969.90,969.90,969.90,969.90,0,2740
2019-03-14 14:40:00,969.90,969.90,969.90,969.90,0,2740
2019-03-14 14:41:00,969.90,969.90,969.90,969.90,0,2740
2019-03-14 14:42:00,969.90,969.90,969.90,969.90,0,2740
2019-03-14 14:43:00,969.90,969.90,969.90,969.90,0,2740
2019-03-14 14:44:00,969.90,1000.00,969.90,1000.00,20,2740
2019-03-14 14:45:00,1000.00,1000.00,1000.00,1000.00,0,2740
2019-03-14 14:46:00,1000.00,1000.00,1000.00,1000.00,0,2740
2019-03-14 14:47:00,1000.00,1000.00,1000.00,1000.00,0,2740
2019-03-14 14:48:00,1000.00,1000.00,1000.00,1000.00,0,2740
2019-03-14 14:49:00,1000.00,1000.00,1000.00,1000.00,0,2740
2019-03-14 14:50:00,1000.00,1000.00,1000.00,1000.00,0,2740
2019-03-14 14:51:00,1000.00,1000.00,1000.00,1000.00,0,2740
2019-03-14 14:52:00,1000.00,1000.00,1000.00,1000.00,0,2740
2019-03-14 14:53:00,1000.00,1000.00,1000.00,1000.00,0,2740
2019-03-14 14:54:00,1000.00,1000.00,1000.00,1000.00,0,2740
2019-03-14 14:55:00,1000.00,1000.00,1000.00,1000.00,0,2740
2019-03-14 14:56:00,1000.00,1000.00,1000.00,1000.00,0,2740
2019-03-14 14:57:00,1000.00,1000.00,1000.00,1000.00,0,2740
2019-03-14 14:58:00,1000.00,1000.00,1000.00,1000.00,0,2740
2019-03-14 14:59:00,1000.00,1000.00,1000.00,1000.00,0,2740
2019-03-14 15:00:00,1000.00,1000.00,1000.00,1000.00,0,2740
2019-03-14 15:01:00,1000.00,1000.00,1000.00,1000.00,0,2740
2019-03-14 15:02:00,1000.00,1000.00,1000.00,1000.00,0,2740
2019-03-14 15:03:00,1000.00,1000.00,1000.00,1000.00,0,2740
2019-03-14 15:04:00,1000.00,1000.00,1000.00,1000.00,0,2740
2019-03-14 15:05:00,1000.00,1000.00,1000.00,1000.00,0,2740
2019-03-14 15:06:00,1000.00,1000.00,1000.00,1000.00,0,2740
2019-03-14 15:07:00,1000.00,1020.00,1000.00,1020.00,60,2740
2019-03-14 15:08:00,1020.00,1020.00,1020.00,1020.00,0,2740
2019-03-14 15:09:00,1020.00,1020.00,1020.00,1020.00,0,2740
2019-03-14 15:10:00,1020.00,1020.00,1020.00,1020.00,0,2740
2019-03-14 15:11:00,1020.00,1020.00,1020.00,1020.00,0,2740
2019-03-14 15:12:00,1020.00,1020.00,1020.00,1020.00,0,2740
2019-03-14 15:13:00,1020.00,1020.00,1020.00,1020.00,0,2740
2019-03-14 15:14:00,1020.00,1020.00,1020.00,1020.00,0,2740
2019-03-14 15:15:00,1020.00,1020.00,1015.00,1015.00,20,2840
2019-03-14 15:16:00,1015.00,1015.00,1015.00,1015.00,0,2840
2019-03-14 15:17:00,1015.00,1015.00,1015.00,1015.00,0,2840
2019-03-14 15:18:00,1015.00,1015.00,1015.00,1015.00,0,2840
2019-03-14 15:19:00,1015.00,1015.00,1015.00,1015.00,0,2840
2019-03-14 15:20:00,1015.00,1015.00,1015.00,1015.00,0,2840
2019-03-14 15:21:00,1015.00,1015.00,1015.00,1015.00,0,2840
2019-03-14 15:22:00,1015.00,1015.00,1015.00,1015.00,0,2840
2019-03-14 15:23:00,1015.00,1015.00,1015.00,1015.00,0,2840
2019-03-14 15:24:00,1015.00,1015.00,1015.00,1015.00,0,2840
2019-03-14 15:25:00,1015.00,1020.00,1015.00,1020.00,20,2860
2019-03-14 15:26:00,1020.00,1020.00,1012.00,1012.00,20,2880
2019-03-14 15:27:00,1012.00,1012.00,1001.30,1010.00,220,2880
2019-03-14 15:28:00,1010.00,1010.00,1010.00,1010.00,0,2880
2019-03-14 15:29:01,1010.00,1010.00,1010.00,1010.00,0,2880
2019-03-15 09:21:00,816.90,816.90,816.75,816.75,0,3060
2019-03-15 09:22:00,816.75,820.00,816.75,820.00,100,3060
2019-03-15 09:23:00,820.00,820.00,820.00,820.00,0,3060
2019-03-15 09:24:00,820.00,820.00,808.55,808.55,120,3200
2019-03-15 09:25:00,808.55,808.55,808.55,808.55,0,3200
2019-03-15 09:26:00,808.55,808.55,808.55,808.55,0,3200
2019-03-15 09:27:00,808.55,808.55,808.55,808.55,0,3200
2019-03-15 09:28:00,808.55,820.00,808.55,820.00,1000,3320
2019-03-15 09:29:00,820.00,820.00,810.00,810.00,20,3320
2019-03-15 09:30:00,810.00,810.00,795.00,795.00,180,4400
2019-03-15 09:31:00,795.00,795.00,769.80,775.00,1060,4400
2019-03-15 09:32:00,775.00,775.00,775.00,775.00,0,4400
2019-03-15 09:33:00,775.00,775.00,770.00,770.00,120,4400
2019-03-15 09:34:00,770.00,783.00,770.00,783.00,80,5600
2019-03-15 09:35:00,783.00,783.00,781.80,781.80,0,5600
2019-03-15 09:36:00,781.80,781.80,781.80,781.80,0,5600
2019-03-15 09:37:00,781.80,781.80,762.40,762.40,20,5600
2019-03-15 09:38:00,762.40,762.40,752.00,752.00,100,5600
2019-03-15 09:39:00,752.00,752.00,730.70,746.80,120,5600
2019-03-15 09:40:00,746.80,746.80,740.60,740.60,20,5600
2019-03-15 09:41:00,740.60,750.00,740.60,750.00,40,5600
2019-03-15 09:42:00,750.00,750.00,750.00,750.00,0,5600
2019-03-15 09:43:00,750.00,750.00,750.00,750.00,0,5600
2019-03-15 09:44:00,750.00,750.00,750.00,750.00,0,5600
2019-03-15 09:45:00,750.00,750.00,730.00,730.00,60,5720
2019-03-15 09:46:00,730.00,730.00,730.00,730.00,0,5720
2019-03-15 09:47:00,730.00,730.00,730.00,730.00,0,5720
2019-03-15 09:48:00,730.00,749.95,730.00,749.95,20,5760
2019-03-15 09:49:00,749.95,749.95,748.00,748.00,1000,5760
2019-03-15 09:50:00,748.00,748.00,748.00,748.00,0,5760
2019-03-15 09:51:00,748.00,748.00,748.00,748.00,0,5760
2019-03-15 09:52:00,748.00,748.00,748.00,748.00,0,5760
2019-03-15 09:53:00,748.00,748.00,748.00,748.00,0,5760
2019-03-15 09:54:00,748.00,748.00,730.00,730.00,160,6760
2019-03-15 09:55:00,730.00,730.00,705.00,705.00,20,6760
2019-03-15 09:56:00,705.00,705.00,695.15,705.00,280,6760
2019-03-15 09:57:00,705.00,705.00,701.00,701.00,40,7020
2019-03-15 09:58:00,701.00,711.60,700.00,711.60,60,7020
2019-03-15 09:59:00,711.60,724.95,711.60,724.95,60,7020
2019-03-15 10:00:00,724.95,724.95,718.00,718.00,280,7160
2019-03-15 10:01:00,718.00,718.00,718.00,718.00,20,7160
2019-03-15 10:02:00,718.00,724.00,718.00,724.00,60,7160
2019-03-15 10:03:00,724.00,724.00,720.00,720.00,80,7600
2019-03-15 10:04:00,720.00,720.00,718.00,718.00,40,7600
2019-03-15 10:05:00,718.00,720.00,718.00,720.00,140,7600
2019-03-15 10:06:00,720.00,724.95,720.00,724.95,60,7600
2019-03-15 10:07:00,724.95,738.65,724.95,738.65,100,7440
2019-03-15 10:08:00,738.65,738.65,730.00,730.00,20,7440
2019-03-15 10:09:00,730.00,730.00,730.00,730.00,0,7440
2019-03-15 10:10:00,730.00,730.00,730.00,730.00,0,7440
2019-03-15 10:11:00,730.00,730.00,711.15,711.15,520,7460
2019-03-15 10:12:00,711.15,711.15,711.15,711.15,0,7460
2019-03-15 10:13:00,711.15,711.15,711.15,711.15,0,7460
2019-03-15 10:14:00,711.15,711.15,711.15,711.15,0,7460
2019-03-15 10:15:00,711.15,711.15,711.15,711.15,0,7460
2019-03-15 10:16:00,711.15,711.15,711.15,711.15,0,7460
2019-03-15 10:17:00,711.15,735.00,711.15,735.00,100,7800
2019-03-15 10:18:00,735.00,735.00,730.00,730.00,20,7640
2019-03-15 10:19:00,730.00,735.00,726.00,726.00,140,7640
2019-03-15 10:20:00,726.00,726.00,726.00,726.00,0,7640
2019-03-15 10:21:00,726.00,726.00,726.00,726.00,0,7640
2019-03-15 10:22:00,726.00,726.00,726.00,726.00,0,7640
2019-03-15 10:23:00,726.00,726.00,726.00,726.00,0,7640
2019-03-15 10:24:00,726.00,726.00,726.00,726.00,0,7640
2019-03-15 10:25:00,726.00,726.00,726.00,726.00,0,7640
2019-03-15 10:26:00,726.00,726.00,726.00,726.00,0,7640
2019-03-15 10:27:00,726.00,726.00,726.00,726.00,0,7640
2019-03-15 10:28:00,726.00,726.00,726.00,726.00,0,7640
2019-03-15 10:29:00,726.00,726.00,726.00,726.00,0,7640
2019-03-15 10:30:00,726.00,726.00,726.00,726.00,0,7640
2019-03-15 10:31:00,726.00,726.00,726.00,726.00,0,7640
2019-03-15 10:32:00,726.00,726.00,726.00,726.00,0,7640
2019-03-15 10:33:00,726.00,726.00,726.00,726.00,0,7640
2019-03-15 10:34:00,726.00,726.00,726.00,726.00,0,7640
2019-03-15 10:35:00,726.00,733.35,726.00,733.35,140,7640
2019-03-15 10:36:00,733.35,733.35,733.35,733.35,0,7380
2019-03-15 10:37:00,733.35,764.90,733.35,764.90,40,7380
2019-03-15 10:38:00,764.90,764.90,764.90,764.90,0,7380
2019-03-15 10:39:00,764.90,764.90,764.90,764.90,0,7380
2019-03-15 10:40:00,764.90,764.90,764.90,764.90,0,7380
2019-03-15 10:41:00,764.90,764.90,764.90,764.90,0,7380
2019-03-15 10:42:00,764.90,764.90,764.90,764.90,0,7380
2019-03-15 10:43:00,764.90,764.90,764.90,764.90,0,7380
2019-03-15 10:44:00,764.90,764.90,730.55,730.55,60,7340
2019-03-15 10:45:00,730.55,730.55,730.55,730.55,0,7340
2019-03-15 10:46:00,730.55,762.45,730.55,762.45,100,7360
2019-03-15 10:47:00,762.45,762.45,762.45,762.45,0,7360
2019-03-15 10:48:00,762.45,762.45,744.70,744.70,20,7360
2019-03-15 10:49:00,744.70,744.70,744.70,744.70,0,7360
2019-03-15 10:50:00,744.70,744.70,744.70,744.70,0,7360
2019-03-15 10:51:00,744.70,744.70,744.70,744.70,0,7360
2019-03-15 10:52:00,744.70,744.70,744.70,744.70,0,7360
2019-03-15 10:53:00,744.70,750.90,744.70,750.90,240,7340
2019-03-15 10:54:00,750.90,750.90,750.90,750.90,0,7340
2019-03-15 10:55:00,750.90,750.90,745.00,745.00,40,7580
2019-03-15 10:56:00,745.00,745.00,745.00,745.00,0,7580
2019-03-15 10:57:00,745.00,745.00,735.50,735.50,20,7580
2019-03-15 10:58:00,735.50,735.50,735.50,735.50,0,7580
2019-03-15 10:59:00,735.50,735.50,735.00,735.00,20,7540
2019-03-15 11:00:00,735.00,735.00,735.00,735.00,0,7540
2019-03-15 11:01:00,735.00,735.00,735.00,735.00,0,7540
2019-03-15 11:02:00,735.00,735.00,735.00,735.00,0,7540
2019-03-15 11:03:00,735.00,735.00,735.00,735.00,0,7540
2019-03-15 11:04:00,735.00,735.00,735.00,735.00,0,7540
2019-03-15 11:05:00,735.00,735.00,735.00,735.00,0,7540
2019-03-15 11:06:00,735.00,735.00,735.00,735.00,0,7540
2019-03-15 11:07:00,735.00,735.00,735.00,735.00,0,7540
2019-03-15 11:08:00,735.00,735.00,735.00,735.00,0,7540
2019-03-15 11:09:00,735.00,735.00,735.00,735.00,0,7540
2019-03-15 11:10:00,735.00,735.00,735.00,735.00,0,7540
2019-03-15 11:11:00,735.00,735.00,735.00,735.00,20,7340
2019-03-15 11:12:00,735.00,735.00,735.00,735.00,0,7340
2019-03-15 11:13:00,735.00,735.00,735.00,735.00,0,7340
2019-03-15 11:14:00,735.00,735.00,735.00,735.00,0,7340
2019-03-15 11:15:00,735.00,735.00,735.00,735.00,0,7340
2019-03-15 11:16:00,735.00,735.00,735.00,735.00,0,7340
2019-03-15 11:17:00,735.00,735.00,735.00,735.00,0,7340
2019-03-15 11:18:00,735.00,735.00,735.00,735.00,0,7340
2019-03-15 11:19:00,735.00,735.00,735.00,735.00,0,7340
2019-03-15 11:20:00,735.00,735.00,735.00,735.00,0,7340
2019-03-15 11:21:00,735.00,735.00,735.00,735.00,0,7340
2019-03-15 11:22:00,735.00,735.00,735.00,735.00,0,7340
2019-03-15 11:23:00,735.00,735.00,735.00,735.00,0,7340
2019-03-15 11:24:00,735.00,735.00,735.00,735.00,0,7340
2019-03-15 11:25:00,735.00,735.00,735.00,735.00,0,7340
2019-03-15 11:26:00,735.00,735.00,735.00,735.00,0,7340
2019-03-15 11:27:00,735.00,735.00,735.00,735.00,0,7340
2019-03-15 11:28:00,735.00,742.30,735.00,742.30,20,7340
2019-03-15 11:29:00,742.30,742.30,742.30,742.30,0,7340
2019-03-15 11:30:00,742.30,742.30,742.30,742.30,0,7340
2019-03-15 11:31:00,742.30,742.30,742.30,742.30,0,7340
2019-03-15 11:32:00,742.30,742.30,742.30,742.30,0,7340
2019-03-15 11:33:00,742.30,742.30,742.30,742.30,0,7340
2019-03-15 11:34:00,742.30,742.30,742.30,742.30,0,7340
2019-03-15 11:35:00,742.30,742.30,742.30,742.30,0,7340
2019-03-15 11:36:00,742.30,742.30,742.30,742.30,0,7340
2019-03-15 11:37:00,742.30,742.30,742.30,742.30,0,7340
2019-03-15 11:38:00,742.30,742.30,742.30,742.30,0,7340
2019-03-15 11:39:00,742.30,742.30,742.30,742.30,0,7340
2019-03-15 11:40:00,742.30,742.30,742.30,742.30,0,7340
2019-03-15 11:41:00,742.30,749.00,742.30,749.00,20,7340
2019-03-15 11:42:00,749.00,749.00,749.00,749.00,0,7320
2019-03-15 11:43:00,749.00,750.00,749.00,750.00,20,7340
2019-03-15 11:44:00,750.00,760.00,750.00,760.00,60,7340
2019-03-15 11:45:00,760.00,760.00,750.00,750.00,20,7340
2019-03-15 11:46:00,750.00,750.00,750.00,750.00,0,7340
2019-03-15 11:47:00,750.00,750.00,750.00,750.00,0,7340
2019-03-15 11:48:00,750.00,750.00,750.00,750.00,0,7340
2019-03-15 11:49:00,750.00,765.00,750.00,765.00,20,7340
2019-03-15 11:50:00,765.00,765.00,765.00,765.00,0,7320
2019-03-15 11:51:00,765.00,765.00,765.00,765.00,0,7320
2019-03-15 11:52:00,765.00,765.00,765.00,765.00,0,7320
2019-03-15 11:53:00,765.00,765.00,765.00,765.00,0,7320
2019-03-15 11:54:00,765.00,765.00,765.00,765.00,0,7320
2019-03-15 11:55:00,765.00,765.00,765.00,765.00,0,7320
2019-03-15 11:56:00,765.00,765.00,765.00,765.00,0,7320
2019-03-15 11:57:00,765.00,765.00,765.00,765.00,0,7320
2019-03-15 11:58:00,765.00,765.00,765.00,765.00,0,7320
2019-03-15 11:59:00,765.00,765.00,765.00,765.00,0,7320
2019-03-15 12:00:00,765.00,765.00,765.00,765.00,0,7320
2019-03-15 12:01:00,765.00,765.00,725.00,725.00,60,7320
2019-03-15 12:02:00,725.00,725.00,703.85,704.00,180,7320
2019-03-15 12:03:00,704.00,710.00,704.00,710.00,100,7320
2019-03-15 12:04:00,710.00,710.00,710.00,710.00,0,7320
2019-03-15 12:05:00,710.00,715.00,710.00,712.00,140,7600
2019-03-15 12:06:00,712.00,712.00,712.00,712.00,0,7600
2019-03-15 12:07:00,712.00,712.00,700.00,700.00,20,7660
2019-03-15 12:08:00,700.00,700.00,700.00,700.00,0,7660
2019-03-15 12:09:00,700.00,700.00,700.00,700.00,0,7660
2019-03-15 12:10:00,700.00,700.00,700.00,700.00,40,7660
2019-03-15 12:11:00,700.00,700.00,700.00,700.00,0,7600
2019-03-15 12:12:00,700.00,700.00,700.00,700.00,0,7600
2019-03-15 12:13:00,700.00,700.00,700.00,700.00,0,7640
2019-03-15 12:14:00,700.00,700.00,700.00,700.00,0,7640
2019-03-15 12:15:00,700.00,700.00,700.00,700.00,0,0
2019-03-15 12:16:00,700.00,700.00,700.00,700.00,0,0
2019-03-15 12:17:00,700.00,700.00,695.00,695.00,20,7580
2019-03-15 12:18:00,695.00,695.00,695.00,695.00,0,7580
2019-03-15 12:19:00,695.00,695.00,695.00,695.00,0,7580
2019-03-15 12:20:00,695.00,695.00,695.00,695.00,0,7580
2019-03-15 12:21:00,695.00,708.00,695.00,708.00,20,7580
2019-03-15 12:22:00,708.00,710.00,708.00,710.00,40,7480
2019-03-15 12:23:00,710.00,710.00,705.00,705.00,240,7480
2019-03-15 12:24:00,705.00,705.00,705.00,705.00,0,7480
2019-03-15 12:25:00,705.00,705.00,705.00,705.00,0,7480
2019-03-15 12:26:00,705.00,705.00,705.00,705.00,0,7480
2019-03-15 12:27:00,705.00,705.00,705.00,705.00,100,7760
2019-03-15 12:28:00,705.00,705.00,705.00,705.00,0,7760
2019-03-15 12:29:00,705.00,705.00,700.00,700.00,560,7760
2019-03-15 12:30:00,700.00,700.00,700.00,700.00,0,7760
2019-03-15 12:31:00,700.00,700.00,700.00,700.00,0,7760
2019-03-15 12:32:00,700.00,700.00,700.00,700.00,0,7760
2019-03-15 12:33:00,700.00,700.00,700.00,700.00,0,7760
2019-03-15 12:34:00,700.00,700.00,700.00,700.00,0,7760
2019-03-15 12:35:00,700.00,712.50,700.00,712.50,40,8420
2019-03-15 12:36:00,712.50,712.50,712.50,712.50,0,8420
2019-03-15 12:37:00,712.50,712.50,712.50,712.50,0,8420
2019-03-15 12:38:00,712.50,712.50,712.50,712.50,0,8420
2019-03-15 12:39:00,712.50,712.50,712.50,712.50,0,8420
2019-03-15 12:40:00,712.50,712.50,712.50,712.50,0,8420
2019-03-15 12:41:00,712.50,712.50,712.50,712.50,0,8420
2019-03-15 12:42:00,712.50,712.50,705.00,705.00,20,8440
2019-03-15 12:43:00,705.00,705.00,705.00,705.00,0,8440
2019-03-15 12:44:00,705.00,705.00,696.25,696.25,20,8440
2019-03-15 12:45:00,696.25,696.25,696.25,696.25,0,8440
2019-03-15 12:46:00,696.25,696.25,696.25,696.25,0,8440
2019-03-15 12:47:00,696.25,696.25,696.25,696.25,0,8440
2019-03-15 12:48:00,696.25,696.25,696.25,696.25,0,8440
2019-03-15 12:49:00,696.25,696.25,696.25,696.25,0,8440
2019-03-15 12:50:00,696.25,702.10,696.25,702.00,180,8460
2019-03-15 12:51:00,702.00,702.00,702.00,702.00,0,8460
2019-03-15 12:52:00,702.00,702.00,700.50,700.50,80,8640
2019-03-15 12:53:00,700.50,703.00,700.00,700.00,460,8640
2019-03-15 12:54:00,700.00,700.00,695.00,695.00,120,9000
2019-03-15 12:55:00,695.00,695.00,695.00,695.00,0,9000
2019-03-15 12:56:00,695.00,695.00,690.00,690.00,160,9000
2019-03-15 12:57:00,690.00,690.00,690.00,690.00,40,9000
2019-03-15 12:58:00,690.00,691.45,690.00,691.45,20,8320
2019-03-15 12:59:00,691.45,691.45,691.45,691.45,0,8320
2019-03-15 13:00:00,691.45,693.00,691.45,693.00,80,8340
2019-03-15 13:01:00,693.00,693.00,693.00,693.00,0,8340
2019-03-15 13:02:00,693.00,693.00,693.00,693.00,0,8340
2019-03-15 13:03:00,693.00,693.00,676.50,685.00,100,8340
2019-03-15 13:04:00,685.00,685.00,685.00,685.00,60,8160
2019-03-15 13:05:00,685.00,685.00,685.00,685.00,0,8160
2019-03-15 13:06:00,685.00,695.00,685.00,695.00,40,8180
2019-03-15 13:07:00,695.00,698.50,695.00,698.50,40,8180
2019-03-15 13:08:00,698.50,698.50,698.50,698.50,0,8180
2019-03-15 13:09:00,698.50,698.50,698.50,698.50,20,8180
2019-03-15 13:10:00,698.50,698.50,693.15,695.00,60,8080
2019-03-15 13:11:00,695.00,695.00,695.00,695.00,0,8080
2019-03-15 13:12:00,695.00,695.00,682.50,682.50,20,8100
2019-03-15 13:13:00,682.50,682.50,682.50,682.50,0,8100
2019-03-15 13:14:00,682.50,682.50,682.50,682.50,0,8100
2019-03-15 13:15:00,682.50,689.50,665.95,665.95,140,8120
2019-03-15 13:16:00,665.95,665.95,665.95,665.95,0,8120
2019-03-15 13:17:00,665.95,665.95,665.95,665.95,0,8120
2019-03-15 13:18:00,665.95,665.95,665.95,665.95,0,8120
2019-03-15 13:19:00,665.95,666.00,665.95,666.00,20,8240
2019-03-15 13:20:00,666.00,680.00,666.00,680.00,20,8240
2019-03-15 13:21:00,680.00,680.00,680.00,680.00,0,8240
2019-03-15 13:22:00,680.00,680.00,674.05,674.05,100,8240
2019-03-15 13:23:00,674.05,674.05,674.05,674.05,0,8220
2019-03-15 13:24:00,674.05,674.05,674.05,674.05,0,8220
2019-03-15 13:25:00,674.05,674.05,674.05,674.05,0,8220
2019-03-15 13:26:00,674.05,674.05,674.05,674.05,0,8220
2019-03-15 13:27:00,674.05,674.05,674.05,674.05,0,8220
2019-03-15 13:28:00,674.05,674.05,664.50,664.50,80,8320
2019-03-15 13:29:00,664.50,664.50,664.00,664.00,20,8320
2019-03-15 13:30:00,664.00,664.00,664.00,664.00,0,8320
2019-03-15 13:31:00,664.00,664.00,664.00,664.00,0,8320
2019-03-15 13:32:00,664.00,664.00,664.00,664.00,0,8320
2019-03-15 13:33:00,664.00,679.00,664.00,679.00,20,8420
2019-03-15 13:34:00,679.00,679.00,679.00,679.00,0,8420
2019-03-15 13:35:00,679.00,679.00,679.00,679.00,0,8420
2019-03-15 13:36:00,679.00,679.00,679.00,679.00,0,8420
2019-03-15 13:37:00,679.00,679.00,679.00,679.00,0,8420
2019-03-15 13:38:00,679.00,679.00,679.00,679.00,0,8420
2019-03-15 13:39:00,679.00,679.00,665.35,665.35,40,8420
2019-03-15 13:40:00,665.35,665.35,665.35,665.35,0,8340
2019-03-15 13:41:00,665.35,665.35,665.35,665.35,0,8340
2019-03-15 13:42:00,665.35,665.35,665.35,665.35,0,8340
2019-03-15 13:43:00,665.35,665.35,665.35,665.35,0,8340
2019-03-15 13:44:00,665.35,665.35,665.35,665.35,0,8340
2019-03-15 13:45:00,665.35,665.35,665.35,665.35,0,8340
2019-03-15 13:46:00,665.35,665.35,665.35,665.35,0,8340
2019-03-15 13:47:00,665.35,665.35,665.35,665.35,0,8340
2019-03-15 13:48:00,665.35,665.35,665.35,665.35,0,8340
2019-03-15 13:49:00,665.35,665.35,665.35,665.35,0,8340
2019-03-15 13:50:00,665.35,665.35,656.80,656.80,20,8380
2019-03-15 13:51:00,656.80,656.80,616.80,616.80,40,8380
2019-03-15 13:52:00,616.80,620.00,616.80,620.00,60,8380
2019-03-15 13:53:00,620.00,620.00,599.95,599.95,120,8380
2019-03-15 13:54:00,599.95,599.95,599.95,599.95,0,8380
2019-03-15 13:55:00,599.95,614.00,599.95,614.00,80,8520
2019-03-15 13:56:00,614.00,614.00,614.00,614.00,0,8520
2019-03-15 13:57:00,614.00,614.00,593.50,600.00,60,8520
2019-03-15 13:58:00,600.00,600.00,600.00,600.00,0,8520
2019-03-15 13:59:00,600.00,600.50,600.00,600.50,20,8520
2019-03-15 14:00:00,600.50,610.00,600.50,610.00,20,8540
2019-03-15 14:01:00,610.00,610.00,610.00,610.00,20,8540
2019-03-15 14:02:00,610.00,610.00,600.00,600.00,140,8540
2019-03-15 14:03:00,600.00,600.00,600.00,600.00,120,8540
2019-03-15 14:04:00,600.00,615.50,600.00,615.50,20,8580
2019-03-15 14:05:00,615.50,615.50,615.50,615.50,0,8580
2019-03-15 14:06:00,615.50,629.00,615.50,629.00,80,8580
2019-03-15 14:07:00,629.00,635.00,629.00,635.00,620,8620
2019-03-15 14:08:00,635.00,635.00,618.35,618.50,260,8620
2019-03-15 14:09:00,618.50,618.50,609.95,609.95,80,8620
2019-03-15 14:10:00,609.95,609.95,604.05,604.05,80,8640
2019-03-15 14:11:00,604.05,612.40,604.05,612.40,20,8640
2019-03-15 14:12:00,612.40,619.40,602.05,602.05,220,8660
2019-03-15 14:13:00,602.05,612.45,602.05,610.00,260,8660
2019-03-15 14:14:00,610.00,610.00,610.00,610.00,0,8660
2019-03-15 14:15:00,610.00,610.00,610.00,610.00,0,8660
2019-03-15 14:16:00,610.00,620.00,610.00,615.45,80,8500
2019-03-15 14:17:00,615.45,615.45,615.45,615.45,0,8500
2019-03-15 14:18:00,615.45,615.45,615.45,615.45,0,8500
2019-03-15 14:19:00,615.45,615.45,615.45,615.45,0,8500
2019-03-15 14:20:00,615.45,615.45,610.00,610.00,260,8500
2019-03-15 14:21:00,610.00,613.05,610.00,613.05,500,8640
2019-03-15 14:22:00,613.05,613.05,600.00,600.00,160,8640
2019-03-15 14:23:00,600.00,605.85,600.00,605.85,20,8640
2019-03-15 14:24:00,605.85,615.00,605.85,615.00,40,8640
2019-03-15 14:25:00,615.00,615.00,613.95,613.95,20,8680
2019-03-15 14:26:00,613.95,617.55,613.95,617.55,40,8680
2019-03-15 14:27:00,617.55,624.55,617.55,624.55,20,8700
2019-03-15 14:28:00,624.55,625.00,610.75,610.75,100,8700
2019-03-15 14:29:00,610.75,615.00,610.75,615.00,20,8700
2019-03-15 14:30:00,615.00,615.00,615.00,615.00,0,8700
2019-03-15 14:31:00,615.00,618.00,615.00,618.00,60,8740
2019-03-15 14:32:00,618.00,618.00,618.00,618.00,0,8740
2019-03-15 14:33:00,618.00,618.00,618.00,618.00,0,8740
2019-03-15 14:34:00,618.00,618.00,615.90,615.90,20,8700
2019-03-15 14:35:00,615.90,619.55,615.90,619.55,40,8700
2019-03-15 14:36:00,619.55,619.55,617.25,617.25,20,8700
2019-03-15 14:37:00,617.25,617.25,617.25,617.25,0,8700
2019-03-15 14:38:00,617.25,630.00,617.25,630.00,20,8700
2019-03-15 14:39:00,630.00,630.00,623.45,623.45,20,8720
2019-03-15 14:40:00,623.45,623.45,623.45,623.45,0,8720
2019-03-15 14:41:00,623.45,623.45,604.05,606.55,1120,8720
2019-03-15 14:42:00,606.55,606.55,606.55,606.55,0,8720
2019-03-15 14:43:00,606.55,617.55,606.55,617.50,120,9380
2019-03-15 14:44:00,617.50,619.50,616.65,616.65,120,9380
2019-03-15 14:45:00,616.65,616.65,572.90,572.90,540,9380
2019-03-15 14:46:00,572.90,579.15,572.90,579.15,100,9780
2019-03-15 14:47:00,579.15,579.15,579.15,579.15,0,9780
2019-03-15 14:48:00,579.15,580.00,579.15,580.00,460,9780
2019-03-15 14:49:00,580.00,580.00,580.00,580.00,0,9780
2019-03-15 14:50:00,580.00,580.00,575.00,576.55,1040,9860
2019-03-15 14:51:00,576.55,609.65,576.55,609.65,1400,10740
2019-03-15 14:52:00,609.65,609.65,605.00,605.00,20,10740
2019-03-15 14:53:00,605.00,605.00,600.00,600.00,20,10740
2019-03-15 14:54:00,600.00,600.00,600.00,600.00,0,10740
2019-03-15 14:55:00,600.00,600.00,590.00,590.00,280,11740
2019-03-15 14:56:00,590.00,590.00,590.00,590.00,0,11740
2019-03-15 14:57:00,590.00,600.00,590.00,600.00,20,11760
2019-03-15 14:58:00,600.00,610.00,600.00,600.00,140,11760
2019-03-15 14:59:00,600.00,600.00,600.00,600.00,0,11760
2019-03-15 15:00:00,600.00,600.00,570.55,570.55,480,11760
2019-03-15 15:01:00,570.55,570.55,570.55,570.55,0,11680
2019-03-15 15:02:00,570.55,570.55,570.55,570.55,0,11680
2019-03-15 15:03:00,570.55,650.00,570.55,650.00,20,11680
2019-03-15 15:04:00,650.00,650.00,635.15,635.15,0,11520
2019-03-15 15:05:00,635.15,689.85,635.15,689.85,80,11520
2019-03-15 15:06:00,689.85,696.55,689.85,696.55,40,11520
2019-03-15 15:07:00,696.55,696.55,675.60,675.60,260,11320
2019-03-15 15:08:00,675.60,675.60,666.10,666.10,240,11320
2019-03-15 15:09:00,666.10,685.00,666.10,685.00,20,11480
2019-03-15 15:10:00,685.00,705.35,685.00,705.00,120,11480
2019-03-15 15:11:00,705.00,722.65,704.00,722.65,260,11480
2019-03-15 15:12:00,722.65,722.65,708.55,708.55,20,11480
2019-03-15 15:13:00,708.55,708.55,693.90,693.90,20,11220
2019-03-15 15:14:00,693.90,708.55,693.90,708.55,120,11220
2019-03-15 15:15:00,708.55,708.55,708.55,708.55,0,11220
2019-03-15 15:16:00,708.55,708.55,674.00,674.00,60,11180
2019-03-15 15:17:00,674.00,706.75,674.00,706.75,300,11180
2019-03-15 15:18:00,706.75,706.75,706.75,706.75,0,11180
2019-03-15 15:19:00,706.75,706.75,706.75,706.75,0,11180
2019-03-15 15:20:00,706.75,706.75,695.00,695.00,0,11000
2019-03-15 15:21:00,695.00,695.00,695.00,695.00,0,11000
2019-03-15 15:22:00,695.00,695.00,682.00,682.00,20,11000
2019-03-15 15:23:00,682.00,682.00,673.00,673.00,400,11000
2019-03-15 15:24:00,673.00,673.00,673.00,673.00,0,11000
2019-03-15 15:25:00,673.00,673.00,664.75,665.45,240,10760
2019-03-15 15:26:00,665.45,665.45,664.50,664.50,20,10760
2019-03-15 15:27:00,664.50,664.50,664.50,664.50,0,10760
2019-03-15 15:28:00,664.50,664.50,656.00,656.00,60,10760
2019-03-15 15:29:01,656.00,656.00,655.00,655.00,200,10680
2019-03-18 09:16:00,551.05,551.05,495.45,495.45,260,10660
2019-03-18 09:17:00,488.10,498.50,483.80,490.00,3140,11200
2019-03-18 09:18:00,499.00,520.00,499.00,510.00,2900,11200
2019-03-18 09:19:00,510.00,510.00,503.80,506.30,480,11200
2019-03-18 09:20:00,506.30,506.30,475.70,491.95,740,12120
2019-03-18 09:21:00,489.20,495.35,489.20,495.35,480,12120
2019-03-18 09:22:00,498.75,508.45,498.75,507.40,760,12120
2019-03-18 09:23:00,510.70,517.90,504.05,504.05,380,12980
2019-03-18 09:24:00,504.05,509.45,504.05,506.00,360,12980
2019-03-18 09:25:00,506.00,512.45,505.00,505.00,1140,12980
2019-03-18 09:26:00,505.00,508.00,502.80,503.85,1040,13860
2019-03-18 09:27:00,503.85,504.80,490.00,490.00,460,13860
2019-03-18 09:28:00,485.75,485.75,480.00,483.95,800,13860
2019-03-18 09:29:00,483.95,494.45,483.95,490.05,880,14560
2019-03-18 09:30:00,490.00,490.00,475.00,478.00,280,14560
2019-03-18 09:31:00,480.00,485.00,480.00,483.80,80,14560
2019-03-18 09:32:00,483.80,483.80,465.85,465.85,520,14980
2019-03-18 09:33:00,465.05,475.00,460.55,474.95,260,14980
2019-03-18 09:34:00,474.95,474.95,465.40,465.40,160,14980
2019-03-18 09:35:00,465.40,467.70,465.40,467.45,800,14940
2019-03-18 09:36:00,467.45,475.95,467.45,472.40,420,14940
2019-03-18 09:37:00,472.40,475.00,470.00,472.05,1100,14940
2019-03-18 09:38:00,472.05,472.05,467.50,471.15,120,15700
2019-03-18 09:39:00,471.15,480.00,471.15,476.00,660,15700
2019-03-18 09:40:00,476.00,476.00,471.00,471.00,120,15700
2019-03-18 09:41:00,471.00,481.50,471.00,481.05,180,16020
2019-03-18 09:42:00,481.05,481.05,481.05,481.05,0,16020
2019-03-18 09:43:00,481.05,483.95,475.00,481.15,160,16020
2019-03-18 09:44:00,481.15,492.85,481.15,492.10,960,16220
2019-03-18 09:45:00,492.10,492.10,492.10,492.10,0,16220
2019-03-18 09:46:00,492.10,492.10,480.00,480.00,140,16220
2019-03-18 09:47:00,480.00,485.00,480.00,480.00,260,16080
2019-03-18 09:48:00,480.00,480.05,477.00,477.80,180,16080
2019-03-18 09:49:00,477.80,477.80,474.45,474.45,40,16080
2019-03-18 09:50:00,474.45,475.00,473.55,473.55,120,15800
2019-03-18 09:51:00,473.55,477.70,473.55,476.80,340,15800
2019-03-18 09:52:00,476.80,476.80,475.00,476.05,120,15800
2019-03-18 09:53:00,476.05,482.20,476.05,482.00,480,16060
2019-03-18 09:54:00,482.00,483.20,481.95,483.20,120,16060
2019-03-18 09:55:00,484.00,484.50,483.50,484.50,160,16060
2019-03-18 09:56:00,484.50,487.00,484.10,487.00,300,16720
2019-03-18 09:57:00,487.00,496.35,487.00,496.35,40,16720
2019-03-18 09:58:00,494.05,497.85,490.00,497.00,640,16720
2019-03-18 09:59:00,497.00,507.40,496.50,505.55,560,16560
2019-03-18 10:00:00,505.55,518.35,505.00,505.55,540,16560
2019-03-18 10:01:00,505.55,513.05,504.25,509.25,860,16560
2019-03-18 10:02:00,509.25,515.45,507.15,515.45,440,16620
2019-03-18 10:03:00,515.45,535.80,515.45,525.00,600,16620
2019-03-18 10:04:00,525.00,525.00,509.15,509.15,140,16620
2019-03-18 10:05:00,509.15,509.15,499.15,502.60,320,17080
2019-03-18 10:06:00,503.20,503.90,502.15,502.15,100,17080
2019-03-18 10:07:00,502.15,517.80,502.15,517.80,180,17080
2019-03-18 10:08:00,517.80,523.65,512.40,523.65,280,17300
2019-03-18 10:09:00,523.65,529.00,523.65,529.00,40,17300
2019-03-18 10:10:00,529.00,537.35,529.00,534.70,300,17300
2019-03-18 10:11:00,534.70,534.80,518.50,518.50,280,17280
2019-03-18 10:12:00,518.50,545.90,518.50,540.00,420,17280
2019-03-18 10:13:00,540.00,564.60,540.00,564.60,820,17280
2019-03-18 10:14:00,564.60,564.60,543.80,546.30,420,17240
2019-03-18 10:15:00,546.30,548.80,538.60,538.60,160,17240
2019-03-18 10:16:00,538.60,544.25,538.60,544.25,740,17240
2019-03-18 10:17:00,544.25,547.45,537.10,537.10,180,17320
2019-03-18 10:18:00,537.10,537.10,525.00,526.70,280,17320
2019-03-18 10:19:00,526.70,529.00,526.70,529.00,1020,17320
2019-03-18 10:20:00,529.00,529.00,516.35,520.15,760,17020
2019-03-18 10:21:00,520.15,524.00,520.15,524.00,520,17020
2019-03-18 10:22:00,524.00,535.60,524.00,535.60,120,17020
2019-03-18 10:23:00,535.60,540.90,535.60,540.90,540,16980
2019-03-18 10:24:00,540.90,548.55,540.90,546.15,320,16980
2019-03-18 10:25:00,549.95,550.55,545.45,546.60,240,16980
2019-03-18 10:26:00,546.60,546.60,540.80,540.80,200,16900
2019-03-18 10:27:00,540.80,558.35,540.80,558.35,180,16900
2019-03-18 10:28:00,558.35,558.35,558.35,558.35,0,16900
2019-03-18 10:29:00,558.35,578.45,557.30,578.45,660,17040
2019-03-18 10:30:00,578.45,607.25,574.95,607.25,1240,17040
2019-03-18 10:31:00,607.25,618.85,593.40,614.70,780,17040
2019-03-18 10:32:00,614.70,615.60,585.50,588.45,480,17360
2019-03-18 10:33:00,588.45,589.70,574.95,575.10,740,17360
2019-03-18 10:34:00,576.95,576.95,562.00,562.00,300,17360
2019-03-18 10:35:00,562.00,584.85,562.00,584.85,60,17380
2019-03-18 10:36:00,584.85,594.80,584.85,594.80,280,17380
2019-03-18 10:37:00,594.80,601.90,594.80,594.95,40,17380
2019-03-18 10:38:00,594.95,594.95,580.00,580.00,20,17400
2019-03-18 10:39:00,580.00,601.45,580.00,600.60,80,17400
2019-03-18 10:40:00,600.60,669.95,600.60,642.55,1120,17400
2019-03-18 10:41:00,642.55,671.50,638.00,671.50,560,17540
2019-03-18 10:42:00,671.50,671.50,650.00,650.00,140,17540
2019-03-18 10:43:00,650.00,660.80,650.00,653.05,520,17540
2019-03-18 10:44:00,653.05,698.15,653.05,689.05,480,17620
2019-03-18 10:45:00,693.60,760.20,693.60,756.35,760,17620
2019-03-18 10:46:00,756.35,759.80,705.65,710.00,1440,17620
2019-03-18 10:47:00,710.00,739.75,710.00,738.50,300,17160
2019-03-18 10:48:00,738.50,742.80,711.00,711.00,160,17160
2019-03-18 10:49:00,703.00,704.45,664.85,664.90,540,17160
2019-03-18 10:50:00,664.90,683.60,664.90,678.40,180,17300
2019-03-18 10:51:00,678.40,682.55,642.05,642.05,300,17300
2019-03-18 10:52:00,642.75,653.15,627.15,638.00,440,17300
2019-03-18 10:53:00,638.00,650.70,633.70,643.35,340,17960
2019-03-18 10:54:00,643.35,653.15,643.35,653.15,60,17960
2019-03-18 10:55:00,653.15,680.60,653.15,679.00,180,17960
2019-03-18 10:56:00,679.00,680.00,679.00,680.00,200,17960
2019-03-18 10:57:00,680.00,700.00,680.00,700.00,20,17560
2019-03-18 10:58:00,700.00,700.00,656.30,656.30,20,17560
2019-03-18 10:59:00,656.30,666.05,656.30,666.05,20,16220
2019-03-18 11:00:00,666.05,670.00,666.05,670.00,20,16220
2019-03-18 11:01:00,670.00,685.00,670.00,685.00,40,16220
2019-03-18 11:02:00,685.00,685.00,685.00,685.00,0,16220
2019-03-18 11:03:00,685.00,691.00,685.00,691.00,40,16180
2019-03-18 11:04:00,691.00,694.45,690.50,690.50,140,16180
2019-03-18 11:05:00,690.50,691.50,680.00,680.00,200,16080
2019-03-18 11:06:00,669.55,669.55,668.00,668.00,0,16080
2019-03-18 11:07:00,668.00,668.00,660.00,667.50,280,16080
2019-03-18 11:08:00,667.50,677.75,667.50,677.75,40,16080
2019-03-18 11:09:00,677.75,677.75,677.75,677.75,0,16020
2019-03-18 11:10:00,677.75,686.75,677.75,686.75,20,16020
2019-03-18 11:11:00,686.75,686.75,656.95,667.35,340,16020
2019-03-18 11:12:00,667.35,677.00,667.35,676.45,100,16020
2019-03-18 11:13:00,676.45,676.45,669.40,669.40,20,16020
2019-03-18 11:14:00,669.40,669.40,655.00,655.00,80,16080
2019-03-18 11:15:00,655.00,656.00,635.00,635.00,220,16080
2019-03-18 11:16:00,635.00,640.00,635.00,640.00,80,16080
2019-03-18 11:17:00,640.00,653.05,640.00,653.05,80,16080
2019-03-18 11:18:00,653.05,653.05,641.35,641.35,20,16080
2019-03-18 11:19:00,639.00,639.00,633.55,633.55,120,16080
2019-03-18 11:20:00,633.55,633.55,614.05,616.80,40,16120
2019-03-18 11:21:00,616.80,637.35,616.80,637.35,40,16120
2019-03-18 11:22:00,637.35,640.00,637.35,640.00,20,16120
2019-03-18 11:23:00,640.00,640.00,625.75,625.75,260,16020
2019-03-18 11:24:00,625.75,634.10,625.75,634.00,100,16020
2019-03-18 11:25:00,634.00,657.35,634.00,650.50,200,16020
2019-03-18 11:26:00,650.50,650.50,644.50,650.20,180,16040
2019-03-18 11:27:00,650.20,650.20,650.20,650.20,0,16040
2019-03-18 11:28:00,650.20,687.55,650.20,684.55,440,16040
2019-03-18 11:29:00,684.55,684.55,684.55,684.55,0,16040
2019-03-18 11:30:00,684.55,684.55,678.00,678.00,400,16060
2019-03-18 11:31:00,678.00,678.00,678.00,678.00,0,16060
2019-03-18 11:32:00,678.00,678.00,675.00,675.00,0,16280
2019-03-18 11:33:00,675.00,675.00,670.00,670.00,240,16280
2019-03-18 11:34:00,670.00,670.00,670.00,670.00,100,16280
2019-03-18 11:35:00,670.00,670.00,670.00,670.00,0,16280
2019-03-18 11:36:00,670.00,678.20,670.00,678.20,20,16480
2019-03-18 11:37:00,678.20,685.50,678.20,680.00,220,16480
2019-03-18 11:38:00,680.00,680.00,678.50,678.50,100,16400
2019-03-18 11:39:00,678.50,687.50,678.50,687.50,20,16400
2019-03-18 11:40:00,687.50,687.50,687.50,687.50,0,16400
2019-03-18 11:41:00,687.50,687.50,669.75,669.75,40,16420
2019-03-18 11:42:00,669.75,669.75,669.75,669.75,0,16420
2019-03-18 11:43:00,669.75,676.00,669.75,673.45,120,16420
2019-03-18 11:44:00,673.45,676.35,673.45,676.35,20,16220
2019-03-18 11:45:00,676.35,676.35,669.30,669.30,120,16220
2019-03-18 11:46:00,669.30,680.25,669.30,680.25,20,16220
2019-03-18 11:47:00,680.25,680.25,680.25,680.25,0,16220
2019-03-18 11:48:00,680.25,680.25,680.25,680.25,0,16220
2019-03-18 11:49:00,680.25,694.45,680.25,694.45,20,16220
2019-03-18 11:50:00,694.45,710.90,694.45,710.90,220,16200
2019-03-18 11:51:00,710.90,710.90,704.80,704.80,40,16200
2019-03-18 11:52:00,704.80,708.90,704.80,708.90,100,16200
2019-03-18 11:53:00,708.90,708.90,708.90,708.90,0,16200
2019-03-18 11:54:00,708.90,731.55,704.00,729.00,300,16120
2019-03-18 11:55:00,729.00,729.00,715.95,715.95,60,16120
2019-03-18 11:56:00,715.95,715.95,715.95,715.95,0,16120
2019-03-18 11:57:00,715.95,715.95,715.95,715.95,0,16120
2019-03-18 11:58:00,715.95,715.95,697.25,697.25,20,16120
2019-03-18 11:59:00,697.25,700.00,690.00,690.00,180,16080
2019-03-18 12:00:00,690.00,690.00,675.60,675.60,20,16080
2019-03-18 12:01:00,675.60,687.05,675.60,687.05,100,16080
2019-03-18 12:02:00,687.05,687.05,678.05,678.05,20,16080
2019-03-18 12:03:00,678.05,700.00,678.05,700.00,40,16080
2019-03-18 12:04:00,700.00,706.25,700.00,706.25,200,16040
2019-03-18 12:05:00,706.25,706.25,706.25,706.25,0,16040
2019-03-18 12:06:00,706.25,716.45,706.25,716.45,20,16220
2019-03-18 12:07:00,716.45,725.55,705.05,721.00,400,16220
2019-03-18 12:08:00,721.00,721.00,721.00,721.00,0,16220
2019-03-18 12:09:00,721.00,721.00,721.00,721.00,0,16220
2019-03-18 12:10:00,721.00,721.00,694.95,698.00,60,16260
2019-03-18 12:11:00,698.00,710.00,698.00,706.90,280,16260
2019-03-18 12:12:00,706.90,709.90,706.10,709.90,40,16260
2019-03-18 12:13:00,709.90,720.00,709.90,720.00,80,16260
2019-03-18 12:14:00,720.00,720.00,715.00,716.40,220,16060
2019-03-18 12:15:00,716.40,716.40,695.10,695.10,60,16060
2019-03-18 12:16:00,695.10,695.10,688.35,688.35,120,16060
2019-03-18 12:17:00,688.35,695.60,688.35,695.60,20,16100
2019-03-18 12:18:00,695.60,697.05,694.95,697.05,60,16100
2019-03-18 12:19:00,680.05,680.05,650.00,650.00,180,16100
2019-03-18 12:20:00,650.00,653.65,650.00,651.65,240,16060
2019-03-18 12:21:00,667.40,667.40,662.70,662.70,20,16060
2019-03-18 12:22:00,662.70,678.55,662.70,675.50,240,16060
2019-03-18 12:23:00,675.50,675.50,664.40,664.40,20,16220
2019-03-18 12:24:00,664.40,664.40,664.40,664.40,0,16220
2019-03-18 12:25:00,664.40,664.40,660.00,660.00,1000,16220
2019-03-18 12:26:00,660.00,660.00,649.00,654.55,80,16620
2019-03-18 12:27:00,654.55,658.95,654.55,658.95,40,16620
2019-03-18 12:28:00,658.95,658.95,652.00,652.50,120,16620
2019-03-18 12:29:00,652.50,652.50,629.75,629.75,300,16420
2019-03-18 12:30:00,629.75,641.50,629.35,641.50,360,16420
2019-03-18 12:31:00,641.50,649.70,641.50,649.70,0,16420
2019-03-18 12:32:00,649.70,660.00,645.00,660.00,160,16320
2019-03-18 12:33:00,660.00,662.00,656.55,656.55,240,16320
2019-03-18 12:34:00,656.55,656.55,656.55,656.55,0,16320
2019-03-18 12:35:00,656.55,662.00,656.55,662.00,40,16320
2019-03-18 12:36:00,662.00,662.00,661.75,661.75,20,16280
2019-03-18 12:37:00,661.75,671.90,661.75,671.90,20,16280
2019-03-18 12:38:00,671.90,692.40,671.90,692.00,60,16360
2019-03-18 12:39:00,692.00,692.00,692.00,692.00,0,16360
2019-03-18 12:40:00,692.00,692.00,673.05,676.00,60,16360
2019-03-18 12:41:00,676.00,684.00,674.30,681.45,440,16500
2019-03-18 12:42:00,681.45,681.45,681.45,681.45,0,16500
2019-03-18 12:43:00,681.45,687.45,681.45,687.45,60,16500
2019-03-18 12:44:00,687.45,687.45,687.45,687.45,0,16500
2019-03-18 12:45:00,687.45,687.45,687.45,687.45,0,16500
2019-03-18 12:46:00,687.45,687.45,680.50,680.50,220,16540
2019-03-18 12:47:00,680.50,680.50,659.30,659.30,220,16320
2019-03-18 12:48:00,659.30,662.10,659.30,662.10,20,16320
2019-03-18 12:49:00,662.10,670.20,661.30,670.20,40,16320
2019-03-18 12:50:00,670.20,670.20,670.20,670.20,0,16320
2019-03-18 12:51:00,670.20,670.20,670.20,670.20,0,16320
2019-03-18 12:52:00,670.20,670.20,650.00,654.00,220,16260
2019-03-18 12:53:00,654.00,661.00,654.00,661.00,200,16260
2019-03-18 12:54:00,661.00,661.00,661.00,661.00,0,16260
2019-03-18 12:55:00,661.00,661.00,660.00,660.00,40,16260
2019-03-18 12:56:00,660.00,663.50,660.00,660.00,100,16540
2019-03-18 12:57:00,660.00,660.00,660.00,660.00,0,16540
2019-03-18 12:58:00,660.00,660.00,660.00,660.00,0,16540
2019-03-18 12:59:00,660.00,664.00,660.00,664.00,40,16260
2019-03-18 13:00:00,664.00,668.55,664.00,668.55,40,16260
2019-03-18 13:01:00,668.55,685.00,668.55,685.00,20,16260
2019-03-18 13:02:00,685.00,685.00,680.85,685.00,40,16260
2019-03-18 13:03:00,685.00,685.00,685.00,685.00,0,16260
2019-03-18 13:04:00,685.00,685.00,675.55,680.00,180,16260
2019-03-18 13:05:00,680.00,680.00,680.00,680.00,0,16260
2019-03-18 13:06:00,680.00,680.00,658.95,658.95,60,16300
2019-03-18 13:07:00,658.95,663.95,658.95,661.95,60,16300
2019-03-18 13:08:00,661.95,661.95,661.00,661.00,80,16300
2019-03-18 13:09:00,661.00,661.00,661.00,661.00,0,16200
2019-03-18 13:10:00,661.00,661.00,661.00,661.00,0,16200
2019-03-18 13:11:00,661.00,661.00,661.00,661.00,0,16200
2019-03-18 13:12:00,661.00,661.00,655.95,655.95,240,16140
2019-03-18 13:13:00,655.95,665.55,655.95,665.40,40,16140
2019-03-18 13:14:00,665.40,670.05,665.40,670.05,40,16120
2019-03-18 13:15:00,670.05,675.00,670.05,675.00,0,16120
2019-03-18 13:16:00,675.00,675.00,675.00,675.00,0,16120
2019-03-18 13:17:00,675.00,675.00,675.00,675.00,0,16120
2019-03-18 13:18:00,675.00,675.00,675.00,675.00,0,16120
2019-03-18 13:19:00,675.00,677.50,675.00,677.50,80,16120
2019-03-18 13:20:00,677.50,677.50,675.50,675.50,20,16260
2019-03-18 13:21:00,675.50,675.50,675.50,675.50,0,16260
2019-03-18 13:22:00,675.50,675.50,635.10,635.10,720,16260
2019-03-18 13:23:00,635.10,635.10,595.60,597.00,340,16480
2019-03-18 13:24:00,597.00,597.00,583.65,591.95,220,16480
2019-03-18 13:25:00,591.95,592.00,585.00,585.00,80,16480
2019-03-18 13:26:00,585.00,585.00,585.00,585.00,0,16480
2019-03-18 13:27:00,585.00,629.50,585.00,622.15,440,16820
2019-03-18 13:28:00,622.15,622.15,616.95,616.95,20,16820
2019-03-18 13:29:00,616.95,616.95,605.50,605.50,40,16960
2019-03-18 13:30:00,617.00,617.00,615.95,617.00,800,16960
2019-03-18 13:31:00,617.00,649.70,617.00,643.25,40,16960
2019-03-18 13:32:00,643.25,643.25,643.25,643.25,0,16960
2019-03-18 13:33:00,643.25,643.25,643.25,643.25,0,16960
2019-03-18 13:34:00,643.25,643.25,643.25,643.25,0,16960
2019-03-18 13:35:00,643.25,643.25,638.05,640.00,220,17620
2019-03-18 13:36:00,640.00,640.00,630.85,630.85,100,17620
2019-03-18 13:37:00,630.85,630.85,621.00,621.00,40,17620
2019-03-18 13:38:00,621.00,622.20,597.15,597.15,280,17620
2019-03-18 13:39:00,597.15,606.50,596.75,606.00,340,17620
2019-03-18 13:40:00,606.00,617.50,606.00,612.10,120,17620
2019-03-18 13:41:00,612.10,612.10,612.10,612.10,0,17620
2019-03-18 13:42:00,612.10,612.10,612.10,612.10,0,17620
2019-03-18 13:43:00,612.10,619.50,612.10,618.05,140,17720
2019-03-18 13:44:00,618.05,635.55,618.05,635.55,80,17740
2019-03-18 13:45:00,635.55,635.55,635.55,635.55,0,17740
2019-03-18 13:46:00,635.55,640.00,635.55,640.00,20,17740
2019-03-18 13:47:00,640.00,653.40,640.00,653.40,60,17740
2019-03-18 13:48:00,653.40,655.00,650.00,650.00,60,17720
2019-03-18 13:49:00,650.00,650.00,646.10,646.10,20,17720
2019-03-18 13:50:00,646.10,646.10,646.10,646.10,0,17720
2019-03-18 13:51:00,646.10,646.10,646.10,646.10,0,17720
2019-03-18 13:52:00,646.10,646.10,646.10,646.10,0,17720
2019-03-18 13:53:00,646.10,646.10,646.10,646.10,0,17720
2019-03-18 13:54:00,646.10,646.10,646.10,646.10,0,17720
2019-03-18 13:55:00,646.10,646.10,626.10,626.10,20,17720
2019-03-18 13:56:00,626.10,626.10,626.10,626.10,0,17720
2019-03-18 13:57:00,626.10,626.10,626.10,626.10,0,17720
2019-03-18 13:58:00,626.10,626.10,626.10,626.10,0,17720
2019-03-18 13:59:00,626.10,626.10,626.10,626.10,0,17720
2019-03-18 14:00:00,626.10,626.10,626.10,626.10,0,17720
2019-03-18 14:01:00,632.00,632.00,632.00,632.00,0,17720
2019-03-18 14:02:00,632.00,632.00,619.50,620.00,60,17720
2019-03-18 14:03:00,620.00,620.15,620.00,620.15,40,17720
2019-03-18 14:04:00,620.15,620.15,620.15,620.15,0,17720
2019-03-18 14:05:00,620.15,620.15,620.15,620.15,0,17720
2019-03-18 14:06:00,620.15,620.15,620.15,620.15,0,17720
2019-03-18 14:07:00,620.15,620.15,618.15,618.15,20,17740
2019-03-18 14:08:00,618.15,618.15,618.15,618.15,0,17740
2019-03-18 14:09:00,618.15,650.00,618.15,649.55,80,17740
2019-03-18 14:10:00,659.10,699.90,659.10,690.00,480,17740
2019-03-18 14:11:00,690.00,690.00,677.50,677.50,20,17960
2019-03-18 14:12:00,677.50,677.50,674.00,674.00,40,17960
2019-03-18 14:13:00,674.00,674.00,651.35,651.35,300,17960
2019-03-18 14:14:00,651.35,651.35,651.35,651.35,0,17960
2019-03-18 14:15:00,651.35,651.35,651.35,651.35,0,17960
2019-03-18 14:16:00,651.35,651.35,651.35,651.35,0,17960
2019-03-18 14:17:00,651.35,700.00,651.35,700.00,960,17960
2019-03-18 14:18:00,700.00,700.00,700.00,700.00,20,17840
2019-03-18 14:19:00,700.00,712.45,700.00,712.45,20,17840
2019-03-18 14:20:00,712.45,712.45,675.50,675.50,40,17840
2019-03-18 14:21:00,675.50,677.00,664.05,664.05,60,17780
2019-03-18 14:22:00,664.05,664.05,664.05,664.05,0,17780
2019-03-18 14:23:00,664.05,664.05,664.05,664.05,0,17780
2019-03-18 14:24:00,664.05,664.05,664.05,664.05,0,17780
2019-03-18 14:25:00,664.05,693.15,664.05,693.15,20,17780
2019-03-18 14:26:00,693.15,710.45,693.15,710.45,100,17760
2019-03-18 14:27:00,710.45,710.45,693.05,693.05,40,17760
2019-03-18 14:28:00,693.05,693.05,680.00,680.00,20,17760
2019-03-18 14:29:00,680.00,680.00,648.40,648.40,120,17760
2019-03-18 14:30:00,648.40,648.40,635.00,640.80,80,17760
2019-03-18 14:31:00,640.80,648.00,639.55,648.00,80,17760
2019-03-18 14:32:00,648.00,655.00,642.00,655.00,80,17760
2019-03-18 14:33:00,655.00,655.00,655.00,655.00,0,17760
2019-03-18 14:34:00,655.00,659.50,642.00,642.00,100,17760
2019-03-18 14:35:00,642.00,642.00,632.95,632.95,100,17760
2019-03-18 14:36:00,632.95,638.45,632.95,636.50,60,17760
2019-03-18 14:37:00,636.50,636.50,636.50,636.50,0,17760
2019-03-18 14:38:00,636.50,651.00,636.50,650.00,300,17860
2019-03-18 14:39:00,650.00,650.00,647.50,647.50,20,17860
2019-03-18 14:40:00,647.50,647.50,647.50,647.50,0,17860
2019-03-18 14:41:00,647.50,647.50,647.50,647.50,0,17860
2019-03-18 14:42:00,647.50,647.50,645.95,645.95,0,18160
2019-03-18 14:43:00,645.95,645.95,645.95,645.95,0,18160
2019-03-18 14:44:00,672.50,685.00,672.50,684.90,120,18180
2019-03-18 14:45:00,684.90,684.90,662.00,662.00,120,18180
2019-03-18 14:46:00,662.00,662.00,662.00,662.00,0,18180
2019-03-18 14:47:00,662.00,662.00,662.00,662.00,0,18180
2019-03-18 14:48:00,662.00,662.00,662.00,662.00,0,18180
2019-03-18 14:49:00,662.00,687.60,662.00,686.45,60,18180
2019-03-18 14:50:00,686.45,686.45,672.30,672.30,20,18180
2019-03-18 14:51:00,672.30,678.15,672.30,678.15,20,18180
2019-03-18 14:52:00,679.00,698.00,679.00,698.00,120,18180
2019-03-18 14:53:00,698.00,698.00,698.00,698.00,0,18180
2019-03-18 14:54:00,698.00,698.00,698.00,698.00,0,18180
2019-03-18 14:55:00,698.00,698.00,676.50,676.50,120,18200
2019-03-18 14:56:00,676.50,676.50,671.00,671.00,140,18200
2019-03-18 14:57:00,671.00,671.00,671.00,671.00,0,18200
2019-03-18 14:58:00,671.00,671.00,671.00,671.00,0,18200
2019-03-18 14:59:00,671.00,674.85,671.00,674.85,20,18260
2019-03-18 15:00:00,674.85,674.85,640.50,640.50,20,18260
2019-03-18 15:01:00,640.50,640.50,630.00,630.00,40,18260
2019-03-18 15:02:00,630.00,630.00,627.30,627.30,20,18320
2019-03-18 15:03:00,627.30,627.30,627.30,627.30,20,18320
2019-03-18 15:04:00,627.30,627.30,609.25,609.25,20,18320
2019-03-18 15:05:00,609.25,609.25,609.25,609.25,0,18320
2019-03-18 15:06:00,609.25,637.25,609.25,637.25,40,18320
2019-03-18 15:07:00,637.25,637.25,632.00,633.65,620,18240
2019-03-18 15:08:00,633.65,633.65,621.85,621.85,140,18220
2019-03-18 15:09:00,621.85,621.85,620.10,620.10,1180,18220
2019-03-18 15:10:00,620.10,622.00,615.30,615.30,960,18220
2019-03-18 15:11:00,615.30,615.30,592.45,592.45,180,18560
2019-03-18 15:12:00,585.90,585.90,556.25,556.25,800,18560
2019-03-18 15:13:00,556.25,586.50,552.00,586.50,2460,18560
2019-03-18 15:14:00,580.05,590.00,580.05,589.05,600,20640
2019-03-18 15:15:00,589.05,590.50,571.50,572.00,500,20640
2019-03-18 15:16:00,572.00,579.45,572.00,576.00,120,20640
2019-03-18 15:17:00,576.00,580.00,576.00,577.50,320,20920
2019-03-18 15:18:00,577.50,577.50,570.00,575.00,120,20920
2019-03-18 15:19:00,575.00,575.00,575.00,575.00,0,20920
2019-03-18 15:20:00,575.00,575.00,575.00,575.00,20,20920
2019-03-18 15:21:00,575.00,575.00,575.00,575.00,0,20660
2019-03-18 15:22:00,575.00,575.00,560.50,560.50,80,20660
2019-03-18 15:23:00,560.50,560.50,558.85,558.85,100,20600
2019-03-18 15:24:00,558.85,558.85,558.85,558.85,0,20600
2019-03-18 15:25:00,558.85,565.25,558.00,558.00,820,20600
2019-03-18 15:26:00,558.00,560.00,546.95,546.95,240,21100
2019-03-18 15:27:00,546.95,550.00,545.00,549.95,840,21100
2019-03-18 15:28:00,549.95,550.00,548.55,550.00,40,21100
2019-03-18 15:29:01,550.00,550.00,544.95,545.05,260,21680
2019-03-19 09:15:00,528.10,565.95,528.05,561.80,380,21680
2019-03-19 09:16:00,573.40,573.40,539.70,548.55,880,21680
2019-03-19 09:17:00,546.70,551.05,525.85,525.85,1340,23360
2019-03-19 09:18:00,528.00,556.20,528.00,556.20,720,23360
2019-03-19 09:19:00,556.20,600.00,556.20,600.00,400,23360
2019-03-19 09:20:00,600.00,628.60,593.60,628.60,1120,23560
2019-03-19 09:21:00,628.60,628.60,597.45,604.45,160,23560
2019-03-19 09:22:00,604.45,605.00,587.80,605.00,580,23560
2019-03-19 09:23:00,605.00,605.25,589.95,589.95,300,23960
2019-03-19 09:24:00,589.95,589.95,576.60,587.55,160,23960
2019-03-19 09:25:00,587.55,587.55,578.60,584.30,1060,23960
2019-03-19 09:26:00,584.30,586.00,580.00,583.00,220,24700
2019-03-19 09:27:00,583.00,583.00,581.60,581.60,120,24700
2019-03-19 09:28:00,581.60,603.00,581.60,591.50,620,24700
2019-03-19 09:29:00,591.50,591.50,564.05,564.05,140,24700
2019-03-19 09:30:00,564.05,564.05,564.05,564.05,0,24620
2019-03-19 09:31:00,564.05,570.00,564.05,564.50,500,24620
2019-03-19 09:32:00,564.50,564.50,560.00,561.00,120,24860
2019-03-19 09:33:00,567.95,567.95,555.50,559.30,120,24860
2019-03-19 09:34:00,559.30,564.70,559.30,564.70,100,24860
2019-03-19 09:35:00,564.70,574.75,564.70,570.95,60,24880
2019-03-19 09:36:00,570.95,575.00,569.00,572.45,220,24880
2019-03-19 09:37:00,572.45,572.45,569.00,570.50,60,24880
2019-03-19 09:38:00,570.50,570.50,570.50,570.50,0,24880
2019-03-19 09:39:00,570.50,580.00,570.50,579.75,160,25040
2019-03-19 09:40:00,579.75,591.50,579.75,591.35,140,25040
2019-03-19 09:41:00,591.35,591.35,591.35,591.35,0,25040
2019-03-19 09:42:00,591.35,596.65,591.35,596.65,140,25100
2019-03-19 09:43:00,596.65,601.45,593.50,593.50,80,25100
2019-03-19 09:44:00,593.50,593.50,587.15,587.15,140,25100
2019-03-19 09:45:00,582.00,582.00,574.45,574.45,520,25040
2019-03-19 09:46:00,574.45,576.25,574.45,576.25,40,25040
2019-03-19 09:47:00,576.25,576.25,571.00,571.00,20,25040
2019-03-19 09:48:00,571.00,571.00,571.00,571.00,0,25040
2019-03-19 09:49:00,571.00,571.00,571.00,571.00,0,25040
2019-03-19 09:50:00,571.00,586.40,571.00,574.85,460,25620
2019-03-19 09:51:00,574.85,574.85,567.00,567.00,220,25620
2019-03-19 09:52:00,567.00,582.00,567.00,580.00,100,25620
2019-03-19 09:53:00,580.00,580.00,580.00,580.00,0,25620
2019-03-19 09:54:00,580.00,580.00,580.00,580.00,0,25620
2019-03-19 09:55:00,580.00,580.00,564.10,566.00,100,25720
2019-03-19 09:56:00,566.00,566.95,566.00,566.95,40,25720
2019-03-19 09:57:00,566.95,588.30,566.95,585.75,60,25500
2019-03-19 09:58:00,585.75,585.75,579.00,579.00,180,25500
2019-03-19 09:59:00,579.00,579.00,573.45,573.45,20,25500
2019-03-19 10:00:00,573.45,573.45,573.45,573.45,0,25260
2019-03-19 10:01:00,573.45,573.45,557.05,559.40,440,25260
2019-03-19 10:02:00,559.40,559.40,559.40,559.40,0,25260
2019-03-19 10:03:00,559.40,559.40,558.85,558.85,20,25300
2019-03-19 10:04:00,558.85,578.35,558.85,578.35,140,25300
2019-03-19 10:05:00,578.35,578.35,578.35,578.35,0,25300
2019-03-19 10:06:00,578.35,578.35,575.40,575.40,60,25200
2019-03-19 10:07:00,575.40,575.40,575.40,575.40,0,25200
2019-03-19 10:08:00,575.40,577.85,575.40,577.85,40,25200
2019-03-19 10:09:00,577.85,577.85,577.85,577.85,0,25200
2019-03-19 10:10:00,577.85,577.85,576.70,576.70,60,25200
2019-03-19 10:11:00,576.70,576.70,568.10,568.10,60,25200
2019-03-19 10:12:00,568.10,568.10,565.70,565.70,80,25200
2019-03-19 10:13:00,568.20,568.20,568.20,568.20,0,25200
2019-03-19 10:14:00,568.20,568.20,565.55,566.55,100,25200
2019-03-19 10:15:00,566.55,566.55,566.55,566.55,0,25200
2019-03-19 10:16:00,566.55,566.55,566.55,566.55,0,25200
2019-03-19 10:17:00,566.55,566.55,566.55,566.55,0,25200
2019-03-19 10:18:00,566.55,588.50,566.55,588.50,20,25200
2019-03-19 10:19:00,588.50,588.50,588.50,588.50,0,25200
2019-03-19 10:20:00,588.50,594.50,588.50,594.50,60,25200
2019-03-19 10:21:00,594.50,608.25,594.50,608.25,60,25200
2019-03-19 10:22:00,608.25,608.25,594.95,594.95,240,25200
2019-03-19 10:23:00,594.95,594.95,591.25,591.25,40,25200
2019-03-19 10:24:00,591.25,591.25,580.00,580.00,20,25320
2019-03-19 10:25:00,580.00,580.00,580.00,580.00,0,25320
2019-03-19 10:26:00,585.00,585.00,578.30,578.30,20,25360
2019-03-19 10:27:00,578.30,578.30,575.50,575.50,40,25360
2019-03-19 10:28:00,575.50,575.50,560.00,560.00,140,25360
2019-03-19 10:29:00,560.00,560.00,559.00,559.00,120,25360
2019-03-19 10:30:00,559.00,566.50,559.00,566.50,640,25520
2019-03-19 10:31:00,566.50,566.50,565.95,565.95,520,25520
2019-03-19 10:32:00,565.95,565.95,561.50,561.50,20,25940
2019-03-19 10:33:00,561.50,561.50,561.50,561.50,0,25940
2019-03-19 10:34:00,561.50,561.50,560.05,560.05,20,25940
2019-03-19 10:35:00,560.05,560.05,560.05,560.05,20,25940
2019-03-19 10:36:00,560.05,560.05,555.05,555.05,20,25960
2019-03-19 10:37:00,555.05,555.05,550.00,552.35,80,25960
2019-03-19 10:38:00,552.35,553.10,544.60,544.60,180,25960
2019-03-19 10:39:00,544.60,544.60,523.65,530.00,1000,25800
2019-03-19 10:40:00,530.00,535.00,530.00,535.00,320,25800
2019-03-19 10:41:00,535.00,539.60,535.00,537.55,600,26280
2019-03-19 10:42:00,537.55,545.50,535.00,540.00,440,26280
2019-03-19 10:43:00,540.00,540.00,525.85,536.00,720,26280
2019-03-19 10:44:00,536.00,536.00,530.00,530.55,580,26280
2019-03-19 10:45:00,530.55,535.00,530.00,530.00,920,26960
2019-03-19 10:46:00,530.00,530.00,517.70,522.50,660,26960
2019-03-19 10:47:00,522.50,530.05,522.50,529.50,100,26960
2019-03-19 10:48:00,529.50,529.50,519.40,523.50,320,26600
2019-03-19 10:49:00,523.50,525.50,521.20,525.50,140,26600
2019-03-19 10:50:00,525.50,526.45,522.00,525.45,380,26860
2019-03-19 10:51:00,525.45,525.45,513.35,513.35,320,26860
2019-03-19 10:52:00,513.35,523.15,513.35,522.20,280,26860
2019-03-19 10:53:00,522.20,522.20,522.20,522.20,0,26860
2019-03-19 10:54:00,522.20,522.20,515.15,515.15,80,26860
2019-03-19 10:55:00,515.15,515.15,507.05,509.50,220,26400
2019-03-19 10:56:00,509.50,509.50,499.15,499.15,600,26400
2019-03-19 10:57:00,499.15,499.15,498.00,498.00,20,26240
2019-03-19 10:58:00,498.00,498.00,485.95,488.75,1220,26240
2019-03-19 10:59:00,488.75,496.55,488.75,496.55,360,27200
2019-03-19 11:00:00,496.55,496.55,488.35,488.35,160,27200
2019-03-19 11:01:00,488.35,499.00,488.35,499.00,40,27200
2019-03-19 11:02:00,499.00,499.00,492.00,492.00,20,27200
2019-03-19 11:03:00,492.00,501.75,492.00,501.75,580,26920
2019-03-19 11:04:00,501.75,501.75,501.75,501.75,0,26920
2019-03-19 11:05:00,501.75,501.75,501.75,501.75,0,26920
2019-03-19 11:06:00,501.75,513.75,501.75,513.75,40,27060
2019-03-19 11:07:00,513.75,513.75,511.45,511.45,20,27060
2019-03-19 11:08:00,511.45,511.45,511.45,511.45,0,27060
2019-03-19 11:09:00,511.45,511.45,511.45,511.45,0,27060
2019-03-19 11:10:00,511.45,511.45,508.55,508.55,80,26780
2019-03-19 11:11:00,508.55,510.60,508.55,510.50,120,26780
2019-03-19 11:12:00,510.50,510.50,510.50,510.50,0,26780
2019-03-19 11:13:00,510.50,510.95,510.50,510.95,20,26640
2019-03-19 11:14:00,510.95,510.95,506.00,506.00,60,26640
2019-03-19 11:15:00,506.00,506.00,504.00,504.00,500,26640
2019-03-19 11:16:00,504.00,504.25,500.40,500.40,40,26640
2019-03-19 11:17:00,500.40,505.50,500.40,505.50,60,26640
2019-03-19 11:18:00,505.50,505.50,501.40,504.45,160,26640
2019-03-19 11:19:00,504.45,504.45,504.45,504.45,0,26640
2019-03-19 11:20:00,504.45,513.00,504.45,511.55,100,26660
2019-03-19 11:21:00,510.45,510.45,510.45,510.45,0,26660
2019-03-19 11:22:00,510.45,517.85,510.45,517.85,20,26660
2019-03-19 11:23:00,517.85,517.85,517.85,517.85,0,26660
2019-03-19 11:24:00,517.85,517.85,505.80,505.80,160,26640
2019-03-19 11:25:00,505.80,505.80,505.80,505.80,0,26640
2019-03-19 11:26:00,505.80,508.35,505.80,508.35,20,26640
2019-03-19 11:27:00,508.35,511.00,508.35,511.00,1000,26680
2019-03-19 11:28:00,511.00,511.05,509.95,511.05,220,26680
2019-03-19 11:29:00,511.05,515.15,511.05,515.15,60,26680
2019-03-19 11:30:00,515.15,524.20,515.15,524.20,60,26680
2019-03-19 11:31:00,524.20,524.20,521.00,521.00,40,26100
2019-03-19 11:32:00,521.00,521.00,514.60,516.05,40,26100
2019-03-19 11:33:00,516.05,516.05,511.15,511.15,660,26060
2019-03-19 11:34:00,511.15,511.15,505.00,505.10,280,26060
2019-03-19 11:35:00,505.10,506.70,504.50,506.70,1080,26060
2019-03-19 11:36:00,506.70,506.70,495.85,500.00,1360,25220
2019-03-19 11:37:00,500.00,500.75,500.00,500.75,40,25220
2019-03-19 11:38:00,500.75,503.00,500.75,503.00,200,25220
2019-03-19 11:39:00,503.00,503.00,503.00,503.00,100,25940
2019-03-19 11:40:00,503.00,509.00,503.00,509.00,100,25940
2019-03-19 11:41:00,509.00,509.00,509.00,509.00,100,25940
2019-03-19 11:42:00,509.00,509.00,506.60,506.60,20,26000
2019-03-19 11:43:00,506.60,510.00,506.60,510.00,20,26000
2019-03-19 11:44:00,510.00,511.00,510.00,511.00,20,26000
2019-03-19 11:45:00,511.00,511.00,511.00,511.00,0,26000
2019-03-19 11:46:00,511.00,511.00,496.00,500.00,1360,26120
2019-03-19 11:47:00,500.00,500.00,485.00,485.00,740,27520
2019-03-19 11:48:00,485.95,485.95,481.25,483.55,320,27520
2019-03-19 11:49:00,483.55,493.05,483.55,490.00,1320,27520
2019-03-19 11:50:00,490.00,492.95,490.00,492.00,340,27520
2019-03-19 11:51:00,492.00,492.45,487.60,492.45,60,28220
2019-03-19 11:52:00,492.45,492.45,489.00,489.00,240,28220
2019-03-19 11:53:00,489.00,490.00,489.00,489.50,120,28220
2019-03-19 11:54:00,489.50,489.50,487.30,488.00,560,27840
2019-03-19 11:55:00,488.00,491.75,488.00,489.85,760,27840
2019-03-19 11:56:00,489.85,490.05,489.85,490.05,600,27840
2019-03-19 11:57:00,490.05,498.00,490.05,498.00,20,28780
2019-03-19 11:58:00,498.00,498.00,490.00,490.00,100,28780
2019-03-19 11:59:00,490.00,491.35,490.00,491.35,20,28780
2019-03-19 12:00:00,491.35,491.35,491.35,491.35,0,28780
2019-03-19 12:01:00,491.35,493.00,491.35,493.00,20,28720
2019-03-19 12:02:00,493.00,493.00,487.00,487.00,280,28740
2019-03-19 12:03:00,485.00,485.00,471.25,471.25,580,28740
2019-03-19 12:04:00,471.25,477.00,468.50,477.00,300,28740
2019-03-19 12:05:00,477.00,478.65,477.00,478.65,60,28740
2019-03-19 12:06:00,478.65,478.65,472.00,472.00,80,28800
2019-03-19 12:07:00,472.00,472.00,472.00,472.00,0,28800
2019-03-19 12:08:00,472.00,474.95,472.00,474.95,20,28860
2019-03-19 12:09:00,474.95,474.95,471.00,471.00,140,28860
2019-03-19 12:10:00,471.00,471.00,465.00,467.60,120,28860
2019-03-19 12:11:00,467.60,471.00,467.60,471.00,100,28860
2019-03-19 12:12:00,471.00,471.00,459.05,460.00,240,29040
2019-03-19 12:13:00,460.00,466.55,460.00,466.55,80,29040
2019-03-19 12:14:00,466.55,472.00,466.55,471.00,60,29040
2019-03-19 12:15:00,471.00,471.00,471.00,471.00,0,0
2019-03-19 12:16:00,471.00,476.40,471.00,475.10,60,29080
2019-03-19 12:17:00,475.10,475.10,474.05,474.50,40,29080
2019-03-19 12:18:00,474.50,474.50,474.50,474.50,0,29080
2019-03-19 12:19:00,474.50,474.50,472.95,474.50,120,29080
2019-03-19 12:20:00,474.50,479.45,474.50,479.45,20,29080
2019-03-19 12:21:00,479.45,480.00,478.50,480.00,60,29120
2019-03-19 12:22:00,480.00,483.00,480.00,483.00,80,29120
2019-03-19 12:23:00,483.00,483.00,478.95,479.80,440,29320
2019-03-19 12:24:00,484.65,485.00,484.65,485.00,60,29320
2019-03-19 12:25:00,485.00,488.00,484.05,488.00,1100,29320
2019-03-19 12:26:00,488.00,488.00,476.75,476.75,120,30880
2019-03-19 12:27:00,476.75,477.20,474.30,477.20,320,30880
2019-03-19 12:28:00,477.20,482.50,477.20,482.50,80,30880
2019-03-19 12:29:00,482.50,486.85,482.50,485.00,260,30880
2019-03-19 12:30:00,485.00,485.00,477.45,480.00,40,30620
2019-03-19 12:31:00,480.00,480.00,478.00,478.00,60,30620
2019-03-19 12:32:00,478.00,478.00,478.00,478.00,0,30620
2019-03-19 12:33:00,478.00,485.95,478.00,485.95,140,30620
2019-03-19 12:34:00,485.95,485.95,485.50,485.50,40,30620
2019-03-19 12:35:00,485.50,485.50,485.00,485.00,80,30620
2019-03-19 12:36:00,485.00,485.00,475.90,475.90,420,30660
2019-03-19 12:37:00,476.20,477.00,475.00,475.00,440,30660
2019-03-19 12:38:00,475.00,475.00,466.75,466.75,280,30960
2019-03-19 12:39:00,467.00,469.45,464.00,469.45,420,30960
2019-03-19 12:40:00,469.45,469.45,460.00,465.60,1480,30960
2019-03-19 12:41:00,465.60,474.65,465.60,472.55,1040,32280
2019-03-19 12:42:00,472.55,472.55,470.00,470.00,260,32280
2019-03-19 12:43:00,470.00,472.05,470.00,472.05,20,32280
2019-03-19 12:44:00,472.05,484.55,472.05,484.00,320,32280
2019-03-19 12:45:00,484.00,484.00,475.00,475.00,500,33240
2019-03-19 12:46:00,475.00,477.00,475.00,477.00,40,33240
2019-03-19 12:47:00,477.00,477.00,477.00,477.00,0,33240
2019-03-19 12:48:00,477.00,485.10,477.00,484.50,80,33160
2019-03-19 12:49:00,484.50,489.65,484.50,485.80,80,33160
2019-03-19 12:50:00,485.80,486.75,485.80,486.75,40,33160
2019-03-19 12:51:00,486.75,493.85,486.75,493.85,60,32860
2019-03-19 12:52:00,493.85,499.90,484.85,499.90,540,32860
2019-03-19 12:53:00,499.90,505.00,498.05,498.20,360,32960
2019-03-19 12:54:00,498.20,498.75,497.65,498.75,120,32960
2019-03-19 12:55:00,499.00,503.25,499.00,500.00,440,32960
2019-03-19 12:56:00,500.00,500.00,495.00,499.00,400,32960
2019-03-19 12:57:00,499.00,500.00,499.00,500.00,660,32900
2019-03-19 12:58:00,500.00,507.55,500.00,506.00,400,32900
2019-03-19 12:59:00,506.00,506.00,504.55,504.55,660,33280
2019-03-19 13:00:00,504.55,504.55,504.55,504.55,0,33280
2019-03-19 13:01:00,504.55,504.55,485.45,485.45,400,33280
2019-03-19 13:02:00,485.45,487.00,485.45,487.00,60,33280
2019-03-19 13:03:00,487.00,487.00,479.30,479.30,240,32080
2019-03-19 13:04:00,479.30,479.30,479.30,479.30,0,32080
2019-03-19 13:05:00,479.30,480.00,478.75,478.75,60,32080
2019-03-19 13:06:00,478.75,478.75,476.00,476.00,20,32080
2019-03-19 13:07:00,476.00,482.50,476.00,482.50,40,31980
2019-03-19 13:08:00,482.50,493.00,482.50,493.00,100,31980
2019-03-19 13:09:00,493.00,493.00,489.00,489.00,0,32000
2019-03-19 13:10:00,489.00,493.45,486.50,493.45,60,32000
2019-03-19 13:11:00,493.45,493.45,490.00,490.00,60,32000
2019-03-19 13:12:00,490.00,490.00,490.00,490.00,0,32000
2019-03-19 13:13:00,490.00,490.00,490.00,490.00,0,32000
2019-03-19 13:14:00,490.00,490.00,487.05,488.00,100,31980
2019-03-19 13:15:00,488.00,488.00,486.95,486.95,20,31960
2019-03-19 13:16:00,486.95,486.95,484.00,484.00,40,31960
2019-03-19 13:17:00,484.00,484.00,477.00,477.00,40,31960
2019-03-19 13:18:00,477.00,481.00,477.00,481.00,80,31960
2019-03-19 13:19:00,480.50,480.50,480.50,480.50,0,31960
2019-03-19 13:20:00,480.50,480.50,480.50,480.50,0,31960
2019-03-19 13:21:00,480.50,480.50,480.50,480.50,0,31960
2019-03-19 13:22:00,480.50,480.50,474.55,474.55,20,32060
2019-03-19 13:23:00,474.55,476.05,468.60,468.60,340,32060
2019-03-19 13:24:00,468.60,473.05,468.60,473.05,20,32040
2019-03-19 13:25:00,473.05,473.05,468.00,468.00,100,32040
2019-03-19 13:26:00,468.00,478.20,468.00,478.20,120,32040
2019-03-19 13:27:00,478.20,480.00,478.20,480.00,160,32020
2019-03-19 13:28:00,480.00,480.00,476.50,476.50,100,32020
2019-03-19 13:29:00,476.50,476.50,466.00,466.00,1300,32900
2019-03-19 13:30:00,466.00,466.00,445.55,458.05,1880,32900
2019-03-19 13:31:00,458.05,460.00,458.05,460.00,620,32900
2019-03-19 13:32:00,460.00,461.00,460.00,461.00,280,32900
2019-03-19 13:33:00,461.00,462.15,460.00,462.15,240,33760
2019-03-19 13:34:00,462.15,462.40,458.00,462.40,180,33760
2019-03-19 13:35:00,462.40,468.30,462.40,468.15,200,33900
2019-03-19 13:36:00,468.15,472.90,468.15,472.90,20,33900
2019-03-19 13:37:00,472.90,476.20,469.50,476.20,360,33900
2019-03-19 13:38:00,476.20,476.20,467.05,467.05,200,33900
2019-03-19 13:39:00,467.05,467.05,456.35,456.35,60,33720
2019-03-19 13:40:00,456.35,463.00,456.35,460.00,20,33720
2019-03-19 13:41:00,460.00,463.40,460.00,460.00,460,33720
2019-03-19 13:42:00,460.00,460.00,457.00,457.00,140,34280
2019-03-19 13:43:00,457.00,457.00,448.35,448.35,400,34280
2019-03-19 13:44:00,450.05,450.05,442.00,442.00,820,35040
2019-03-19 13:45:00,442.00,449.90,442.00,449.90,60,35040
2019-03-19 13:46:00,449.90,449.90,432.00,434.00,440,35040
2019-03-19 13:47:00,434.00,436.00,423.40,434.45,820,35080
2019-03-19 13:48:00,434.45,435.45,429.90,434.00,900,35080
2019-03-19 13:49:00,434.00,437.15,433.00,437.15,240,35080
2019-03-19 13:50:00,437.15,446.20,434.50,446.20,740,35280
2019-03-19 13:51:00,446.20,448.00,440.00,440.00,320,35280
2019-03-19 13:52:00,440.00,440.00,435.45,438.40,100,35280
2019-03-19 13:53:00,438.40,442.45,436.15,436.15,560,35620
2019-03-19 13:54:00,434.35,434.35,425.55,429.50,300,35620
2019-03-19 13:55:00,429.50,431.00,428.00,431.00,340,35620
2019-03-19 13:56:00,431.00,436.00,430.00,436.00,360,35620
2019-03-19 13:57:00,436.00,436.00,430.00,430.00,880,35080
2019-03-19 13:58:00,426.35,426.35,414.40,420.30,1340,35080
2019-03-19 13:59:00,420.30,423.45,420.00,420.00,100,37120
2019-03-19 14:00:00,417.90,417.90,405.00,407.00,1240,37120
2019-03-19 14:01:00,408.05,408.05,398.10,402.00,2700,37120
2019-03-19 14:02:00,402.00,413.25,402.00,413.25,180,38340
2019-03-19 14:03:00,413.25,413.25,400.10,400.10,620,38340
2019-03-19 14:04:00,400.10,410.10,400.10,410.10,40,38340
2019-03-19 14:05:00,410.10,420.00,408.55,420.00,380,38380
2019-03-19 14:06:00,420.00,424.25,420.00,421.25,200,38380
2019-03-19 14:07:00,421.25,430.05,421.25,430.05,220,38380
2019-03-19 14:08:00,430.05,430.05,424.35,427.00,120,38380
2019-03-19 14:09:00,427.00,427.00,425.00,425.00,60,38360
2019-03-19 14:10:00,425.00,431.05,425.00,430.00,580,38360
2019-03-19 14:11:00,425.10,430.20,422.00,423.05,260,38640
2019-03-19 14:12:00,423.05,423.05,416.50,416.50,220,38640
2019-03-19 14:13:00,416.50,416.50,411.65,415.00,140,38640
2019-03-19 14:14:00,415.00,419.00,410.80,419.00,2300,39440
2019-03-19 14:15:00,418.20,418.20,411.80,413.20,260,39440
2019-03-19 14:16:00,413.20,418.55,413.20,418.55,620,39440
2019-03-19 14:17:00,418.55,425.55,418.55,425.55,180,39800
2019-03-19 14:18:00,425.55,425.55,424.00,425.35,80,39800
2019-03-19 14:19:00,425.35,430.00,425.35,430.00,40,39800
2019-03-19 14:20:00,430.00,430.00,416.65,418.00,700,39800
2019-03-19 14:21:00,419.45,419.45,414.45,415.00,100,39700
2019-03-19 14:22:00,415.00,415.00,415.00,415.00,0,39700
2019-03-19 14:23:00,415.00,420.00,415.00,420.00,20,39700
2019-03-19 14:24:00,420.00,420.00,412.40,415.00,540,39800
2019-03-19 14:25:00,415.00,415.00,410.00,410.50,400,39800
2019-03-19 14:26:00,410.50,413.00,410.50,413.00,100,40120
2019-03-19 14:27:00,413.00,422.65,411.00,422.65,760,40120
2019-03-19 14:28:00,422.65,422.65,419.95,421.50,80,40120
2019-03-19 14:29:00,421.50,422.00,413.55,413.55,120,40120
2019-03-19 14:30:00,413.55,413.55,402.10,402.60,360,39980
2019-03-19 14:31:00,402.60,406.05,402.60,404.60,200,39980
2019-03-19 14:32:00,404.60,417.35,404.60,409.35,200,40580
2019-03-19 14:33:00,409.35,411.00,404.85,407.60,280,40580
2019-03-19 14:34:00,407.60,413.40,407.00,413.00,160,40580
2019-03-19 14:35:00,411.00,415.75,408.95,415.75,140,40760
2019-03-19 14:36:00,415.75,415.75,413.30,415.70,140,40760
2019-03-19 14:37:00,415.70,415.70,406.30,407.50,140,40760
2019-03-19 14:38:00,407.50,410.95,404.85,408.00,660,40880
2019-03-19 14:39:00,408.00,408.50,403.35,403.35,220,40880
2019-03-19 14:40:00,403.35,409.30,403.35,407.00,520,40880
2019-03-19 14:41:00,407.00,408.40,407.00,408.40,60,40880
2019-03-19 14:42:00,408.40,408.40,408.40,408.40,0,40880
2019-03-19 14:43:00,408.40,422.15,408.00,422.15,300,40640
2019-03-19 14:44:00,422.15,465.90,421.95,458.05,3760,40640
2019-03-19 14:45:00,456.85,460.10,448.00,455.45,580,40480
2019-03-19 14:46:00,455.45,481.60,455.45,464.00,1040,40480
2019-03-19 14:47:00,462.30,486.50,461.65,485.25,1520,40480
2019-03-19 14:48:00,485.00,485.55,460.70,461.50,820,40060
2019-03-19 14:49:00,461.50,461.95,456.95,458.75,280,40060
2019-03-19 14:50:00,470.05,470.05,465.10,465.10,60,40060
2019-03-19 14:51:00,465.10,466.70,440.90,440.90,360,40420
2019-03-19 14:52:00,440.90,442.50,432.95,439.85,1300,40420
2019-03-19 14:53:00,439.85,445.90,439.85,442.00,140,40840
2019-03-19 14:54:00,442.00,448.15,442.00,448.00,260,40840
2019-03-19 14:55:00,448.00,451.30,444.15,449.50,440,40840
2019-03-19 14:56:00,449.50,452.95,449.50,452.95,20,41020
2019-03-19 14:57:00,452.95,452.95,440.50,440.50,100,41020
2019-03-19 14:58:00,440.50,455.65,440.50,451.00,300,41020
2019-03-19 14:59:00,451.00,452.85,450.00,450.00,60,41020
2019-03-19 15:00:00,440.20,440.20,414.80,420.50,200,40820
2019-03-19 15:01:00,420.50,420.50,397.95,401.05,860,40820
2019-03-19 15:02:00,400.85,406.45,395.95,406.45,480,41660
2019-03-19 15:03:00,406.45,412.50,405.00,405.00,1580,41660
2019-03-19 15:04:00,405.00,412.60,405.00,411.90,1040,41660
2019-03-19 15:05:00,411.90,414.95,409.00,409.90,280,42520
2019-03-19 15:06:00,409.90,409.90,402.95,402.95,840,42520
2019-03-19 15:07:00,402.95,403.90,397.00,403.90,700,42520
2019-03-19 15:08:00,403.90,403.90,397.20,398.60,320,43220
2019-03-19 15:09:00,398.40,398.40,389.50,392.00,580,43220
2019-03-19 15:10:00,392.00,399.95,392.00,399.95,440,43220
2019-03-19 15:11:00,400.00,403.55,398.00,399.00,1280,43220
2019-03-19 15:12:00,399.00,399.00,395.00,398.20,160,42820
2019-03-19 15:13:00,398.20,398.20,388.70,390.15,1020,42820
2019-03-19 15:14:00,390.15,390.15,383.65,389.45,1120,43640
2019-03-19 15:15:00,389.45,390.00,373.30,375.05,1960,43640
2019-03-19 15:16:00,375.05,380.35,375.00,379.55,2980,43640
2019-03-19 15:17:00,379.55,387.75,377.95,387.75,860,44520
2019-03-19 15:18:00,387.00,387.95,380.00,381.05,960,44520
2019-03-19 15:19:00,381.05,385.95,381.05,382.80,260,44520
2019-03-19 15:20:00,384.00,385.05,381.90,383.10,560,44880
2019-03-19 15:21:00,383.10,385.80,381.40,384.15,680,44880
2019-03-19 15:22:00,384.15,391.45,381.80,390.85,600,44880
2019-03-19 15:23:00,390.85,392.80,384.95,387.85,1140,45960
2019-03-19 15:24:00,387.85,388.50,385.65,388.05,1400,45960
2019-03-19 15:25:00,387.95,396.00,387.95,396.00,980,45960
2019-03-19 15:26:00,394.50,404.90,394.50,404.90,3020,48920
2019-03-19 15:27:00,404.00,407.20,401.05,403.85,1140,48920
2019-03-19 15:28:00,403.85,403.85,393.80,399.95,280,48920
2019-03-19 15:29:01,399.95,406.05,390.05,390.05,1800,48920
2019-03-20 09:15:00,390.05,457.25,390.00,436.45,2740,48900
2019-03-20 09:16:00,443.00,443.00,417.85,423.80,1740,49300
2019-03-20 09:17:00,423.80,423.80,405.35,412.00,1700,49300
2019-03-20 09:18:00,416.80,416.80,400.55,410.00,2260,49300
2019-03-20 09:19:00,403.50,424.05,403.50,424.05,2320,52520
2019-03-20 09:20:00,424.05,432.85,424.05,430.30,1280,52520
2019-03-20 09:21:00,430.30,442.25,430.30,433.35,240,52520
2019-03-20 09:22:00,433.35,433.35,426.55,426.95,240,53480
2019-03-20 09:23:00,426.95,426.95,409.65,409.65,200,53480
2019-03-20 09:24:00,409.65,415.00,409.65,412.05,940,53480
2019-03-20 09:25:00,412.05,420.00,412.05,415.00,840,53480
2019-03-20 09:26:00,415.00,415.00,402.45,402.45,380,53280
2019-03-20 09:27:00,402.45,408.40,402.45,407.80,3180,53280
2019-03-20 09:28:00,407.80,407.80,400.00,403.45,880,53540
2019-03-20 09:29:00,403.45,411.30,403.45,409.95,320,53540
2019-03-20 09:30:00,409.15,412.00,409.15,412.00,360,53540
2019-03-20 09:31:00,412.00,418.45,412.00,414.20,1420,54060
2019-03-20 09:32:00,414.20,420.85,414.20,417.25,700,54060
2019-03-20 09:33:00,417.25,421.15,412.30,412.30,820,54060
2019-03-20 09:34:00,412.30,420.60,412.30,417.35,2420,54980
2019-03-20 09:35:00,417.35,427.10,417.35,425.00,2260,54980
2019-03-20 09:36:00,425.00,425.50,417.15,417.20,280,54980
2019-03-20 09:37:00,417.20,418.80,414.00,414.00,360,55640
2019-03-20 09:38:00,414.00,416.00,409.00,410.80,240,55640
2019-03-20 09:39:00,410.80,411.00,406.00,406.00,340,55640
2019-03-20 09:40:00,406.00,406.00,402.85,404.10,560,55640
2019-03-20 09:41:00,404.10,404.10,391.50,391.50,1320,56180
2019-03-20 09:42:00,391.50,400.80,391.50,397.00,540,56180
2019-03-20 09:43:00,397.00,397.00,385.70,385.70,720,58060
2019-03-20 09:44:00,385.45,390.00,380.15,383.85,440,58060
2019-03-20 09:45:00,383.85,385.80,373.20,377.90,2120,58060
2019-03-20 09:46:00,377.90,384.55,377.90,384.00,420,58060
2019-03-20 09:47:00,381.80,384.95,381.80,384.05,160,57140
2019-03-20 09:48:00,384.05,384.80,373.35,373.35,120,57140
2019-03-20 09:49:00,372.00,374.20,368.65,369.85,320,57660
2019-03-20 09:50:00,369.85,369.85,361.55,363.00,460,57660
2019-03-20 09:51:00,363.00,363.00,354.00,356.65,900,57660
2019-03-20 09:52:00,356.65,356.65,350.00,350.00,2280,57660
2019-03-20 09:53:00,350.00,352.45,339.10,339.90,2960,57020
2019-03-20 09:54:00,341.50,350.05,335.65,350.05,1380,57020
2019-03-20 09:55:00,351.55,357.15,347.05,349.25,920,59840
2019-03-20 09:56:00,349.25,349.25,344.85,348.15,860,59840
2019-03-20 09:57:00,348.15,356.00,348.15,356.00,2680,59840
2019-03-20 09:58:00,356.00,362.85,356.00,362.85,80,61120
2019-03-20 09:59:00,362.85,362.85,352.50,355.10,520,61120
2019-03-20 10:00:00,355.10,358.45,355.10,358.45,180,61120
2019-03-20 10:01:00,359.95,361.40,357.20,357.20,920,61120
2019-03-20 10:02:00,357.20,357.75,354.05,357.75,1940,61020
2019-03-20 10:03:00,357.70,360.65,354.00,360.10,4840,61020
2019-03-20 10:04:00,360.10,370.15,356.00,365.30,4740,64780
2019-03-20 10:05:00,365.30,370.15,362.50,365.00,3240,64780
2019-03-20 10:06:00,365.00,371.60,365.00,370.15,420,64780
2019-03-20 10:07:00,370.15,371.90,370.15,371.90,580,69080
2019-03-20 10:08:00,371.90,383.40,368.05,381.80,880,69080
2019-03-20 10:09:00,381.80,397.65,381.80,394.45,5520,69080
2019-03-20 10:10:00,394.45,395.20,384.30,384.30,1560,71460
2019-03-20 10:11:00,384.30,390.00,382.00,383.45,1580,71460
2019-03-20 10:12:00,383.35,385.50,378.40,378.40,460,71460
2019-03-20 10:13:00,378.40,385.55,375.25,385.55,1520,72080
2019-03-20 10:14:00,385.55,385.55,380.00,380.00,1080,72080
2019-03-20 10:15:00,380.00,380.00,376.45,376.45,220,72080
2019-03-20 10:16:00,376.45,376.50,375.00,376.50,60,72080
2019-03-20 10:17:00,376.50,376.50,370.00,370.00,260,73000
2019-03-20 10:18:00,370.00,375.10,370.00,373.00,280,73000
2019-03-20 10:19:00,373.00,373.00,371.60,372.00,200,73000
2019-03-20 10:20:00,372.00,375.15,371.60,371.60,1640,71780
2019-03-20 10:21:00,371.60,374.10,367.00,374.10,520,71780
2019-03-20 10:22:00,374.10,375.00,372.20,373.90,340,71780
2019-03-20 10:23:00,373.90,379.20,373.90,377.95,120,71060
2019-03-20 10:24:00,377.95,377.95,373.90,375.75,80,71060
2019-03-20 10:25:00,375.75,384.75,374.45,384.75,700,71060
2019-03-20 10:26:00,384.75,385.25,380.50,382.45,400,65800
2019-03-20 10:27:00,381.75,383.15,377.65,377.65,420,65800
2019-03-20 10:28:00,377.65,381.30,377.65,380.95,160,66060
2019-03-20 10:29:00,380.95,382.05,377.10,378.50,580,66060
2019-03-20 10:30:00,378.50,378.50,375.50,375.90,1020,66060
2019-03-20 10:31:00,373.55,374.50,373.55,374.50,200,66060
2019-03-20 10:32:00,374.50,374.75,370.90,370.90,500,65060
2019-03-20 10:33:00,370.90,370.90,365.55,366.80,1380,65060
2019-03-20 10:34:00,366.80,369.60,365.00,365.00,1360,65440
2019-03-20 10:35:00,365.00,365.40,363.05,365.40,940,65440
2019-03-20 10:36:00,365.40,365.55,364.45,364.75,240,65440
2019-03-20 10:37:00,365.90,369.45,364.75,368.90,620,65440
2019-03-20 10:38:00,368.90,370.95,365.00,369.05,80,65400
2019-03-20 10:39:00,369.05,369.05,368.00,368.00,1240,65400
2019-03-20 10:40:00,368.00,372.00,368.00,370.70,160,65400
2019-03-20 10:41:00,370.70,377.20,370.70,377.20,120,65120
2019-03-20 10:42:00,377.20,378.75,377.15,378.75,80,65120
2019-03-20 10:43:00,378.75,379.65,377.65,378.15,280,65240
2019-03-20 10:44:00,378.15,388.00,375.65,387.30,1400,65240
2019-03-20 10:45:00,387.30,388.95,385.50,385.50,280,65240
2019-03-20 10:46:00,385.50,385.50,376.85,376.85,620,65680
2019-03-20 10:47:00,376.85,382.05,375.80,381.45,300,65680
2019-03-20 10:48:00,381.45,381.45,376.25,379.00,600,65680
2019-03-20 10:49:00,379.00,379.70,377.45,379.70,200,65680
2019-03-20 10:50:00,379.70,384.30,379.70,383.10,120,65280
2019-03-20 10:51:00,383.10,383.10,379.70,379.70,20,65280
2019-03-20 10:52:00,379.70,380.00,376.95,378.10,460,65280
2019-03-20 10:53:00,378.10,378.10,378.10,378.10,0,64920
2019-03-20 10:54:00,378.10,381.20,376.20,377.10,200,64920
2019-03-20 10:55:00,377.10,377.10,377.10,377.10,0,64920
2019-03-20 10:56:00,377.10,377.10,373.50,373.50,60,65160
2019-03-20 10:57:00,373.50,373.50,369.00,369.55,80,65160
2019-03-20 10:58:00,369.55,372.20,369.55,372.00,280,65240
2019-03-20 10:59:00,372.00,377.45,372.00,375.00,660,65240
2019-03-20 11:00:00,375.00,375.00,369.05,372.95,1200,65240
2019-03-20 11:01:00,372.05,375.00,370.35,370.70,460,66740
2019-03-20 11:02:00,370.70,372.00,370.05,371.05,320,66740
2019-03-20 11:03:00,371.05,378.95,371.05,378.95,480,66740
2019-03-20 11:04:00,378.95,378.95,374.95,375.05,60,66740
2019-03-20 11:05:00,375.05,375.05,365.00,365.00,420,66680
2019-03-20 11:06:00,365.00,369.55,365.00,365.00,140,66680
2019-03-20 11:07:00,365.00,365.05,360.00,365.05,1220,67640
2019-03-20 11:08:00,365.05,365.05,365.05,365.05,0,67640
2019-03-20 11:09:00,365.05,366.05,365.05,366.05,80,67640
2019-03-20 11:10:00,366.05,367.10,361.50,362.90,1140,67640
2019-03-20 11:11:00,362.90,362.90,358.00,358.00,1240,67060
2019-03-20 11:12:00,358.00,358.00,354.70,355.00,300,67060
2019-03-20 11:13:00,354.90,362.00,354.90,360.05,2840,67060
2019-03-20 11:14:00,360.05,363.85,360.05,363.85,120,66700
2019-03-20 11:15:00,363.85,365.00,363.85,365.00,100,66700
2019-03-20 11:16:00,365.00,365.00,364.00,365.00,680,66700
2019-03-20 11:17:00,365.00,368.50,365.00,368.50,20,66600
2019-03-20 11:18:00,368.50,368.50,363.50,363.50,60,66600
2019-03-20 11:19:00,363.50,366.40,363.45,363.45,320,66660
2019-03-20 11:20:00,363.45,363.45,360.00,363.05,120,66660
2019-03-20 11:21:00,363.05,369.00,363.05,369.00,1840,66660
2019-03-20 11:22:00,369.00,372.00,369.00,372.00,700,66660
2019-03-20 11:23:00,372.00,376.00,370.00,370.00,980,64720
2019-03-20 11:24:00,370.00,370.00,365.05,365.65,300,64720
2019-03-20 11:25:00,365.65,366.00,363.85,366.00,180,64720
2019-03-20 11:26:00,366.00,369.50,366.00,367.45,120,64420
2019-03-20 11:27:00,367.45,367.45,367.45,367.45,0,64420
2019-03-20 11:28:00,367.45,367.45,364.00,364.00,60,64420
2019-03-20 11:29:00,364.00,364.00,362.00,362.00,60,64240
2019-03-20 11:30:00,362.00,362.00,361.00,361.95,140,64240
2019-03-20 11:31:00,361.95,365.25,361.95,365.25,120,64240
2019-03-20 11:32:00,365.25,367.05,365.25,366.55,40,64400
2019-03-20 11:33:00,366.55,366.55,358.30,358.30,80,64400
2019-03-20 11:34:00,358.30,360.00,356.95,360.00,160,64400
2019-03-20 11:35:00,360.00,363.35,360.00,361.45,140,64180
2019-03-20 11:36:00,361.45,361.50,359.40,361.00,300,64180
2019-03-20 11:37:00,361.00,361.85,357.00,357.00,240,64440
2019-03-20 11:38:00,356.65,361.35,356.65,361.35,100,64440
2019-03-20 11:39:00,361.35,361.35,361.35,361.35,0,64440
2019-03-20 11:40:00,361.35,361.35,354.35,355.25,80,64540
2019-03-20 11:41:00,358.70,361.00,358.70,361.00,320,64540
2019-03-20 11:42:00,361.00,365.40,361.00,365.40,360,64540
2019-03-20 11:43:00,365.40,365.40,365.05,365.05,140,64540
2019-03-20 11:44:00,365.05,367.05,365.05,367.00,320,64900
2019-03-20 11:45:00,367.00,367.00,360.60,360.60,140,64900
2019-03-20 11:46:00,360.60,363.00,360.60,361.55,240,64900
2019-03-20 11:47:00,361.55,366.25,361.55,366.05,80,64780
2019-03-20 11:48:00,366.05,366.75,362.50,364.30,200,64780
2019-03-20 11:49:00,364.30,364.95,364.30,364.95,20,64780
2019-03-20 11:50:00,364.95,364.95,363.00,363.00,20,64780
2019-03-20 11:51:00,363.00,363.00,361.00,361.00,100,64600
2019-03-20 11:52:00,361.00,361.20,359.60,360.00,620,64600
2019-03-20 11:53:00,360.00,363.00,359.40,360.45,240,64460
2019-03-20 11:54:00,360.45,360.45,357.55,358.95,100,64460
2019-03-20 11:55:00,358.95,358.95,354.35,357.50,680,64800
2019-03-20 11:56:00,357.50,361.75,357.50,361.75,120,64800
2019-03-20 11:57:00,361.75,363.65,358.95,363.65,160,64800
2019-03-20 11:58:00,363.65,363.65,357.95,359.40,160,64800
2019-03-20 11:59:00,359.40,360.00,357.00,360.00,160,64380
2019-03-20 12:00:00,360.00,365.00,360.00,365.00,20,64380
2019-03-20 12:01:00,365.00,367.00,364.05,367.00,420,64440
2019-03-20 12:02:00,366.55,369.75,366.50,366.50,40,64440
2019-03-20 12:03:00,366.50,367.65,366.50,367.65,20,64440
2019-03-20 12:04:00,367.65,371.00,367.65,370.00,280,64740
2019-03-20 12:05:00,370.00,376.75,370.00,375.05,760,64740
2019-03-20 12:06:00,375.05,380.90,374.35,380.55,680,64740
2019-03-20 12:07:00,381.55,387.05,380.00,385.05,700,64780
2019-03-20 12:08:00,385.05,389.50,380.50,380.50,2420,64780
2019-03-20 12:09:00,380.50,383.45,380.00,382.50,500,64780
2019-03-20 12:10:00,382.50,386.00,379.60,379.60,700,64780
2019-03-20 12:11:00,379.60,379.70,372.55,372.55,800,64220
2019-03-20 12:12:00,372.55,375.65,372.55,375.65,180,64220
2019-03-20 12:13:00,375.65,378.50,374.00,378.50,100,64220
2019-03-20 12:14:00,378.50,384.25,378.50,384.25,140,64300
2019-03-20 12:15:00,384.25,391.55,383.20,390.10,340,64300
2019-03-20 12:16:00,390.10,391.10,384.00,384.00,400,64300
2019-03-20 12:17:00,384.00,384.55,380.00,380.00,160,63940
2019-03-20 12:18:00,380.00,380.00,375.75,375.75,20,63940
2019-03-20 12:19:00,375.75,375.75,370.00,372.05,100,63940
2019-03-20 12:20:00,373.05,375.55,371.00,375.55,380,63640
2019-03-20 12:21:00,375.55,376.80,373.30,376.80,500,63640
2019-03-20 12:22:00,376.80,381.40,376.80,378.50,620,64220
2019-03-20 12:23:00,378.50,378.50,378.50,378.50,0,64220
2019-03-20 12:24:00,378.50,391.25,378.50,386.05,520,64220
2019-03-20 12:25:00,386.05,388.00,386.05,388.00,40,64560
2019-03-20 12:26:00,388.00,388.00,385.00,385.00,20,64560
2019-03-20 12:27:00,385.00,388.95,385.00,386.05,60,64560
2019-03-20 12:28:00,385.00,399.00,385.00,390.55,160,64560
2019-03-20 12:29:00,390.55,394.75,389.15,389.15,720,64400
2019-03-20 12:30:00,389.15,392.45,385.80,386.50,200,64400
2019-03-20 12:31:00,386.50,386.50,382.00,382.00,280,64400
2019-03-20 12:32:00,382.00,382.00,382.00,382.00,0,65600
2019-03-20 12:33:00,384.65,392.50,384.65,391.55,80,65600
2019-03-20 12:34:00,391.55,393.45,388.00,388.00,140,65680
2019-03-20 12:35:00,388.00,391.00,388.00,391.00,80,65680
2019-03-20 12:36:00,391.00,391.00,389.65,389.65,60,65680
2019-03-20 12:37:00,389.65,389.65,381.50,381.50,80,65680
2019-03-20 12:38:00,381.50,382.45,379.00,380.10,340,65580
2019-03-20 12:39:00,380.10,383.00,378.50,378.55,300,65580
2019-03-20 12:40:00,378.55,379.10,376.55,376.55,40,65580
2019-03-20 12:41:00,376.55,384.15,376.55,381.25,320,65520
2019-03-20 12:42:00,381.25,381.25,381.25,381.25,0,65520
2019-03-20 12:43:00,381.25,382.40,380.20,382.40,100,65520
2019-03-20 12:44:00,382.40,383.85,381.50,383.85,260,65740
2019-03-20 12:45:00,383.85,384.65,383.85,384.65,100,65740
2019-03-20 12:46:00,384.65,384.65,384.65,384.65,0,65740
2019-03-20 12:47:00,384.65,387.75,384.65,387.70,20,65920
2019-03-20 12:48:00,387.70,387.70,375.85,377.55,300,65920
2019-03-20 12:49:00,377.55,377.55,366.50,368.35,320,65940
2019-03-20 12:50:00,368.35,369.05,368.35,369.05,140,65940
2019-03-20 12:51:00,369.05,369.05,367.30,368.05,120,65940
2019-03-20 12:52:00,368.05,368.05,360.80,360.80,340,65940
2019-03-20 12:53:00,360.80,367.50,360.80,367.50,80,65660
2019-03-20 12:54:00,367.50,367.50,363.30,365.00,80,65660
2019-03-20 12:55:00,365.00,365.00,365.00,365.00,0,65660
2019-03-20 12:56:00,365.00,373.00,365.00,373.00,40,65660
2019-03-20 12:57:00,373.00,373.00,369.00,369.00,60,65640
2019-03-20 12:58:00,369.00,369.00,366.70,366.70,20,65640
2019-03-20 12:59:00,366.70,369.40,366.70,369.40,40,65620
2019-03-20 13:00:00,369.40,370.25,365.70,365.70,320,65620
2019-03-20 13:01:00,365.70,369.30,365.70,367.80,100,65800
2019-03-20 13:02:00,367.80,367.80,365.00,366.05,220,65800
2019-03-20 13:03:00,366.05,368.00,366.05,368.00,140,65800
2019-03-20 13:04:00,368.00,368.00,365.00,365.00,20,65800
2019-03-20 13:05:00,365.00,365.00,357.50,359.00,540,65680
2019-03-20 13:06:00,359.00,364.05,359.00,364.05,180,65680
2019-03-20 13:07:00,364.05,367.00,364.05,367.00,60,65700
2019-03-20 13:08:00,367.00,367.00,362.75,362.75,100,65700
2019-03-20 13:09:00,362.75,364.00,360.75,360.75,220,65700
2019-03-20 13:10:00,360.00,365.45,360.00,365.45,120,66000
2019-03-20 13:11:00,365.45,367.50,365.45,367.50,240,66000
2019-03-20 13:12:00,367.50,370.05,365.40,366.45,240,66000
2019-03-20 13:13:00,366.45,368.95,365.40,365.40,180,66240
2019-03-20 13:14:00,365.40,370.10,365.40,369.55,300,66240
2019-03-20 13:15:00,369.55,369.55,368.65,368.65,60,66240
2019-03-20 13:16:00,371.00,377.30,371.00,375.55,620,66780
2019-03-20 13:17:00,375.55,375.55,374.95,375.00,40,66780
2019-03-20 13:18:00,375.00,375.00,372.50,374.90,180,66780
2019-03-20 13:19:00,374.90,374.90,367.90,367.90,60,67180
2019-03-20 13:20:00,367.90,369.05,365.20,365.95,740,67180
2019-03-20 13:21:00,365.95,365.95,363.75,363.75,100,67180
2019-03-20 13:22:00,363.75,369.40,363.75,364.80,40,67280
2019-03-20 13:23:00,364.80,364.80,352.00,352.00,360,67280
2019-03-20 13:24:00,352.00,355.00,352.00,354.15,220,67280
2019-03-20 13:25:00,354.15,357.00,354.15,355.40,120,67300
2019-03-20 13:26:00,355.40,357.10,355.40,357.10,780,67300
2019-03-20 13:27:00,357.10,357.10,356.05,356.40,1680,67300
2019-03-20 13:28:00,356.40,356.40,356.40,356.40,0,67300
2019-03-20 13:29:00,356.40,362.50,356.40,362.50,20,67620
2019-03-20 13:30:00,362.50,362.50,362.50,362.50,0,67620
2019-03-20 13:31:00,362.50,362.50,359.45,359.45,40,67620
2019-03-20 13:32:00,365.05,365.05,365.05,365.05,0,67600
2019-03-20 13:33:00,362.40,362.40,360.00,360.00,220,67600
2019-03-20 13:34:00,360.00,360.00,359.00,359.00,20,67600
2019-03-20 13:35:00,359.00,359.00,356.85,358.55,60,67380
2019-03-20 13:36:00,358.55,366.00,358.55,366.00,560,67380
2019-03-20 13:37:00,366.00,367.50,365.45,365.45,60,67440
2019-03-20 13:38:00,365.45,365.45,364.95,365.45,100,67440
2019-03-20 13:39:00,365.45,365.45,365.45,365.45,0,67440
2019-03-20 13:40:00,365.45,370.00,365.45,370.00,640,67460
2019-03-20 13:41:00,370.00,374.00,370.00,374.00,80,67460
2019-03-20 13:42:00,374.00,374.00,367.95,371.05,60,67460
2019-03-20 13:43:00,371.05,371.05,360.00,360.00,180,67460
2019-03-20 13:44:00,360.00,364.20,360.00,364.20,40,67440
2019-03-20 13:45:00,364.20,364.20,358.95,358.95,180,67440
2019-03-20 13:46:00,358.95,358.95,355.50,356.30,260,67440
2019-03-20 13:47:00,356.30,356.30,336.20,339.25,2820,67240
2019-03-20 13:48:00,339.25,347.25,339.25,347.25,480,67240
2019-03-20 13:49:00,347.25,350.00,342.00,342.95,500,67380
2019-03-20 13:50:00,342.95,346.80,342.95,346.80,40,67380
2019-03-20 13:51:00,346.80,351.50,345.00,348.00,1220,67380
2019-03-20 13:52:00,348.00,350.10,346.80,349.05,2120,69340
2019-03-20 13:53:00,349.05,350.00,348.00,350.00,360,69340
2019-03-20 13:54:00,350.00,350.00,342.75,346.00,1140,69340
2019-03-20 13:55:00,346.00,348.85,345.05,347.95,360,69760
2019-03-20 13:56:00,347.95,347.95,344.80,344.80,40,69760
2019-03-20 13:57:00,344.80,344.80,339.50,342.00,1560,69760
2019-03-20 13:58:00,342.00,342.05,317.95,321.40,4100,70800
2019-03-20 13:59:00,321.40,327.05,321.40,324.00,860,70800
2019-03-20 14:00:00,323.70,323.70,302.80,305.65,1720,70800
2019-03-20 14:01:00,307.55,322.75,307.55,322.75,1380,70800
2019-03-20 14:02:00,322.75,326.30,319.95,325.05,1080,69760
2019-03-20 14:03:00,325.05,325.75,315.00,321.50,1200,69760
2019-03-20 14:04:00,321.50,321.50,315.05,317.60,1640,69760
2019-03-20 14:05:00,315.00,315.75,312.00,312.00,1840,69500
2019-03-20 14:06:00,312.00,317.15,312.00,314.00,400,69500
2019-03-20 14:07:00,314.00,315.50,311.70,311.70,600,69500
2019-03-20 14:08:00,311.70,311.70,306.65,308.90,340,70660
2019-03-20 14:09:00,308.90,308.90,297.40,300.15,3000,70660
2019-03-20 14:10:00,299.95,301.55,296.15,297.65,1200,71380
2019-03-20 14:11:00,297.90,297.90,277.95,284.15,7820,71380
2019-03-20 14:12:00,281.90,284.20,277.05,281.75,12980,71380
2019-03-20 14:13:00,278.90,288.20,278.60,280.00,13520,79120
2019-03-20 14:14:00,280.00,280.00,278.00,280.00,11720,79120
2019-03-20 14:15:00,280.00,280.45,270.00,270.00,3320,79120
2019-03-20 14:16:00,270.00,270.00,260.05,263.05,4600,92120
2019-03-20 14:17:00,262.55,278.00,262.00,277.70,4960,92120
2019-03-20 14:18:00,277.70,284.00,275.50,284.00,3920,92120
2019-03-20 14:19:00,284.00,284.00,274.60,274.60,1800,94040
2019-03-20 14:20:00,275.65,277.10,271.25,274.45,3500,94040
2019-03-20 14:21:00,274.45,277.20,267.10,269.55,3240,94040
2019-03-20 14:22:00,268.95,269.95,263.00,266.00,3660,96440
2019-03-20 14:23:00,266.00,269.05,265.00,268.55,2980,96440
2019-03-20 14:24:00,268.00,273.70,265.95,272.05,1980,96440
2019-03-20 14:25:00,271.00,271.50,265.30,269.00,4240,100800
2019-03-20 14:26:00,269.90,279.95,267.95,278.30,2240,100800
2019-03-20 14:27:00,275.95,279.95,272.00,279.95,5400,100800
2019-03-20 14:28:00,279.95,289.00,277.05,289.00,5340,105280
2019-03-20 14:29:00,286.55,286.55,279.00,282.45,1260,105280
2019-03-20 14:30:00,280.00,281.00,277.00,277.10,520,105280
2019-03-20 14:31:00,277.10,277.15,272.00,273.50,2500,105280
2019-03-20 14:32:00,273.50,275.50,272.80,274.75,380,104380
2019-03-20 14:33:00,274.75,278.45,274.75,276.50,1780,104380
2019-03-20 14:34:00,276.50,283.65,276.50,283.65,440,104940
2019-03-20 14:35:00,283.65,283.65,277.25,277.25,1700,104940
2019-03-20 14:36:00,277.25,284.05,277.25,284.00,1200,104940
2019-03-20 14:37:00,284.00,293.10,281.60,286.85,1640,104940
2019-03-20 14:38:00,286.85,293.95,286.85,288.65,1080,104340
2019-03-20 14:39:00,288.65,288.65,278.25,279.55,900,104340
2019-03-20 14:40:00,280.00,283.75,279.75,282.95,1380,104340
2019-03-20 14:41:00,282.95,286.00,281.15,281.15,420,103680
2019-03-20 14:42:00,281.15,288.55,281.15,284.95,600,103680
2019-03-20 14:43:00,284.95,293.05,284.95,293.05,1660,103820
2019-03-20 14:44:00,295.00,296.60,291.50,291.50,2380,103820
2019-03-20 14:45:00,291.50,291.50,280.05,281.05,4660,103820
2019-03-20 14:46:00,281.05,283.20,279.05,280.15,3940,104160
2019-03-20 14:47:00,280.15,281.95,279.05,279.55,180,104160
2019-03-20 14:48:00,279.55,282.55,279.00,281.50,1120,104160
2019-03-20 14:49:00,282.50,282.50,275.05,275.05,920,104160
2019-03-20 14:50:00,275.05,278.70,275.05,276.50,260,102720
2019-03-20 14:51:00,278.05,279.00,276.35,276.35,1400,102720
2019-03-20 14:52:00,276.25,281.40,276.25,279.15,400,103000
2019-03-20 14:53:00,279.15,285.00,279.15,283.50,400,103000
2019-03-20 14:54:00,284.55,290.60,284.40,290.00,1100,103000
2019-03-20 14:55:00,290.00,291.95,279.45,279.95,1600,105060
2019-03-20 14:56:00,278.00,278.15,270.50,278.15,2800,105060
2019-03-20 14:57:00,278.15,285.90,278.15,284.50,1600,105060
2019-03-20 14:58:00,284.50,286.00,280.55,280.55,860,105060
2019-03-20 14:59:00,280.55,287.00,278.50,285.00,2900,104760
2019-03-20 15:00:00,285.00,286.15,284.25,285.00,560,104760
2019-03-20 15:01:00,285.00,285.00,280.90,283.85,320,105360
2019-03-20 15:02:00,283.85,283.85,278.85,282.75,780,105360
2019-03-20 15:03:00,282.75,282.75,273.65,276.10,2420,105360
2019-03-20 15:04:00,276.10,276.40,274.50,274.50,340,105360
2019-03-20 15:05:00,274.50,277.00,274.50,276.95,620,104840
2019-03-20 15:06:00,276.95,282.00,276.95,282.00,1260,104840
2019-03-20 15:07:00,282.00,286.60,282.00,286.25,2400,105040
2019-03-20 15:08:00,285.00,286.80,285.00,286.00,1880,105040
2019-03-20 15:09:00,286.00,289.40,286.00,286.00,3560,105040
2019-03-20 15:10:00,286.00,287.00,282.00,282.00,3340,109440
2019-03-20 15:11:00,282.00,284.05,275.00,284.05,3180,109440
2019-03-20 15:12:00,284.05,284.20,281.95,282.05,1820,109440
2019-03-20 15:13:00,282.75,284.05,281.15,283.20,2380,109440
2019-03-20 15:14:00,283.20,285.50,283.20,283.60,1280,106660
2019-03-20 15:15:00,284.75,284.85,280.75,283.00,1300,106660
2019-03-20 15:16:00,283.00,283.95,282.00,282.50,720,107040
2019-03-20 15:17:00,282.95,283.05,278.95,279.00,3520,107040
2019-03-20 15:18:00,279.00,281.15,278.20,279.90,1700,107040
2019-03-20 15:19:00,279.90,281.00,278.95,280.00,820,107040
2019-03-20 15:20:00,279.05,280.05,276.85,278.70,4500,106920
2019-03-20 15:21:00,278.70,281.95,277.15,280.75,2280,106920
2019-03-20 15:22:00,280.75,283.90,279.00,281.35,1840,106920
2019-03-20 15:23:00,281.45,284.00,280.20,283.70,2280,106280
2019-03-20 15:24:00,283.70,284.45,281.00,281.30,3080,106280
2019-03-20 15:25:00,281.50,282.15,280.25,281.50,1920,108420
2019-03-20 15:26:00,281.50,284.05,280.20,281.00,2640,108420
2019-03-20 15:27:00,281.00,281.80,278.00,278.00,2260,108420
2019-03-20 15:28:00,278.00,278.00,272.00,277.25,8220,108920
2019-03-20 15:29:01,276.00,278.75,271.00,273.00,10800,108920
2019-03-22 09:15:00,273.45,273.50,227.90,248.35,28300,113820
2019-03-22 09:16:00,247.85,250.00,230.90,231.55,20660,124760
2019-03-22 09:17:00,231.50,231.95,221.40,224.30,35100,124760
2019-03-22 09:18:00,224.15,227.20,216.50,227.20,51800,124760
2019-03-22 09:19:00,226.60,233.85,226.60,230.00,42980,186820
2019-03-22 09:20:00,227.55,228.90,220.35,228.60,32780,186820
2019-03-22 09:21:00,228.05,236.55,226.95,234.75,29520,186820
2019-03-22 09:22:00,234.85,237.00,227.80,230.80,20000,217300
2019-03-22 09:23:00,229.95,230.00,220.70,226.65,17060,217300
2019-03-22 09:24:00,227.55,228.75,222.55,227.25,12240,217300
2019-03-22 09:25:00,228.65,231.75,226.00,227.00,13280,233540
2019-03-22 09:26:00,227.00,227.70,221.25,221.30,9660,233540
2019-03-22 09:27:00,221.60,234.55,219.55,229.00,19600,233540
2019-03-22 09:28:00,230.35,241.95,226.20,233.95,26720,247400
2019-03-22 09:29:00,234.85,239.80,233.50,234.55,15960,247400
2019-03-22 09:30:00,234.55,235.65,227.85,229.60,12120,247400
2019-03-22 09:31:00,229.05,231.55,221.25,221.65,11780,256180
2019-03-22 09:32:00,221.65,223.35,219.00,223.35,17320,256180
2019-03-22 09:33:00,223.35,231.45,222.60,226.65,12600,256180
2019-03-22 09:34:00,226.75,227.40,220.50,222.00,6100,265340
2019-03-22 09:35:00,222.50,224.00,205.50,208.25,23920,265340
2019-03-22 09:36:00,208.00,213.45,208.00,212.40,15720,265340
2019-03-22 09:37:00,212.10,213.00,197.20,202.50,26900,272360
2019-03-22 09:38:00,203.95,205.55,198.55,202.30,16800,272360
2019-03-22 09:39:00,201.00,205.60,200.00,205.60,13880,272360
2019-03-22 09:40:00,205.60,208.00,203.30,208.00,6820,286940
2019-03-22 09:41:00,207.60,208.35,185.65,190.80,21760,286940
2019-03-22 09:42:00,190.00,192.00,179.35,183.45,34480,286940
2019-03-22 09:43:00,185.55,186.40,182.65,184.40,21500,306360
2019-03-22 09:44:00,183.75,190.85,183.75,190.85,37560,306360
2019-03-22 09:45:00,189.75,189.75,183.05,186.05,19860,306360
2019-03-22 09:46:00,184.25,192.00,184.25,190.95,21520,337880
2019-03-22 09:47:00,191.85,194.10,189.20,193.75,18940,337880
2019-03-22 09:48:00,193.50,204.30,192.65,203.40,30780,337880
2019-03-22 09:49:00,204.15,204.90,195.90,196.50,22540,349800
2019-03-22 09:50:00,196.50,196.50,191.10,191.50,9700,349800
2019-03-22 09:51:00,190.60,197.30,190.00,191.15,16400,349800
2019-03-22 09:52:00,190.30,195.05,190.10,195.05,7060,358420
2019-03-22 09:53:00,193.10,199.20,192.50,198.40,14400,358420
2019-03-22 09:54:00,198.40,198.65,194.75,196.75,12480,358420
2019-03-22 09:55:00,196.50,199.00,194.65,195.30,10640,369220
2019-03-22 09:56:00,195.60,198.55,194.85,198.55,7360,369220
2019-03-22 09:57:00,198.40,205.00,197.95,205.00,15320,369220
2019-03-22 09:58:00,204.00,205.20,199.80,200.10,13300,370720
2019-03-22 09:59:00,200.10,204.00,198.25,204.00,8560,370720
2019-03-22 10:00:00,203.90,204.60,201.00,201.65,8100,370720
2019-03-22 10:01:00,201.45,201.55,194.45,197.20,9560,373820
2019-03-22 10:02:00,196.60,201.05,196.40,198.80,8160,373820
2019-03-22 10:03:00,199.75,202.10,198.50,201.00,9700,373820
2019-03-22 10:04:00,203.50,203.90,199.00,201.80,8480,375080
2019-03-22 10:05:00,200.75,201.45,197.00,199.00,8100,375080
2019-03-22 10:06:00,198.45,203.25,198.45,201.50,7220,375080
2019-03-22 10:07:00,200.50,202.05,198.45,200.25,4180,378020
2019-03-22 10:08:00,200.10,206.15,199.50,203.80,14760,378020
2019-03-22 10:09:00,203.80,204.90,199.10,199.50,8860,378020
2019-03-22 10:10:00,199.90,200.30,195.90,195.90,8840,380820
2019-03-22 10:11:00,195.90,197.65,193.10,197.25,8520,380820
2019-03-22 10:12:00,197.25,202.75,197.25,202.45,4860,380820
2019-03-22 10:13:00,200.95,206.25,200.20,206.10,8640,382640
2019-03-22 10:14:00,206.05,208.65,203.85,206.60,13860,382640
2019-03-22 10:15:00,206.55,212.10,206.00,211.05,15080,382640
2019-03-22 10:16:00,211.45,216.80,210.00,215.70,10720,384720
2019-03-22 10:17:00,216.15,216.30,209.35,211.15,9620,384720
2019-03-22 10:18:00,211.20,211.65,207.60,210.35,4020,384720
2019-03-22 10:19:00,210.35,215.90,209.00,215.10,6680,384720
2019-03-22 10:20:00,215.05,221.35,213.05,220.00,13900,383840
2019-03-22 10:21:00,220.80,225.40,216.40,218.30,18460,383840
2019-03-22 10:22:00,218.65,224.35,217.50,217.50,14520,387940
2019-03-22 10:23:00,218.30,219.90,214.20,217.80,9960,387940
2019-03-22 10:24:00,216.75,217.05,214.35,215.00,6780,387940
2019-03-22 10:25:00,215.70,216.40,209.15,212.90,9620,392720
2019-03-22 10:26:00,212.35,219.35,212.00,219.15,3820,392720
2019-03-22 10:27:00,219.25,223.75,219.20,222.00,9360,392720
2019-03-22 10:28:00,222.55,235.00,217.35,230.60,28440,394700
2019-03-22 10:29:00,231.30,232.75,226.45,228.05,19800,394700
2019-03-22 10:30:00,229.55,263.75,229.40,263.75,63820,394700
2019-03-22 10:31:00,263.75,291.30,259.55,276.95,53320,394700
2019-03-22 10:32:00,275.10,292.00,273.15,283.65,31660,378280
2019-03-22 10:33:00,284.15,286.20,265.10,269.20,30780,378280
2019-03-22 10:34:00,271.70,286.55,269.25,285.25,21000,378280
2019-03-22 10:35:00,287.35,308.95,287.35,298.15,47320,376560
2019-03-22 10:36:00,298.80,341.35,298.80,335.00,48660,376560
2019-03-22 10:37:00,333.35,350.00,321.15,322.00,32100,376560
2019-03-22 10:38:00,320.65,326.60,310.05,324.05,16940,348660
2019-03-22 10:39:00,324.85,346.05,322.70,341.50,19940,348660
2019-03-22 10:40:00,342.00,367.70,337.25,343.50,31740,348660
2019-03-22 10:41:00,343.30,348.25,320.00,320.00,21960,338660
2019-03-22 10:42:00,319.85,327.65,315.80,323.75,19020,338660
2019-03-22 10:43:00,323.45,338.30,322.00,333.50,13880,338660
2019-03-22 10:44:00,333.50,336.25,319.30,323.50,14260,330360
2019-03-22 10:45:00,329.00,350.00,329.00,347.70,18400,330360
2019-03-22 10:46:00,348.50,359.00,342.20,357.00,14380,330360
2019-03-22 10:47:00,360.10,380.00,351.30,370.25,26760,321540
2019-03-22 10:48:00,370.00,383.25,363.65,364.95,16300,321540
2019-03-22 10:49:00,365.15,365.60,335.25,339.00,14100,321540
2019-03-22 10:50:00,337.05,352.55,333.80,349.65,15780,309980
2019-03-22 10:51:00,350.05,364.05,346.05,362.85,9120,309980
2019-03-22 10:52:00,362.85,363.00,336.75,342.50,8920,309980
2019-03-22 10:53:00,341.60,344.40,330.00,344.40,12320,308420
2019-03-22 10:54:00,343.80,354.95,343.25,353.85,10920,308420
2019-03-22 10:55:00,355.65,357.75,338.30,345.60,7120,308420
2019-03-22 10:56:00,345.60,349.10,337.95,337.95,9980,307420
2019-03-22 10:57:00,337.95,341.35,332.50,339.15,6500,307420
2019-03-22 10:58:00,339.15,343.45,333.00,335.40,6760,310600
2019-03-22 10:59:00,334.95,337.90,321.20,335.40,11280,310600
2019-03-22 11:00:00,334.40,346.90,331.90,341.60,7020,310600
2019-03-22 11:01:00,341.60,345.30,335.10,336.65,4580,310600
2019-03-22 11:02:00,336.65,345.00,332.45,342.75,3560,309480
2019-03-22 11:03:00,342.70,348.35,339.30,341.25,3020,309480
2019-03-22 11:04:00,342.20,342.55,334.95,340.00,4220,310600
2019-03-22 11:05:00,341.00,343.20,326.95,327.25,3860,310600
2019-03-22 11:06:00,333.20,337.20,329.00,331.00,1960,310600
2019-03-22 11:07:00,330.25,335.00,328.45,331.00,1740,311740
2019-03-22 11:08:00,331.00,336.90,326.10,331.25,3540,311740
2019-03-22 11:09:00,333.80,337.05,332.55,332.80,3540,311740
2019-03-22 11:10:00,333.05,343.95,332.90,338.90,3440,311740
2019-03-22 11:11:00,338.90,348.85,337.85,345.10,5820,309800
2019-03-22 11:12:00,345.15,346.45,341.00,342.35,2300,309800
2019-03-22 11:13:00,342.35,342.35,335.00,336.95,2560,309840
2019-03-22 11:14:00,336.95,338.00,325.00,330.00,3700,309840
2019-03-22 11:15:00,330.00,336.05,330.00,335.60,1160,309840
2019-03-22 11:16:00,335.60,340.45,335.10,335.90,1960,309840
2019-03-22 11:17:00,335.90,339.00,333.55,335.30,2800,309780
2019-03-22 11:18:00,335.00,345.65,334.65,342.75,2180,309780
2019-03-22 11:19:00,343.70,354.40,340.85,354.40,3640,310360
2019-03-22 11:20:00,352.55,356.95,350.60,352.95,6860,310360
2019-03-22 11:21:00,352.95,363.45,352.95,359.00,4480,310360
2019-03-22 11:22:00,359.00,395.20,359.00,380.85,11760,310360
2019-03-22 11:23:00,383.00,399.00,377.15,395.95,17980,309420
2019-03-22 11:24:00,396.00,403.00,387.70,401.75,15520,309420
2019-03-22 11:25:00,404.65,410.00,394.60,395.00,12120,309420
2019-03-22 11:26:00,394.00,394.80,382.40,389.30,4420,291920
2019-03-22 11:27:00,388.40,388.50,381.00,381.00,3580,291920
2019-03-22 11:28:00,381.50,381.50,371.20,374.80,3840,292080
2019-03-22 11:29:00,374.80,376.55,365.00,368.30,5340,292080
2019-03-22 11:30:00,368.30,374.00,362.10,366.80,6620,292080
2019-03-22 11:31:00,366.35,377.95,362.65,362.65,4640,295880
2019-03-22 11:32:00,362.65,367.15,361.50,363.20,1100,295880
2019-03-22 11:33:00,363.20,364.05,352.05,354.05,4580,295880
2019-03-22 11:34:00,353.45,360.35,350.35,350.35,2840,295880
2019-03-22 11:35:00,351.00,351.05,341.95,345.65,7200,295280
2019-03-22 11:36:00,346.00,351.75,343.75,347.90,6000,295280
2019-03-22 11:37:00,345.10,358.85,345.10,347.80,2400,300300
2019-03-22 11:38:00,348.10,348.55,335.45,338.00,4960,300300
2019-03-22 11:39:00,338.50,338.50,325.00,333.65,11160,300300
2019-03-22 11:40:00,333.65,336.65,331.00,333.25,7360,300300
2019-03-22 11:41:00,333.85,341.95,333.55,335.35,5100,299720
2019-03-22 11:42:00,336.45,342.00,335.00,338.95,5440,299720
2019-03-22 11:43:00,338.05,338.05,313.95,319.20,9080,299720
2019-03-22 11:44:00,316.90,321.15,306.70,318.15,9900,297260
2019-03-22 11:45:00,318.15,322.75,312.55,316.55,5020,297260
2019-03-22 11:46:00,316.65,329.95,316.60,329.95,5020,298960
2019-03-22 11:47:00,329.95,339.75,326.90,335.00,2780,298960
2019-03-22 11:48:00,334.95,343.40,330.65,341.30,3220,298960
2019-03-22 11:49:00,341.30,349.95,339.85,344.35,5620,298960
2019-03-22 11:50:00,344.35,350.00,341.55,344.35,2680,296440
2019-03-22 11:51:00,344.35,344.35,332.90,335.65,1440,296440
2019-03-22 11:52:00,335.65,343.45,335.65,340.20,3400,297920
2019-03-22 11:53:00,340.20,340.20,331.70,336.50,1840,297920
2019-03-22 11:54:00,336.50,341.95,334.45,341.95,1460,297920
2019-03-22 11:55:00,341.95,345.45,339.95,344.40,2300,300700
2019-03-22 11:56:00,345.90,351.65,344.35,345.55,4700,300700
2019-03-22 11:57:00,345.55,349.85,344.25,348.00,3220,300700
2019-03-22 11:58:00,348.00,349.95,341.50,348.20,1480,300760
2019-03-22 11:59:00,348.20,362.00,348.00,360.45,1200,300760
2019-03-22 12:00:00,359.90,365.00,355.45,365.00,5340,300760
2019-03-22 12:01:00,364.95,371.55,361.25,370.35,9820,300760
2019-03-22 12:02:00,367.15,369.95,360.40,361.60,2740,299000
2019-03-22 12:03:00,363.15,363.15,356.30,356.30,1820,299000
2019-03-22 12:04:00,356.30,361.20,346.65,346.65,2140,299720
2019-03-22 12:05:00,348.75,353.15,342.35,346.55,2240,299720
2019-03-22 12:06:00,346.55,348.00,344.40,346.25,580,299720
2019-03-22 12:07:00,346.25,357.20,346.25,356.05,1480,300020
2019-03-22 12:08:00,356.05,360.20,353.00,357.35,2440,300020
2019-03-22 12:09:00,357.35,367.00,355.55,367.00,2440,300020
2019-03-22 12:10:00,367.00,369.00,357.65,358.10,3200,301440
2019-03-22 12:11:00,358.10,369.20,358.10,365.35,2120,301440
2019-03-22 12:12:00,365.35,379.00,363.75,374.90,5240,301440
2019-03-22 12:13:00,374.90,375.45,366.90,370.50,5720,303940
2019-03-22 12:14:00,370.00,373.05,360.10,360.90,4040,303940
2019-03-22 12:15:00,361.25,373.65,361.25,373.65,2780,303940
2019-03-22 12:16:00,373.65,375.10,367.30,375.10,2880,303940
2019-03-22 12:17:00,375.10,375.55,362.40,364.15,4980,303340
2019-03-22 12:18:00,364.15,369.25,361.00,361.00,1420,303340
2019-03-22 12:19:00,361.00,361.15,348.85,355.70,4360,303840
2019-03-22 12:20:00,355.70,355.70,342.40,347.95,2960,303840
2019-03-22 12:21:00,347.95,352.40,344.00,351.05,1660,303840
2019-03-22 12:22:00,351.05,351.05,339.20,340.55,2480,303840
2019-03-22 12:23:00,340.55,346.80,326.15,333.35,2960,303580
2019-03-22 12:24:00,333.35,343.90,333.35,341.25,5080,303580
2019-03-22 12:25:00,341.25,341.25,336.10,339.75,1020,305020
2019-03-22 12:26:00,342.00,347.80,338.90,340.20,2340,305020
2019-03-22 12:27:00,340.20,348.05,340.20,345.00,1340,305020
2019-03-22 12:28:00,345.00,347.15,341.25,341.25,500,306000
2019-03-22 12:29:00,341.25,347.05,341.25,343.70,2580,306000
2019-03-22 12:30:00,343.70,351.90,342.90,347.95,5660,306000
2019-03-22 12:31:00,348.30,352.40,342.65,342.65,980,310080
2019-03-22 12:32:00,343.55,344.90,330.50,335.50,4160,310080
2019-03-22 12:33:00,334.95,339.00,333.25,337.95,3840,310080
2019-03-22 12:34:00,337.95,338.60,334.10,336.20,2060,312200
2019-03-22 12:35:00,336.20,338.50,318.75,324.75,8460,312200
2019-03-22 12:36:00,326.00,331.35,323.00,331.35,2780,312200
2019-03-22 12:37:00,331.35,338.35,326.85,336.30,3020,314160
2019-03-22 12:38:00,336.30,336.30,333.80,333.80,2820,314160
2019-03-22 12:39:00,333.80,337.25,331.70,333.55,560,314160
2019-03-22 12:40:00,333.55,340.95,333.55,340.95,3540,315980
2019-03-22 12:41:00,340.95,343.00,336.25,336.25,2000,315980
2019-03-22 12:42:00,336.25,345.00,336.25,341.15,2060,315980
2019-03-22 12:43:00,341.15,344.00,332.70,332.70,2600,317160
2019-03-22 12:44:00,332.70,339.75,331.00,334.35,1220,317160
2019-03-22 12:45:00,334.35,343.70,334.35,341.90,780,317160
2019-03-22 12:46:00,340.40,340.40,337.85,337.85,760,319700
2019-03-22 12:47:00,339.70,341.20,338.75,339.05,960,319700
2019-03-22 12:48:00,339.05,339.80,334.85,336.50,940,319700
2019-03-22 12:49:00,336.50,340.40,336.05,336.05,1320,321120
2019-03-22 12:50:00,336.05,336.05,333.45,335.35,180,321120
2019-03-22 12:51:00,335.35,336.00,323.20,326.25,2660,321120
2019-03-22 12:52:00,326.25,330.25,323.70,323.70,3920,323020
2019-03-22 12:53:00,323.70,323.70,308.70,320.75,9480,323020
2019-03-22 12:54:00,320.75,324.80,319.15,322.85,3460,323020
2019-03-22 12:55:00,322.85,322.85,296.55,300.60,11640,323840
2019-03-22 12:56:00,300.60,305.40,298.00,299.50,7720,323840
2019-03-22 12:57:00,299.50,300.50,289.20,295.00,10500,323840
2019-03-22 12:58:00,295.00,302.40,291.55,299.30,11020,327400
2019-03-22 12:59:00,299.30,301.25,290.60,295.65,1320,327400
2019-03-22 13:00:00,293.35,298.65,285.10,285.20,4640,327400
2019-03-22 13:01:00,283.50,290.00,279.20,281.60,5600,327540
2019-03-22 13:02:00,281.10,284.30,269.05,272.00,11480,327540
2019-03-22 13:03:00,274.15,282.35,273.50,282.00,5240,327540
2019-03-22 13:04:00,283.00,299.55,283.00,297.00,4560,328060
2019-03-22 13:05:00,296.00,296.00,289.95,291.25,2560,328060
2019-03-22 13:06:00,291.25,295.00,284.60,295.00,5640,328060
2019-03-22 13:07:00,295.00,299.85,293.65,297.00,2440,330640
2019-03-22 13:08:00,297.00,297.00,290.10,292.00,2440,330640
2019-03-22 13:09:00,290.40,295.20,286.65,287.10,2220,330640
2019-03-22 13:10:00,287.00,287.00,270.00,275.60,11580,333060
2019-03-22 13:11:00,275.60,280.55,272.50,279.65,7120,333060
2019-03-22 13:12:00,279.65,290.55,277.90,285.35,4760,333060
2019-03-22 13:13:00,285.35,295.00,285.35,294.00,2120,333060
2019-03-22 13:14:00,294.00,296.85,292.00,292.40,1380,331800
2019-03-22 13:15:00,292.40,299.30,292.40,294.25,2780,331800
2019-03-22 13:16:00,294.25,294.50,290.00,292.00,560,331800
2019-03-22 13:17:00,290.75,291.50,277.45,278.30,5260,330420
2019-03-22 13:18:00,279.90,284.65,270.95,282.60,6640,330420
2019-03-22 13:19:00,283.50,285.00,278.25,284.70,1700,330420
2019-03-22 13:20:00,287.00,287.00,281.15,281.15,3280,329280
2019-03-22 13:21:00,281.15,290.00,281.15,290.00,1380,329280
2019-03-22 13:22:00,290.00,294.00,287.40,290.40,3820,332220
2019-03-22 13:23:00,290.00,297.90,290.00,293.85,1720,332220
2019-03-22 13:24:00,290.95,292.70,288.00,288.00,760,332220
2019-03-22 13:25:00,288.00,292.20,283.15,285.00,1720,332220
2019-03-22 13:26:00,285.00,287.45,280.00,284.00,540,331900
2019-03-22 13:27:00,284.00,289.00,282.00,289.00,1360,331900
2019-03-22 13:28:00,289.00,300.00,289.00,300.00,4220,334500
2019-03-22 13:29:00,300.00,315.00,295.00,312.90,12460,334500
2019-03-22 13:30:00,313.45,328.05,311.05,322.10,10460,334500
2019-03-22 13:31:00,321.10,321.45,313.20,318.40,6500,334500
2019-03-22 13:32:00,318.40,318.40,307.05,308.75,2880,327960
2019-03-22 13:33:00,308.75,309.90,300.50,305.05,1860,327960
2019-03-22 13:34:00,302.45,304.35,288.55,298.00,6920,328120
2019-03-22 13:35:00,298.00,299.00,293.00,296.05,1200,328120
2019-03-22 13:36:00,296.05,296.05,290.00,290.00,1240,328120
2019-03-22 13:37:00,287.00,296.45,285.30,296.45,4100,329240
2019-03-22 13:38:00,295.65,305.30,295.65,296.85,1760,329240
2019-03-22 13:39:00,296.85,297.00,294.00,294.00,1020,329240
2019-03-22 13:40:00,294.00,307.25,294.00,307.25,1800,329240
2019-03-22 13:41:00,307.25,310.05,299.65,302.85,5420,327820
2019-03-22 13:42:00,302.85,304.05,295.00,295.95,2200,327820
2019-03-22 13:43:00,295.95,295.95,285.25,292.65,2200,328680
2019-03-22 13:44:00,292.65,292.65,284.00,288.90,1460,328680
2019-03-22 13:45:00,288.90,302.75,288.90,296.55,2020,328680
2019-03-22 13:46:00,296.55,302.75,296.45,298.35,2400,328680
2019-03-22 13:47:00,298.35,304.55,294.90,304.55,1480,327980
2019-03-22 13:48:00,304.45,320.35,304.45,312.80,5780,327980
2019-03-22 13:49:00,314.30,320.00,310.55,310.55,2720,327980
2019-03-22 13:50:00,310.00,319.75,305.85,318.00,2140,327000
2019-03-22 13:51:00,318.00,318.00,308.10,309.90,2000,327000
2019-03-22 13:52:00,309.90,311.60,308.15,309.00,1200,327000
2019-03-22 13:53:00,308.00,308.00,301.65,307.00,2780,324840
2019-03-22 13:54:00,307.00,307.00,295.00,295.00,1140,324840
2019-03-22 13:55:00,292.95,299.20,292.95,297.40,760,325240
2019-03-22 13:56:00,297.00,303.15,297.00,302.00,580,325240
2019-03-22 13:57:00,302.00,307.45,301.00,303.60,660,325240
2019-03-22 13:58:00,305.90,305.90,295.00,295.65,1240,325240
2019-03-22 13:59:00,295.65,302.00,295.65,300.15,1640,325100
2019-03-22 14:00:00,300.15,316.00,300.15,316.00,2560,325100
2019-03-22 14:01:00,316.60,339.15,312.70,338.75,10460,325400
2019-03-22 14:02:00,336.50,352.00,336.50,342.00,5800,325400
2019-03-22 14:03:00,342.45,350.00,339.05,344.70,4360,325400
2019-03-22 14:04:00,344.70,359.90,342.95,359.90,8740,325400
2019-03-22 14:05:00,360.00,372.35,359.45,367.95,14960,318680
2019-03-22 14:06:00,365.05,381.10,357.60,379.40,11460,318680
2019-03-22 14:07:00,378.60,380.00,350.00,357.00,12340,318680
2019-03-22 14:08:00,355.00,364.00,348.60,351.90,9040,313100
2019-03-22 14:09:00,351.25,353.30,343.00,343.00,7360,313100
2019-03-22 14:10:00,348.65,374.05,347.90,373.75,4060,313100
2019-03-22 14:11:00,377.00,380.35,360.05,363.30,5760,307520
2019-03-22 14:12:00,363.30,363.30,351.20,359.75,2080,307520
2019-03-22 14:13:00,359.75,370.00,355.00,368.70,2120,307520
2019-03-22 14:14:00,368.70,372.00,358.05,372.00,7340,303280
2019-03-22 14:15:00,371.40,409.75,368.50,406.00,17760,303280
2019-03-22 14:16:00,405.90,429.85,400.90,422.45,17140,303280
2019-03-22 14:17:00,422.45,422.45,398.70,399.90,6100,299940
2019-03-22 14:18:00,401.65,403.00,381.10,383.45,3980,299940
2019-03-22 14:19:00,383.45,400.00,378.25,392.80,5380,299940
2019-03-22 14:20:00,394.90,408.00,392.85,403.55,800,297060
2019-03-22 14:21:00,393.70,400.00,381.80,400.00,3460,297060
2019-03-22 14:22:00,399.30,412.65,395.00,410.35,9380,297060
2019-03-22 14:23:00,410.35,430.00,407.00,426.50,8400,294680
2019-03-22 14:24:00,430.00,431.30,414.75,420.60,8600,294680
2019-03-22 14:25:00,419.20,454.00,419.20,450.00,19880,294680
2019-03-22 14:26:00,447.45,447.45,430.35,441.95,4380,285880
2019-03-22 14:27:00,439.25,447.40,437.15,437.60,1720,285880
2019-03-22 14:28:00,437.60,441.95,425.00,433.50,2260,287240
2019-03-22 14:29:00,429.00,429.00,396.30,410.40,13580,287240
2019-03-22 14:30:00,410.40,430.00,407.95,423.85,4220,287240
2019-03-22 14:31:00,423.85,428.70,415.00,415.00,2280,287240
2019-03-22 14:32:00,415.00,424.65,408.75,420.05,840,284300
2019-03-22 14:33:00,415.00,415.00,399.85,402.00,3440,284300
2019-03-22 14:34:00,399.95,412.00,399.95,410.00,940,284300
2019-03-22 14:35:00,407.05,424.50,407.00,424.50,3280,283200
2019-03-22 14:36:00,425.00,425.00,409.40,409.40,2360,283200
2019-03-22 14:37:00,409.40,416.20,402.85,402.85,4260,283200
2019-03-22 14:38:00,403.60,412.85,401.00,404.25,3060,281680
2019-03-22 14:39:00,404.25,413.90,400.90,404.35,3180,281680
2019-03-22 14:40:00,404.35,409.95,404.35,407.45,2760,283580
2019-03-22 14:41:00,407.45,418.75,407.45,409.40,2780,283580
2019-03-22 14:42:00,411.90,415.00,404.00,404.00,3600,283580
2019-03-22 14:43:00,404.00,417.30,404.00,406.70,4060,283580
2019-03-22 14:44:00,406.70,406.70,389.90,393.65,3520,282800
2019-03-22 14:45:00,388.30,399.00,378.75,399.00,3920,282800
2019-03-22 14:46:00,399.00,408.00,394.95,405.00,6900,282800
2019-03-22 14:47:00,408.00,415.00,406.55,407.10,3820,281600
2019-03-22 14:48:00,407.15,412.00,407.00,407.00,4060,281600
2019-03-22 14:49:00,407.00,410.00,402.55,409.80,4920,284420
2019-03-22 14:50:00,409.80,414.50,407.00,408.20,3500,284420
2019-03-22 14:51:00,408.20,429.50,408.20,428.65,3980,284420
2019-03-22 14:52:00,428.60,435.60,423.60,423.60,9580,284420
2019-03-22 14:53:00,422.25,425.45,405.10,408.10,4940,279700
2019-03-22 14:54:00,408.10,414.90,407.10,407.90,1900,279700
2019-03-22 14:55:00,407.90,417.60,407.90,415.00,3380,279700
2019-03-22 14:56:00,415.00,415.00,401.05,401.05,4240,277740
2019-03-22 14:57:00,401.05,407.45,401.05,406.40,1100,277740
2019-03-22 14:58:00,406.40,411.00,400.05,411.00,1120,278300
2019-03-22 14:59:00,411.00,421.75,411.00,418.00,2140,278300
2019-03-22 15:00:00,418.00,428.00,411.65,411.65,2800,278300
2019-03-22 15:01:00,405.15,416.00,404.75,416.00,1180,278300
2019-03-22 15:02:00,421.15,425.60,410.05,425.60,2360,276960
2019-03-22 15:03:00,425.60,451.85,425.00,451.10,8240,276960
2019-03-22 15:04:00,451.10,451.10,438.10,443.00,6140,276960
2019-03-22 15:05:00,443.00,472.65,443.00,470.30,7160,274520
2019-03-22 15:06:00,464.55,485.00,464.55,477.55,6160,274520
2019-03-22 15:07:00,477.55,482.60,472.95,478.00,5180,274520
2019-03-22 15:08:00,478.00,494.50,478.00,494.20,10740,268980
2019-03-22 15:09:00,490.15,490.15,471.00,480.40,3920,268980
2019-03-22 15:10:00,479.90,479.90,455.05,458.00,4540,268980
2019-03-22 15:11:00,458.00,461.75,443.10,450.00,10760,267920
2019-03-22 15:12:00,450.00,454.90,446.05,453.70,4260,267920
2019-03-22 15:13:00,453.70,464.05,451.15,452.35,5160,267920
2019-03-22 15:14:00,450.05,451.60,439.30,441.00,8460,265940
2019-03-22 15:15:00,440.95,449.00,438.00,438.00,4180,265940
2019-03-22 15:16:00,437.65,445.25,427.90,438.10,8740,265940
2019-03-22 15:17:00,438.10,438.10,421.00,421.00,2980,260240
2019-03-22 15:18:00,421.00,433.15,418.35,428.30,6880,260240
2019-03-22 15:19:00,428.30,429.85,416.35,417.50,3120,260240
2019-03-22 15:20:00,417.50,434.00,415.00,429.00,5120,254980
2019-03-22 15:21:00,425.00,432.00,423.20,427.90,940,254980
2019-03-22 15:22:00,427.90,427.95,423.60,424.00,580,254980
2019-03-22 15:23:00,424.00,439.00,424.00,439.00,3440,251220
2019-03-22 15:24:00,439.00,439.00,433.95,438.95,2880,251220
2019-03-22 15:25:00,438.95,439.00,433.60,437.30,3680,251220
2019-03-22 15:26:00,435.60,436.75,429.40,434.45,9580,246220
2019-03-22 15:27:00,434.45,434.45,430.70,431.00,5140,246220
2019-03-22 15:28:00,431.95,432.00,424.15,426.30,8840,246220
2019-03-22 15:29:01,426.60,432.00,421.10,422.00,2480,237540
2019-03-25 09:15:00,603.00,665.20,603.00,655.00,5640,231980
2019-03-25 09:16:00,655.00,690.00,655.00,689.00,4580,231980
2019-03-25 09:17:00,688.00,699.50,684.00,690.00,4780,231980
2019-03-25 09:18:00,687.10,709.20,683.30,697.35,4000,226900
2019-03-25 09:19:00,702.00,709.90,697.25,697.95,1760,226900
2019-03-25 09:20:00,697.95,732.05,697.95,722.55,5860,226900
2019-03-25 09:21:00,722.55,722.55,700.00,700.00,1040,223560
2019-03-25 09:22:00,700.00,704.45,691.50,694.45,2800,223560
2019-03-25 09:23:00,694.45,705.00,690.35,705.00,780,223560
2019-03-25 09:24:00,705.00,706.00,698.10,700.65,860,222000
2019-03-25 09:25:00,704.20,712.35,702.50,704.70,2520,222000
2019-03-25 09:26:00,701.10,705.65,691.00,696.95,1960,222000
2019-03-25 09:27:00,696.95,700.00,692.30,692.50,780,219660
2019-03-25 09:28:00,691.00,700.10,691.00,698.20,2920,219660
2019-03-25 09:29:00,700.10,705.00,692.50,692.50,300,219660
2019-03-25 09:30:00,692.50,694.95,684.60,687.45,1680,216880
2019-03-25 09:31:00,687.45,695.30,686.50,687.90,980,216880
2019-03-25 09:32:00,687.90,690.00,681.00,685.00,1060,216880
2019-03-25 09:33:00,685.00,700.00,677.00,700.00,740,214440
2019-03-25 09:34:00,700.00,714.45,700.00,710.00,940,214440
2019-03-25 09:35:00,710.00,734.50,710.00,729.50,2460,214440
2019-03-25 09:36:00,729.50,730.25,724.50,730.25,740,212500
2019-03-25 09:37:00,730.25,730.25,720.00,720.00,300,212500
2019-03-25 09:38:00,720.00,726.45,720.00,726.45,280,212500
2019-03-25 09:39:00,726.45,726.45,713.30,713.30,80,210740
2019-03-25 09:40:00,713.30,713.30,704.00,704.55,380,210740
2019-03-25 09:41:00,704.55,713.55,700.00,700.00,1600,210740
2019-03-25 09:42:00,697.20,700.95,691.80,700.95,120,210740
2019-03-25 09:43:00,700.95,705.30,700.95,704.40,240,209120
2019-03-25 09:44:00,704.40,714.00,704.40,714.00,180,209120
2019-03-25 09:45:00,714.00,720.00,712.60,720.00,280,208800
2019-03-25 09:46:00,720.00,720.00,706.95,706.95,180,208800
2019-03-25 09:47:00,706.95,706.95,700.00,700.00,180,208800
2019-03-25 09:48:00,700.00,705.50,695.00,695.00,160,208540
2019-03-25 09:49:00,695.00,707.00,695.00,707.00,160,208540
2019-03-25 09:50:00,707.00,707.00,707.00,707.00,0,208540
2019-03-25 09:51:00,707.00,707.00,695.00,695.00,900,208320
2019-03-25 09:52:00,695.00,698.00,690.05,698.00,2680,208320
2019-03-25 09:53:00,698.00,706.00,698.00,706.00,80,208320
2019-03-25 09:54:00,706.00,715.00,706.00,715.00,80,208320
2019-03-25 09:55:00,710.00,715.20,710.00,714.00,1140,207840
2019-03-25 09:56:00,714.00,714.00,698.30,702.05,4120,207840
2019-03-25 09:57:00,702.05,702.05,684.20,689.95,4160,203580
2019-03-25 09:58:00,687.45,694.70,675.40,679.85,4980,203580
2019-03-25 09:59:00,679.85,682.15,671.10,682.15,700,203580
2019-03-25 10:00:00,682.15,690.10,682.15,690.10,980,200160
2019-03-25 10:01:00,689.40,689.40,670.10,670.10,1380,200160
2019-03-25 10:02:00,670.10,684.95,670.00,684.25,3380,200160
2019-03-25 10:03:00,685.00,688.65,681.90,682.70,2920,197980
2019-03-25 10:04:00,682.70,682.70,668.45,673.65,400,197980
2019-03-25 10:05:00,673.65,679.80,673.65,675.00,340,197980
2019-03-25 10:06:00,675.00,675.00,664.25,670.00,380,197820
2019-03-25 10:07:00,670.00,670.00,662.50,662.50,300,197820
2019-03-25 10:08:00,662.50,675.80,662.10,673.70,480,197820
2019-03-25 10:09:00,673.70,685.00,673.70,685.00,1020,197820
2019-03-25 10:10:00,685.00,698.00,685.00,695.00,1540,197100
2019-03-25 10:11:00,695.00,696.75,686.25,696.75,1460,197100
2019-03-25 10:12:00,691.95,696.40,691.45,693.00,980,196780
2019-03-25 10:13:00,695.00,695.00,681.45,681.45,600,196780
2019-03-25 10:14:00,679.35,680.40,675.45,680.00,540,196780
2019-03-25 10:15:00,680.00,682.35,673.75,674.00,940,195860
2019-03-25 10:16:00,674.00,681.70,666.75,681.70,1000,195860
2019-03-25 10:17:00,681.70,682.00,672.70,682.00,1260,195860
2019-03-25 10:18:00,682.00,683.05,674.05,677.05,1440,195460
2019-03-25 10:19:00,677.05,681.10,675.10,675.10,340,195460
2019-03-25 10:20:00,675.10,680.90,672.00,680.90,1060,195460
2019-03-25 10:21:00,680.90,680.90,672.35,672.35,320,195260
2019-03-25 10:22:00,672.35,675.00,655.00,659.60,1220,195260
2019-03-25 10:23:00,660.55,664.00,660.55,663.80,1100,195260
2019-03-25 10:24:00,663.80,664.00,663.75,663.75,40,195260
2019-03-25 10:25:00,663.75,674.75,663.75,671.50,160,196140
2019-03-25 10:26:00,671.50,681.00,671.50,681.00,100,196140
2019-03-25 10:27:00,681.00,687.00,681.00,687.00,240,195860
2019-03-25 10:28:00,687.00,690.00,687.00,690.00,100,195860
2019-03-25 10:29:00,690.00,695.00,690.00,695.00,140,195860
2019-03-25 10:30:00,695.00,704.70,688.55,701.75,480,195800
2019-03-25 10:31:00,701.75,701.75,701.75,701.75,0,195800
2019-03-25 10:32:00,701.75,701.75,685.90,686.75,260,195800
2019-03-25 10:33:00,686.75,686.75,686.75,686.75,0,195800
2019-03-25 10:34:00,686.75,695.40,686.75,692.80,2600,195760
2019-03-25 10:35:00,692.80,695.10,685.00,685.00,560,195760
2019-03-25 10:36:00,685.00,685.00,675.45,676.65,1140,196300
2019-03-25 10:37:00,676.65,680.45,676.65,680.45,1420,196300
2019-03-25 10:38:00,680.45,684.75,675.20,684.75,300,196300
2019-03-25 10:39:00,684.75,684.75,675.45,675.45,100,196300
2019-03-25 10:40:00,675.45,675.45,675.00,675.00,60,196200
2019-03-25 10:41:00,675.00,683.60,675.00,683.60,200,196200
2019-03-25 10:42:00,683.60,683.60,678.50,680.00,240,196080
2019-03-25 10:43:00,680.00,680.00,675.00,680.00,160,196080
2019-03-25 10:44:00,680.00,680.00,666.70,668.00,200,196080
2019-03-25 10:45:00,668.00,668.00,654.35,660.00,500,196060
2019-03-25 10:46:00,660.00,664.30,660.00,664.30,80,196060
2019-03-25 10:47:00,664.30,673.00,664.30,673.00,220,196060
2019-03-25 10:48:00,673.00,673.00,668.60,668.60,20,195580
2019-03-25 10:49:00,668.60,679.00,668.60,679.00,140,195580
2019-03-25 10:50:00,679.00,685.00,676.60,685.00,260,195580
2019-03-25 10:51:00,685.00,685.00,676.20,676.20,40,195300
2019-03-25 10:52:00,676.20,679.50,676.20,679.50,20,195300
2019-03-25 10:53:00,679.50,679.50,679.50,679.50,0,195300
2019-03-25 10:54:00,679.50,679.50,679.50,679.50,0,195300
2019-03-25 10:55:00,679.50,679.50,666.75,671.20,20,195300
2019-03-25 10:56:00,671.20,671.20,666.50,666.60,40,195300
2019-03-25 10:57:00,666.60,666.60,666.60,666.60,0,195300
2019-03-25 10:58:00,666.60,666.60,666.60,666.60,0,195300
2019-03-25 10:59:00,666.60,670.50,666.60,670.50,20,195300
2019-03-25 11:00:00,670.50,673.00,670.50,673.00,420,195320
2019-03-25 11:01:00,675.50,685.00,675.50,684.80,200,195320
2019-03-25 11:02:00,684.80,684.80,684.80,684.80,0,195320
2019-03-25 11:03:00,684.80,684.80,684.80,684.80,0,195320
2019-03-25 11:04:00,684.80,684.80,672.25,672.25,20,195560
2019-03-25 11:05:00,672.25,674.00,667.95,674.00,60,195560
2019-03-25 11:06:00,674.00,674.00,667.95,667.95,100,195600
2019-03-25 11:07:00,667.95,669.05,667.00,669.05,40,195600
2019-03-25 11:08:00,669.05,679.25,669.05,679.00,100,195600
2019-03-25 11:09:00,679.00,690.40,679.00,685.00,2040,195620
2019-03-25 11:10:00,685.00,687.75,685.00,685.30,1740,195620
2019-03-25 11:11:00,685.25,689.00,685.05,689.00,840,195620
2019-03-25 11:12:00,689.00,690.00,685.00,690.00,2880,195340
2019-03-25 11:13:00,690.00,708.05,690.00,698.40,520,195340
2019-03-25 11:14:00,698.40,703.90,696.90,700.00,120,195340
2019-03-25 11:15:00,700.00,714.00,700.00,714.00,340,195060
2019-03-25 11:16:00,714.00,714.00,702.00,702.00,640,195060
2019-03-25 11:17:00,702.00,703.40,700.40,701.00,940,195060
2019-03-25 11:18:00,701.65,701.80,697.50,697.50,5960,195060
2019-03-25 11:19:00,697.50,700.00,697.00,697.00,3400,194940
2019-03-25 11:20:00,697.00,701.90,695.85,695.85,4640,194940
2019-03-25 11:21:00,695.85,695.85,694.00,694.70,1420,195660
2019-03-25 11:22:00,694.70,698.00,694.00,698.00,1320,195660
2019-03-25 11:23:00,698.00,702.00,694.70,699.60,1040,195660
2019-03-25 11:24:00,699.60,705.75,696.45,696.45,1520,193400
2019-03-25 11:25:00,696.45,718.55,696.45,718.55,680,193400
2019-03-25 11:26:00,718.55,718.55,705.00,705.05,100,193400
2019-03-25 11:27:00,705.05,717.40,702.50,712.25,260,192880
2019-03-25 11:28:00,712.25,718.50,707.35,710.00,780,192880
2019-03-25 11:29:00,710.00,710.00,705.00,708.90,560,192880
2019-03-25 11:30:00,708.90,708.90,706.00,706.00,120,192880
2019-03-25 11:31:00,706.00,706.00,706.00,706.00,0,192880
2019-03-25 11:32:00,706.00,706.00,700.00,700.00,40,192060
2019-03-25 11:33:00,700.00,702.85,699.15,702.85,60,192060
2019-03-25 11:34:00,702.85,702.85,702.40,702.40,20,192060
2019-03-25 11:35:00,702.40,711.00,702.40,711.00,20,192060
2019-03-25 11:36:00,711.00,711.00,711.00,711.00,0,192060
2019-03-25 11:37:00,711.00,715.80,711.00,715.80,100,192020
2019-03-25 11:38:00,715.80,715.80,715.80,715.80,0,192020
2019-03-25 11:39:00,715.80,715.80,705.30,705.30,20,191940
2019-03-25 11:40:00,705.30,705.30,705.30,705.30,0,191940
2019-03-25 11:41:00,705.30,709.90,705.30,709.90,20,191940
2019-03-25 11:42:00,709.90,710.10,709.90,710.00,40,191960
2019-03-25 11:43:00,710.00,710.00,710.00,710.00,0,191960
2019-03-25 11:44:00,710.00,710.00,707.00,707.00,40,191960
2019-03-25 11:45:00,707.00,707.00,707.00,707.00,0,191960
2019-03-25 11:46:00,707.00,707.00,707.00,707.00,0,191960
2019-03-25 11:47:00,707.00,707.00,684.40,687.60,780,191960
2019-03-25 11:48:00,687.60,687.60,682.80,687.20,160,191840
2019-03-25 11:49:00,687.20,690.00,687.20,690.00,20,191840
2019-03-25 11:50:00,690.00,690.00,686.25,686.25,20,191840
2019-03-25 11:51:00,686.25,686.25,668.00,668.00,180,191840
2019-03-25 11:52:00,668.00,681.35,668.00,677.60,220,191840
2019-03-25 11:53:00,677.60,684.00,677.60,684.00,40,191840
2019-03-25 11:54:00,684.00,684.00,680.00,680.00,140,191920
2019-03-25 11:55:00,680.00,680.00,680.00,680.00,0,191920
2019-03-25 11:56:00,680.00,692.00,680.00,692.00,1060,191920
2019-03-25 11:57:00,688.60,688.60,684.90,687.55,2180,192020
2019-03-25 11:58:00,687.55,691.15,687.10,689.40,480,192020
2019-03-25 11:59:00,689.40,692.00,689.40,692.00,0,192020
2019-03-25 12:00:00,692.00,692.00,692.00,692.00,0,192020
2019-03-25 12:01:00,692.00,692.00,684.00,688.40,1020,191560
2019-03-25 12:02:00,688.40,688.40,680.00,680.00,80,191560
2019-03-25 12:03:00,680.00,680.00,675.10,675.10,20,190560
2019-03-25 12:04:00,675.10,675.10,673.00,673.00,20,190560
2019-03-25 12:05:00,673.00,684.60,673.00,684.15,140,190560
2019-03-25 12:06:00,684.15,684.15,681.10,681.10,20,190540
2019-03-25 12:07:00,681.10,681.10,681.10,681.10,0,190540
2019-03-25 12:08:00,681.10,699.00,681.10,699.00,100,190540
2019-03-25 12:09:00,699.00,703.20,699.00,703.20,40,190540
2019-03-25 12:10:00,703.20,703.20,703.20,703.20,0,190440
2019-03-25 12:11:00,703.20,708.50,703.20,708.50,40,190440
2019-03-25 12:12:00,708.50,754.00,708.50,742.70,2220,190340
2019-03-25 12:13:00,742.70,745.95,738.00,738.00,380,190340
2019-03-25 12:14:00,738.00,743.95,732.45,732.45,120,190340
2019-03-25 12:15:00,733.95,737.00,730.00,730.00,3220,190200
2019-03-25 12:16:00,730.00,730.00,730.00,730.00,200,190200
2019-03-25 12:17:00,728.00,728.00,723.00,723.00,180,190200
2019-03-25 12:18:00,723.00,723.00,714.50,714.50,3680,190120
2019-03-25 12:19:00,714.50,725.35,714.50,725.35,240,190120
2019-03-25 12:20:00,725.35,725.35,722.10,722.10,20,190120
2019-03-25 12:21:00,722.10,722.10,712.55,712.55,140,189880
2019-03-25 12:22:00,712.55,722.60,712.55,722.60,400,189880
2019-03-25 12:23:00,722.60,722.60,716.35,722.50,60,189880
2019-03-25 12:24:00,722.50,723.20,718.00,720.20,80,189800
2019-03-25 12:25:00,720.20,726.00,720.00,722.85,180,189800
2019-03-25 12:26:00,722.85,723.95,722.00,723.95,60,189800
2019-03-25 12:27:00,723.95,723.95,723.95,723.95,0,189800
2019-03-25 12:28:00,723.95,723.95,719.85,719.85,20,189780
2019-03-25 12:29:00,719.85,719.85,714.00,718.95,180,189780
2019-03-25 12:30:00,718.95,719.00,705.95,716.05,1320,189780
2019-03-25 12:31:00,716.05,719.00,711.45,719.00,220,189780
2019-03-25 12:32:00,719.00,719.00,719.00,719.00,0,189780
2019-03-25 12:33:00,719.00,719.00,717.05,717.05,60,189780
2019-03-25 12:34:00,717.05,717.05,716.95,716.95,20,189840
2019-03-25 12:35:00,716.95,716.95,706.50,706.50,100,189840
2019-03-25 12:36:00,706.50,708.70,705.95,708.70,80,189840
2019-03-25 12:37:00,708.55,711.80,708.35,708.55,540,189840
2019-03-25 12:38:00,708.55,708.55,705.00,705.00,100,189840
2019-03-25 12:39:00,705.00,705.00,695.50,699.25,240,189880
2019-03-25 12:40:00,699.25,704.05,699.25,704.05,20,189880
2019-03-25 12:41:00,704.05,705.60,701.40,705.00,100,189880
2019-03-25 12:42:00,705.00,705.00,701.05,703.60,80,189880
2019-03-25 12:43:00,703.60,704.95,698.00,701.75,160,189720
2019-03-25 12:44:00,701.75,701.75,698.00,700.00,260,189720
2019-03-25 12:45:00,700.00,707.30,700.00,704.30,140,189680
2019-03-25 12:46:00,703.60,703.95,703.60,703.95,20,189680
2019-03-25 12:47:00,703.95,710.00,703.95,710.00,160,189680
2019-03-25 12:48:00,710.00,710.00,710.00,710.00,0,189680
2019-03-25 12:49:00,710.00,719.20,710.00,719.20,240,189680
2019-03-25 12:50:00,719.20,723.05,713.75,713.75,120,189680
2019-03-25 12:51:00,713.75,713.75,706.15,706.15,40,189680
2019-03-25 12:52:00,706.15,706.15,702.00,702.00,20,189680
2019-03-25 12:53:00,702.00,702.00,702.00,702.00,0,189680
2019-03-25 12:54:00,702.00,720.00,702.00,717.05,40,189680
2019-03-25 12:55:00,717.05,717.05,717.05,717.05,0,189680
2019-03-25 12:56:00,717.05,717.05,717.05,717.05,0,189680
2019-03-25 12:57:00,717.05,717.05,717.05,717.05,0,189680
2019-03-25 12:58:00,717.05,717.05,717.05,717.05,0,189680
2019-03-25 12:59:00,717.05,717.05,708.00,708.00,460,189680
2019-03-25 13:00:00,708.00,708.00,708.00,708.00,100,189680
2019-03-25 13:01:00,708.00,712.30,708.00,712.30,100,189380
2019-03-25 13:02:00,712.30,712.30,712.30,712.30,0,189380
2019-03-25 13:03:00,712.30,720.15,712.30,720.15,280,189440
2019-03-25 13:04:00,720.15,721.00,720.15,721.00,20,189440
2019-03-25 13:05:00,721.00,721.00,721.00,721.00,0,189440
2019-03-25 13:06:00,721.00,721.00,721.00,721.00,0,189440
2019-03-25 13:07:00,721.00,721.00,721.00,721.00,0,189440
2019-03-25 13:08:00,721.00,721.00,721.00,721.00,0,189440
2019-03-25 13:09:00,721.00,721.00,721.00,721.00,0,189440
2019-03-25 13:10:00,721.00,721.00,721.00,721.00,0,189440
2019-03-25 13:11:00,721.00,721.00,688.20,695.00,540,189340
2019-03-25 13:12:00,695.00,695.00,688.00,688.00,80,189340
2019-03-25 13:13:00,688.00,689.00,684.70,689.00,380,189200
2019-03-25 13:14:00,689.00,696.25,681.75,696.25,160,189200
2019-03-25 13:15:00,696.25,696.25,696.25,696.25,0,189200
2019-03-25 13:16:00,696.25,696.25,696.25,696.25,0,189200
2019-03-25 13:17:00,696.25,696.25,696.25,696.25,0,189200
2019-03-25 13:18:00,696.25,708.60,696.25,708.60,120,189240
2019-03-25 13:19:00,708.60,708.60,705.20,705.20,20,189240
2019-03-25 13:20:00,705.20,710.00,705.20,710.00,60,189240
2019-03-25 13:21:00,710.00,710.00,710.00,710.00,0,189240
2019-03-25 13:22:00,710.00,714.55,710.00,711.55,60,189200
2019-03-25 13:23:00,711.55,712.90,711.55,712.90,20,189200
2019-03-25 13:24:00,712.90,753.50,712.90,753.50,920,189200
2019-03-25 13:25:00,753.50,757.05,737.40,737.40,1760,189180
2019-03-25 13:26:00,737.40,741.65,737.40,738.35,380,189180
2019-03-25 13:27:00,738.35,738.35,725.00,725.00,260,189140
2019-03-25 13:28:00,725.00,725.00,725.00,725.00,60,189140
2019-03-25 13:29:00,725.00,725.00,725.00,725.00,0,189140
2019-03-25 13:30:00,725.00,725.00,718.95,719.45,1380,188760
2019-03-25 13:31:00,719.45,719.45,711.00,711.00,80,188760
2019-03-25 13:32:00,711.00,711.00,700.00,700.75,200,188760
2019-03-25 13:33:00,700.75,713.90,700.75,710.90,80,188760
2019-03-25 13:34:00,710.90,712.00,707.55,710.90,440,188720
2019-03-25 13:35:00,710.90,710.90,710.40,710.40,40,188720
2019-03-25 13:36:00,710.40,712.25,710.40,712.25,100,188720
2019-03-25 13:37:00,712.25,723.25,711.10,723.25,80,188580
2019-03-25 13:38:00,723.25,723.25,715.90,715.90,20,188580
2019-03-25 13:39:00,715.90,715.90,712.75,712.75,20,188580
2019-03-25 13:40:00,712.75,712.75,710.00,710.00,20,188540
2019-03-25 13:41:00,710.00,710.35,710.00,710.35,140,188540
2019-03-25 13:42:00,710.35,710.35,710.35,710.35,0,188540
2019-03-25 13:43:00,710.35,710.35,700.45,700.45,40,188580
2019-03-25 13:44:00,700.45,700.45,694.85,694.85,140,188580
2019-03-25 13:45:00,694.85,698.00,694.85,698.00,40,188580
2019-03-25 13:46:00,698.00,698.00,690.00,690.00,120,188480
2019-03-25 13:47:00,690.00,690.00,649.00,667.20,2740,188480
2019-03-25 13:48:00,667.20,667.45,654.60,661.50,340,187920
2019-03-25 13:49:00,661.50,680.00,661.50,678.00,60,187920
2019-03-25 13:50:00,678.00,689.00,671.00,689.00,240,187920
2019-03-25 13:51:00,689.00,689.00,689.00,689.00,0,187920
2019-03-25 13:52:00,689.00,690.00,682.00,690.00,320,187760
2019-03-25 13:53:00,690.00,690.00,685.00,689.90,260,187760
2019-03-25 13:54:00,689.90,689.90,689.90,689.90,0,187760
2019-03-25 13:55:00,689.90,689.90,688.90,688.90,80,187760
2019-03-25 13:56:00,688.90,713.10,688.90,705.00,640,187320
2019-03-25 13:57:00,705.00,711.00,702.80,702.80,80,187160
2019-03-25 13:58:00,702.80,710.00,702.80,710.00,60,187160
2019-03-25 13:59:00,710.00,710.00,700.65,700.65,20,187160
2019-03-25 14:00:00,700.65,700.65,700.00,700.65,60,187140
2019-03-25 14:01:00,700.65,730.00,700.65,730.00,80,187140
2019-03-25 14:02:00,730.00,738.25,730.00,736.65,260,187140
2019-03-25 14:03:00,736.65,740.00,736.65,740.00,740,187120
2019-03-25 14:04:00,740.00,742.10,736.00,736.00,420,187120
2019-03-25 14:05:00,736.00,736.00,726.35,726.35,20,187120
2019-03-25 14:06:00,726.35,726.35,715.60,715.60,40,187660
2019-03-25 14:07:00,715.60,715.60,715.60,715.60,0,187660
2019-03-25 14:08:00,715.60,715.60,706.95,706.95,100,187660
2019-03-25 14:09:00,706.00,706.00,698.00,700.00,260,187660
2019-03-25 14:10:00,700.00,712.50,700.00,712.50,520,187660
2019-03-25 14:11:00,712.50,712.50,712.50,712.50,0,187660
2019-03-25 14:12:00,712.50,712.95,710.00,712.95,460,187660
2019-03-25 14:13:00,712.95,715.00,709.00,715.00,20,186820
2019-03-25 14:14:00,715.00,717.00,714.00,717.00,60,186820
2019-03-25 14:15:00,717.00,724.00,717.00,724.00,20,186820
2019-03-25 14:16:00,724.00,724.00,724.00,724.00,0,186800
2019-03-25 14:17:00,724.00,724.00,724.00,724.00,0,186800
2019-03-25 14:18:00,724.00,724.90,720.80,720.95,60,186800
2019-03-25 14:19:00,720.95,720.95,720.95,720.95,0,186800
2019-03-25 14:20:00,720.95,729.00,720.00,720.00,120,186800
2019-03-25 14:21:00,720.00,738.00,720.00,738.00,140,186900
2019-03-25 14:22:00,738.00,738.00,738.00,738.00,0,186900
2019-03-25 14:23:00,738.00,760.00,738.00,738.00,2280,186900
2019-03-25 14:24:00,738.00,747.00,738.00,747.00,120,188720
2019-03-25 14:25:00,747.00,748.20,740.05,740.05,580,188720
2019-03-25 14:26:00,740.05,755.95,740.05,752.85,100,188720
2019-03-25 14:27:00,752.85,754.00,750.15,750.15,460,188720
2019-03-25 14:28:00,750.15,750.15,750.15,750.15,0,188520
2019-03-25 14:29:00,750.15,802.80,750.15,802.80,1020,188520
2019-03-25 14:30:00,802.80,802.80,786.00,786.00,100,188520
2019-03-25 14:31:00,786.00,786.00,742.80,742.80,480,188040
2019-03-25 14:32:00,742.80,753.50,742.80,753.50,120,188040
2019-03-25 14:33:00,753.50,753.50,750.00,750.00,200,188040
2019-03-25 14:34:00,750.00,750.00,745.35,745.35,220,188040
2019-03-25 14:35:00,745.35,756.25,741.10,756.25,180,188040
2019-03-25 14:36:00,756.25,756.25,756.25,756.25,20,188040
2019-03-25 14:37:00,756.25,768.00,756.25,768.00,40,187840
2019-03-25 14:38:00,768.00,768.00,750.00,750.00,140,187840
2019-03-25 14:39:00,750.00,752.35,750.00,752.35,40,187840
2019-03-25 14:40:00,752.35,757.00,752.35,757.00,500,187800
2019-03-25 14:41:00,757.00,760.00,757.00,760.00,20,187800
2019-03-25 14:42:00,760.00,760.00,755.00,756.90,900,187800
2019-03-25 14:43:00,756.90,769.95,756.90,769.95,320,187340
2019-03-25 14:44:00,769.95,769.95,754.25,761.75,640,187340
2019-03-25 14:45:00,760.50,760.50,750.00,750.00,300,186780
2019-03-25 14:46:00,750.00,753.00,744.00,753.00,480,186780
2019-03-25 14:47:00,753.00,753.00,747.00,750.00,540,186780
2019-03-25 14:48:00,750.00,750.00,738.70,745.55,2700,186140
2019-03-25 14:49:00,745.55,748.00,742.00,748.00,240,186140
2019-03-25 14:50:00,748.00,755.00,748.00,748.00,2540,186140
2019-03-25 14:51:00,748.00,760.00,748.00,760.00,420,185740
2019-03-25 14:52:00,760.00,760.00,758.00,758.00,120,185740
2019-03-25 14:53:00,758.00,758.00,748.00,748.00,3900,185740
2019-03-25 14:54:00,748.00,748.00,736.40,736.50,1060,184860
2019-03-25 14:55:00,736.50,736.50,718.00,724.50,1760,184860
2019-03-25 14:56:00,724.50,725.35,714.90,725.35,1100,184860
2019-03-25 14:57:00,736.05,736.05,727.00,727.00,20,183980
2019-03-25 14:58:00,727.00,727.00,710.90,720.40,480,183980
2019-03-25 14:59:00,720.40,720.40,715.00,719.05,620,183980
2019-03-25 15:00:00,719.05,719.05,703.60,703.60,220,183980
2019-03-25 15:01:00,705.65,709.65,698.65,709.65,1720,183080
2019-03-25 15:02:00,709.65,720.00,709.65,720.00,200,183080
2019-03-25 15:03:00,720.00,732.15,718.00,732.15,180,183080
2019-03-25 15:04:00,732.15,733.05,726.65,730.00,60,182600
2019-03-25 15:05:00,730.00,730.00,728.85,728.85,40,182600
2019-03-25 15:06:00,728.85,728.85,715.80,715.80,1200,182940
2019-03-25 15:07:00,715.80,733.40,715.80,728.00,840,182940
2019-03-25 15:08:00,728.00,731.90,716.60,716.60,1160,182940
2019-03-25 15:09:00,716.60,724.90,714.55,724.90,960,184720
2019-03-25 15:10:00,724.90,726.95,720.45,725.00,920,184720
2019-03-25 15:11:00,725.00,734.55,721.50,734.15,480,184720
2019-03-25 15:12:00,729.60,730.30,723.95,725.70,820,185180
2019-03-25 15:13:00,725.70,732.90,717.80,720.65,600,185180
2019-03-25 15:14:00,720.65,727.20,716.70,716.70,520,185180
2019-03-25 15:15:00,716.70,723.90,716.70,716.90,340,185300
2019-03-25 15:16:00,716.90,720.00,713.05,720.00,260,185300
2019-03-25 15:17:00,722.75,726.70,722.75,724.45,940,185300
2019-03-25 15:18:00,724.45,725.10,713.20,713.20,360,183920
2019-03-25 15:19:00,713.20,720.80,713.20,720.80,60,183920
2019-03-25 15:20:00,720.80,722.20,712.20,716.90,4660,183920
2019-03-25 15:21:00,716.60,719.40,700.50,700.50,1780,185080
2019-03-25 15:22:00,700.50,700.50,695.00,697.80,1440,185080
2019-03-25 15:23:00,698.00,698.05,690.00,692.35,680,185080
2019-03-25 15:24:00,692.35,695.00,688.35,691.70,3840,185240
2019-03-25 15:25:00,691.70,697.35,691.15,691.75,820,185240
2019-03-25 15:26:00,691.75,693.40,691.00,692.00,180,185240
2019-03-25 15:27:00,692.00,698.50,692.00,697.75,240,185220
2019-03-25 15:28:00,698.50,701.00,696.05,700.00,2940,185220
2019-03-25 15:29:01,697.95,702.90,697.95,702.90,440,185220
2019-03-26 09:15:00,671.25,671.25,608.00,611.25,420,159480
2019-03-26 09:16:00,614.10,625.10,614.10,625.10,140,159480
2019-03-26 09:17:00,625.10,633.55,610.50,633.55,360,159480
2019-03-26 09:18:00,632.95,632.95,620.00,620.45,320,159420
2019-03-26 09:19:00,620.45,630.05,620.00,623.10,540,159420
2019-03-26 09:20:00,623.10,630.00,616.00,630.00,1080,159420
2019-03-26 09:21:00,630.00,635.15,626.05,628.80,420,159660
2019-03-26 09:22:00,628.80,631.85,627.65,627.65,100,159660
2019-03-26 09:23:00,627.65,628.00,627.65,628.00,20,159660
2019-03-26 09:24:00,628.00,628.60,614.90,614.90,760,159660
2019-03-26 09:25:00,614.90,615.00,614.90,615.00,40,159500
2019-03-26 09:26:00,615.00,615.00,588.05,601.50,560,159500
2019-03-26 09:27:00,601.50,603.25,600.00,600.00,260,159240
2019-03-26 09:28:00,600.00,600.00,595.00,595.00,20,159240
2019-03-26 09:29:00,595.00,603.35,595.00,603.35,40,159240
2019-03-26 09:30:00,603.35,605.95,595.05,605.95,380,159240
2019-03-26 09:31:00,605.95,605.95,579.45,584.85,300,159140
2019-03-26 09:32:00,585.00,585.00,575.00,575.00,60,159140
2019-03-26 09:33:00,575.00,575.00,566.00,567.95,980,159200
2019-03-26 09:34:00,567.95,573.00,558.75,558.75,660,159200
2019-03-26 09:35:00,558.75,558.75,552.00,553.80,240,159200
2019-03-26 09:36:00,553.80,560.00,553.80,557.60,820,159200
2019-03-26 09:37:00,557.60,557.60,551.10,552.10,80,159200
2019-03-26 09:38:00,552.10,560.00,552.10,560.00,40,158860
2019-03-26 09:39:00,560.00,560.00,552.60,552.60,20,158860
2019-03-26 09:40:00,552.60,573.00,552.60,572.05,320,158880
2019-03-26 09:41:00,571.70,571.70,566.35,568.50,220,158880
2019-03-26 09:42:00,568.50,568.50,561.70,561.70,100,158880
2019-03-26 09:43:00,561.70,569.70,561.70,565.00,120,158980
2019-03-26 09:44:00,565.00,565.00,553.85,554.60,100,158980
2019-03-26 09:45:00,554.60,554.60,540.00,540.00,580,158980
2019-03-26 09:46:00,549.15,549.15,530.00,530.00,360,158960
2019-03-26 09:47:00,530.00,530.00,528.70,530.00,80,158960
2019-03-26 09:48:00,530.00,534.00,525.05,525.05,200,158960
2019-03-26 09:49:00,525.05,525.05,517.10,517.15,260,158760
2019-03-26 09:50:00,517.00,524.70,512.85,524.70,320,158760
2019-03-26 09:51:00,524.70,524.70,515.95,515.95,100,158760
2019-03-26 09:52:00,515.95,526.15,515.95,526.15,360,158760
2019-03-26 09:53:00,526.25,530.00,525.00,530.00,960,158560
2019-03-26 09:54:00,530.00,532.15,529.25,530.00,440,159100
2019-03-26 09:55:00,530.00,536.65,530.00,536.65,60,159100
2019-03-26 09:56:00,535.10,539.40,535.10,539.40,1180,159100
2019-03-26 09:57:00,539.40,542.00,539.40,542.00,40,159100
2019-03-26 09:58:00,542.00,550.00,542.00,548.00,1540,160680
2019-03-26 09:59:00,548.00,548.00,545.00,546.60,220,160680
2019-03-26 10:00:00,545.55,546.05,540.95,540.95,400,161560
2019-03-26 10:01:00,540.95,540.95,530.30,533.15,620,161560
2019-03-26 10:02:00,533.15,533.15,527.15,527.15,200,161560
2019-03-26 10:03:00,527.15,530.50,527.15,530.05,100,161760
2019-03-26 10:04:00,530.05,530.05,501.95,512.00,1100,161760
2019-03-26 10:05:00,512.00,513.25,506.00,507.05,360,161760
2019-03-26 10:06:00,507.05,508.45,495.70,508.45,500,162360
2019-03-26 10:07:00,508.45,508.45,493.20,502.75,200,162360
2019-03-26 10:08:00,502.75,507.45,502.75,507.45,20,162360
2019-03-26 10:09:00,507.45,507.45,507.45,507.45,0,162360
2019-03-26 10:10:00,507.45,507.45,506.60,506.85,120,162360
2019-03-26 10:11:00,506.85,510.00,504.25,510.00,240,162300
2019-03-26 10:12:00,510.00,510.00,508.30,508.30,20,162460
2019-03-26 10:13:00,508.30,508.30,503.70,506.00,100,162460
2019-03-26 10:14:00,507.65,507.65,504.65,504.65,60,162460
2019-03-26 10:15:00,504.65,508.10,504.65,504.85,40,162460
2019-03-26 10:16:00,504.85,504.85,500.00,500.00,120,162460
2019-03-26 10:17:00,500.00,500.00,485.65,486.60,580,162460
2019-03-26 10:18:00,482.65,495.00,482.65,495.00,580,162820
2019-03-26 10:19:00,495.00,495.00,495.00,495.00,0,162820
2019-03-26 10:20:00,495.00,495.00,486.00,486.00,140,162820
2019-03-26 10:21:00,486.00,493.35,480.05,493.35,340,162820
2019-03-26 10:22:00,493.35,493.35,493.35,493.35,0,162820
2019-03-26 10:23:00,493.35,493.35,485.00,488.00,100,162820
2019-03-26 10:24:00,488.00,488.00,477.55,485.00,280,162920
2019-03-26 10:25:00,485.00,490.65,485.00,488.85,780,162920
2019-03-26 10:26:00,488.85,495.30,488.85,495.30,60,162920
2019-03-26 10:27:00,495.30,495.30,487.00,495.00,120,163240
2019-03-26 10:28:00,495.00,495.00,491.20,491.20,20,163240
2019-03-26 10:29:00,491.20,492.00,491.00,491.55,140,163240
2019-03-26 10:30:00,491.55,503.65,491.55,502.00,220,163080
2019-03-26 10:31:00,502.00,502.00,501.85,501.85,40,163080
2019-03-26 10:32:00,501.85,501.85,496.70,496.70,20,163080
2019-03-26 10:33:00,496.70,504.00,496.70,504.00,120,162980
2019-03-26 10:34:00,504.00,504.15,504.00,504.15,20,162980
2019-03-26 10:35:00,504.15,511.90,504.15,511.90,200,162980
2019-03-26 10:36:00,511.90,511.90,500.00,500.00,520,162980
2019-03-26 10:37:00,500.00,500.00,500.00,500.00,0,162980
2019-03-26 10:38:00,500.00,500.00,497.60,497.60,20,162980
2019-03-26 10:39:00,501.50,501.50,501.50,501.50,0,162940
2019-03-26 10:40:00,501.50,501.50,501.50,501.50,0,162940
2019-03-26 10:41:00,501.50,501.50,493.35,495.00,700,162940
2019-03-26 10:42:00,495.00,495.00,495.00,495.00,0,162940
2019-03-26 10:43:00,495.00,495.00,495.00,495.00,0,162940
2019-03-26 10:44:00,495.00,505.00,495.00,504.20,340,163100
2019-03-26 10:45:00,504.20,504.20,502.55,502.55,220,163100
2019-03-26 10:46:00,502.55,502.55,500.00,500.00,160,162960
2019-03-26 10:47:00,500.00,511.00,500.00,511.00,300,162960
2019-03-26 10:48:00,511.00,513.75,511.00,512.35,140,163000
2019-03-26 10:49:00,512.35,523.45,512.35,523.45,180,163000
2019-03-26 10:50:00,523.45,526.70,515.15,515.15,260,163000
2019-03-26 10:51:00,515.15,518.50,515.00,518.50,40,163000
2019-03-26 10:52:00,518.50,518.50,518.50,518.50,0,163000
2019-03-26 10:53:00,518.50,524.00,518.50,524.00,100,162860
2019-03-26 10:54:00,524.00,526.55,523.75,523.75,60,162860
2019-03-26 10:55:00,523.75,523.75,523.00,523.00,100,162780
2019-03-26 10:56:00,523.00,523.00,516.00,516.00,120,162780
2019-03-26 10:57:00,516.00,518.00,516.00,518.00,20,162780
2019-03-26 10:58:00,518.00,518.00,518.00,518.00,0,162780
2019-03-26 10:59:00,518.00,518.00,500.00,504.85,120,162880
2019-03-26 11:00:00,504.85,504.85,504.85,504.85,20,162880
2019-03-26 11:01:00,504.85,507.00,504.85,507.00,20,162900
2019-03-26 11:02:00,507.00,507.00,505.00,505.00,20,162900
2019-03-26 11:03:00,505.00,505.00,505.00,505.00,20,162920
2019-03-26 11:04:00,505.00,505.00,505.00,505.00,0,162920
2019-03-26 11:05:00,505.00,505.00,500.20,500.20,20,162920
2019-03-26 11:06:00,500.20,501.70,500.20,501.70,20,162920
2019-03-26 11:07:00,501.70,501.70,500.00,500.00,20,162940
2019-03-26 11:08:00,500.00,510.00,500.00,510.00,40,162940
2019-03-26 11:09:00,510.00,515.00,510.00,515.00,20,162940
2019-03-26 11:10:00,515.00,519.55,515.00,519.55,40,162940
2019-03-26 11:11:00,519.55,522.70,519.00,522.70,80,162940
2019-03-26 11:12:00,523.00,529.00,523.00,529.00,60,162960
2019-03-26 11:13:00,527.70,527.70,520.00,523.90,300,162960
2019-03-26 11:14:00,523.90,523.90,523.90,523.90,0,162960
2019-03-26 11:15:00,523.90,523.90,517.45,521.00,220,163220
2019-03-26 11:16:00,521.00,521.00,519.15,520.60,40,163220
2019-03-26 11:17:00,520.60,525.50,519.80,525.50,120,163220
2019-03-26 11:18:00,525.50,525.50,525.50,525.50,0,163220
2019-03-26 11:19:00,525.50,530.00,525.50,530.00,60,163220
2019-03-26 11:20:00,530.00,545.65,530.00,537.00,520,163220
2019-03-26 11:21:00,537.00,537.00,537.00,537.00,0,163220
2019-03-26 11:22:00,537.00,537.00,531.15,531.15,60,163220
2019-03-26 11:23:00,531.15,539.00,531.15,539.00,300,163100
2019-03-26 11:24:00,539.00,548.15,539.00,545.50,1340,162860
2019-03-26 11:25:00,545.50,545.50,534.90,534.90,20,162860
2019-03-26 11:26:00,534.90,534.90,534.00,534.90,1580,162860
2019-03-26 11:27:00,534.90,534.90,532.90,534.75,60,162860
2019-03-26 11:28:00,534.90,534.90,529.95,529.95,40,161900
2019-03-26 11:29:00,529.95,532.00,527.60,532.00,340,161900
2019-03-26 11:30:00,532.00,540.30,532.00,540.30,420,161900
2019-03-26 11:31:00,540.30,540.30,540.30,540.30,0,161420
2019-03-26 11:32:00,540.30,547.25,540.30,546.20,120,161420
2019-03-26 11:33:00,546.20,546.20,540.00,540.20,840,161300
2019-03-26 11:34:00,540.20,550.70,540.20,550.70,440,161300
2019-03-26 11:35:00,550.70,553.60,544.20,547.00,400,161300
2019-03-26 11:36:00,547.00,547.00,542.55,542.55,240,160920
2019-03-26 11:37:00,542.55,542.55,536.45,536.45,280,160920
2019-03-26 11:38:00,536.45,542.15,536.45,538.95,200,160920
2019-03-26 11:39:00,538.95,540.40,534.70,538.50,280,160920
2019-03-26 11:40:00,538.50,538.50,526.20,526.20,320,160900
2019-03-26 11:41:00,526.20,534.75,525.00,534.75,160,160900
2019-03-26 11:42:00,534.75,534.95,532.00,534.95,140,160940
2019-03-26 11:43:00,534.95,539.00,534.95,539.00,160,160940
2019-03-26 11:44:00,539.00,543.45,533.90,543.45,240,160940
2019-03-26 11:45:00,543.45,565.15,537.85,565.15,120,160940
2019-03-26 11:46:00,565.15,581.10,561.35,577.70,1200,160900
2019-03-26 11:47:00,577.70,577.70,570.00,570.00,80,160900
2019-03-26 11:48:00,570.00,570.00,567.20,570.00,120,160900
2019-03-26 11:49:00,570.00,570.00,570.00,570.00,0,160900
2019-03-26 11:50:00,570.00,570.00,565.45,565.45,40,160560
2019-03-26 11:51:00,565.45,565.45,553.90,553.90,360,160560
2019-03-26 11:52:00,553.90,557.00,553.90,557.00,200,160540
2019-03-26 11:53:00,557.00,557.00,557.00,557.00,0,160540
2019-03-26 11:54:00,557.00,560.20,554.70,554.70,340,160740
2019-03-26 11:55:00,554.70,557.45,550.90,550.90,2700,160740
2019-03-26 11:56:00,550.90,557.35,548.15,555.00,360,160740
2019-03-26 11:57:00,553.30,553.30,552.00,552.00,140,159060
2019-03-26 11:58:00,552.00,563.75,552.00,561.80,140,159060
2019-03-26 11:59:00,561.80,563.45,561.80,563.45,460,159060
2019-03-26 12:00:00,563.45,563.45,563.45,563.45,0,159060
2019-03-26 12:01:00,563.45,569.00,563.45,569.00,80,158880
2019-03-26 12:02:00,569.00,569.00,569.00,569.00,0,158880
2019-03-26 12:03:00,569.00,569.00,569.00,569.00,0,158880
2019-03-26 12:04:00,569.00,569.00,569.00,569.00,0,158880
2019-03-26 12:05:00,569.00,569.00,569.00,569.00,0,158880
2019-03-26 12:06:00,569.00,569.00,551.20,552.15,100,158880
2019-03-26 12:07:00,552.15,552.15,546.05,546.05,100,158840
2019-03-26 12:08:00,546.05,546.05,543.25,543.25,60,158840
2019-03-26 12:09:00,543.25,548.10,543.25,546.55,100,158880
2019-03-26 12:10:00,546.55,546.55,543.00,543.00,80,158880
2019-03-26 12:11:00,543.00,543.00,543.00,543.00,0,158880
2019-03-26 12:12:00,543.00,550.00,543.00,550.00,20,158880
2019-03-26 12:13:00,550.00,555.20,550.00,555.20,20,158880
2019-03-26 12:14:00,555.20,555.20,555.20,555.20,0,158880
2019-03-26 12:15:00,555.20,555.20,549.75,551.30,1040,158880
2019-03-26 12:16:00,551.30,551.30,536.05,536.05,140,158880
2019-03-26 12:17:00,536.05,536.05,525.00,525.00,20,158880
2019-03-26 12:18:00,525.00,536.00,525.00,536.00,40,158880
2019-03-26 12:19:00,536.00,536.00,536.00,536.00,0,158880
2019-03-26 12:20:00,536.00,542.00,536.00,542.00,40,158880
2019-03-26 12:21:00,542.00,542.00,531.00,531.00,580,158880
2019-03-26 12:22:00,531.00,531.00,513.10,513.10,80,158880
2019-03-26 12:23:00,520.00,520.00,520.00,520.00,0,158880
2019-03-26 12:24:00,520.00,520.00,520.00,520.00,80,158880
2019-03-26 12:25:00,520.00,521.45,520.00,521.45,120,159040
2019-03-26 12:26:00,521.45,521.45,521.45,521.45,0,159040
2019-03-26 12:27:00,521.45,522.30,512.00,514.65,60,159040
2019-03-26 12:28:00,514.65,520.55,514.65,520.00,1520,159040
2019-03-26 12:29:00,520.00,525.00,520.00,520.00,160,159040
2019-03-26 12:30:00,520.00,529.45,520.00,529.45,160,160280
2019-03-26 12:31:00,529.45,529.45,529.45,529.45,0,160280
2019-03-26 12:32:00,529.45,529.45,523.85,523.85,60,160280
2019-03-26 12:33:00,523.85,528.65,523.85,527.60,1000,160280
2019-03-26 12:34:00,527.60,527.60,526.00,526.00,40,160280
2019-03-26 12:35:00,526.00,529.75,526.00,526.85,1100,160280
2019-03-26 12:36:00,526.85,527.70,526.85,527.70,20,160280
2019-03-26 12:37:00,527.70,528.25,524.55,524.55,80,160280
2019-03-26 12:38:00,524.55,524.55,524.55,524.55,0,160280
2019-03-26 12:39:00,524.55,528.90,524.55,527.70,280,160340
2019-03-26 12:40:00,527.70,527.70,524.25,524.25,100,160340
2019-03-26 12:41:00,524.25,525.00,524.25,525.00,20,160340
2019-03-26 12:42:00,525.00,525.00,524.15,524.15,80,160340
2019-03-26 12:43:00,524.15,524.15,523.00,523.00,100,160340
2019-03-26 12:44:00,523.00,524.10,520.40,524.10,360,160340
2019-03-26 12:45:00,524.10,527.30,524.10,527.30,40,160340
2019-03-26 12:46:00,527.30,535.55,527.30,535.40,420,160340
2019-03-26 12:47:00,535.40,551.55,535.40,545.80,540,160340
2019-03-26 12:48:00,545.80,545.80,544.60,544.60,20,160340
2019-03-26 12:49:00,544.60,552.00,544.60,545.95,180,160280
2019-03-26 12:50:00,545.95,545.95,540.45,540.45,220,160280
2019-03-26 12:51:00,540.45,540.45,540.45,540.45,0,160280
2019-03-26 12:52:00,540.45,547.85,540.45,544.30,340,160280
2019-03-26 12:53:00,544.30,544.30,540.50,540.50,20,160280
2019-03-26 12:54:00,540.50,546.15,540.50,546.15,80,160280
2019-03-26 12:55:00,546.15,547.00,546.15,547.00,20,160220
2019-03-26 12:56:00,547.00,547.00,543.00,543.00,160,160220
2019-03-26 12:57:00,543.00,543.00,543.00,543.00,0,160220
2019-03-26 12:58:00,543.00,543.00,540.00,542.50,60,160320
2019-03-26 12:59:00,542.50,542.50,536.60,540.55,60,160320
2019-03-26 13:00:00,540.55,545.35,535.00,535.00,140,160320
2019-03-26 13:01:00,535.00,535.00,533.00,533.00,20,160280
2019-03-26 13:02:00,533.00,534.80,533.00,534.00,120,160280
2019-03-26 13:03:00,534.00,534.00,534.00,534.00,0,160280
2019-03-26 13:04:00,534.00,535.30,533.45,533.45,40,160180
2019-03-26 13:05:00,533.45,533.45,522.90,529.65,80,160180
2019-03-26 13:06:00,529.65,529.65,528.00,528.00,40,160180
2019-03-26 13:07:00,528.00,528.00,528.00,528.00,0,160180
2019-03-26 13:08:00,528.00,528.00,528.00,528.00,0,160180
2019-03-26 13:09:00,528.00,534.90,528.00,531.60,20,160180
2019-03-26 13:10:00,531.60,531.65,525.00,525.00,220,160180
2019-03-26 13:11:00,525.00,527.30,525.00,527.30,20,160180
2019-03-26 13:12:00,527.30,527.30,521.10,524.35,180,160220
2019-03-26 13:13:00,524.35,530.00,524.35,530.00,60,160220
2019-03-26 13:14:00,530.00,530.90,527.00,527.00,200,160220
2019-03-26 13:15:00,527.00,527.00,504.90,507.75,380,160220
2019-03-26 13:16:00,507.75,507.75,501.10,506.85,240,160220
2019-03-26 13:17:00,506.85,506.85,506.85,506.85,20,160220
2019-03-26 13:18:00,506.85,506.85,506.00,506.00,20,160220
2019-03-26 13:19:00,506.00,506.00,493.00,493.00,80,160220
2019-03-26 13:20:00,493.00,500.00,493.00,500.00,1440,160220
2019-03-26 13:21:00,500.00,500.00,470.95,478.85,1980,160220
2019-03-26 13:22:00,478.85,478.85,456.80,473.00,980,159500
2019-03-26 13:23:00,473.00,473.00,461.75,461.75,120,159500
2019-03-26 13:24:00,461.75,465.15,452.90,457.75,160,160440
2019-03-26 13:25:00,457.75,457.75,439.45,447.55,640,160440
2019-03-26 13:26:00,447.55,459.00,447.55,453.05,400,160440
2019-03-26 13:27:00,453.05,458.20,450.00,450.00,40,160440
2019-03-26 13:28:00,450.00,457.35,450.00,457.35,140,160520
2019-03-26 13:29:00,457.35,457.55,455.05,457.55,40,160520
2019-03-26 13:30:00,457.55,457.55,453.85,453.95,140,160520
2019-03-26 13:31:00,453.95,453.95,441.80,441.80,100,160520
2019-03-26 13:32:00,441.80,457.20,441.80,457.00,440,160520
2019-03-26 13:33:00,457.00,457.00,446.00,446.00,280,160520
2019-03-26 13:34:00,446.00,452.20,442.70,452.20,180,160400
2019-03-26 13:35:00,452.60,467.00,449.60,464.70,160,160400
2019-03-26 13:36:00,464.70,464.70,460.35,460.35,40,160400
2019-03-26 13:37:00,460.35,460.35,456.75,456.75,60,160500
2019-03-26 13:38:00,456.75,456.75,456.75,456.75,0,160500
2019-03-26 13:39:00,456.75,456.75,451.40,451.40,20,160500
2019-03-26 13:40:00,451.40,451.40,424.50,442.05,1040,160500
2019-03-26 13:41:00,442.05,450.00,442.05,450.00,20,160500
2019-03-26 13:42:00,450.00,455.25,450.00,455.25,80,160740
2019-03-26 13:43:00,455.25,459.25,455.25,459.25,20,160740
2019-03-26 13:44:00,459.25,460.05,459.25,460.00,180,160740
2019-03-26 13:45:00,460.00,473.00,460.00,468.15,320,160840
2019-03-26 13:46:00,468.15,468.15,462.30,462.30,200,160840
2019-03-26 13:47:00,462.30,469.50,462.30,469.50,520,160840
2019-03-26 13:48:00,469.50,470.00,464.00,464.00,360,160840
2019-03-26 13:49:00,464.00,464.00,459.00,459.00,120,160820
2019-03-26 13:50:00,459.00,459.00,457.00,458.00,40,160820
2019-03-26 13:51:00,458.00,464.80,458.00,464.80,60,160820
2019-03-26 13:52:00,464.80,469.90,464.80,469.90,320,160760
2019-03-26 13:53:00,469.90,469.90,464.00,466.10,40,160760
2019-03-26 13:54:00,466.10,466.10,466.10,466.10,0,160760
2019-03-26 13:55:00,466.10,466.10,466.10,466.10,0,160760
2019-03-26 13:56:00,466.10,466.10,452.30,452.30,160,160760
2019-03-26 13:57:00,452.30,452.30,452.30,452.30,0,160440
2019-03-26 13:58:00,452.30,452.30,452.30,452.30,0,160440
2019-03-26 13:59:00,452.30,452.30,452.30,452.30,0,160440
2019-03-26 14:00:00,452.30,466.00,452.30,460.00,120,160500
2019-03-26 14:01:00,460.00,460.00,445.00,445.00,700,160500
2019-03-26 14:02:00,445.00,453.00,445.00,453.00,1080,160500
2019-03-26 14:03:00,453.00,460.30,453.00,460.30,100,161380
2019-03-26 14:04:00,460.30,460.95,460.30,460.95,20,161380
2019-03-26 14:05:00,460.10,460.10,460.10,460.10,0,161380
2019-03-26 14:06:00,460.10,460.10,440.85,443.60,1140,161380
2019-03-26 14:07:00,440.75,440.75,440.75,440.75,0,160700
2019-03-26 14:08:00,440.75,459.90,440.75,459.90,20,160700
2019-03-26 14:09:00,459.90,459.90,456.05,456.05,20,160700
2019-03-26 14:10:00,456.05,456.05,450.80,452.00,280,160600
2019-03-26 14:11:00,452.00,456.00,450.90,451.80,140,160600
2019-03-26 14:12:00,451.80,454.00,450.75,450.75,80,160720
2019-03-26 14:13:00,450.75,450.75,444.40,448.45,200,160720
2019-03-26 14:14:00,445.50,451.10,444.30,448.20,900,160720
2019-03-26 14:15:00,451.25,454.35,451.25,452.10,220,160780
2019-03-26 14:16:00,452.10,452.10,445.30,448.00,440,160780
2019-03-26 14:17:00,448.00,453.70,448.00,453.70,40,160780
2019-03-26 14:18:00,453.70,458.15,453.70,456.00,320,160780
2019-03-26 14:19:00,456.00,457.00,455.20,457.00,40,160760
2019-03-26 14:20:00,457.00,468.80,454.60,464.05,660,160760
2019-03-26 14:21:00,464.05,464.05,458.25,458.25,60,160800
2019-03-26 14:22:00,458.25,458.25,454.00,455.00,20,160800
2019-03-26 14:23:00,455.00,460.55,455.00,458.30,120,160800
2019-03-26 14:24:00,458.30,458.30,453.80,455.45,80,160800
2019-03-26 14:25:00,455.45,457.00,445.00,445.00,320,160740
2019-03-26 14:26:00,445.00,446.75,442.00,442.15,120,160740
2019-03-26 14:27:00,435.00,435.00,404.70,414.85,1380,160240
2019-03-26 14:28:00,414.85,414.85,404.40,408.65,1800,160240
2019-03-26 14:29:00,408.65,413.15,403.10,403.70,1320,160240
2019-03-26 14:30:00,404.00,404.00,388.90,393.25,960,160980
2019-03-26 14:31:00,393.25,399.55,390.00,397.30,600,160980
2019-03-26 14:32:00,396.05,396.05,382.00,389.50,920,160980
2019-03-26 14:33:00,389.50,390.90,383.00,390.90,1340,162100
2019-03-26 14:34:00,390.90,395.65,382.75,382.75,2400,162100
2019-03-26 14:35:00,382.75,390.50,380.20,385.00,1400,162100
2019-03-26 14:36:00,387.25,388.65,357.30,365.85,3400,163380
2019-03-26 14:37:00,365.85,374.45,364.50,366.00,440,163380
2019-03-26 14:38:00,366.00,366.00,347.55,354.20,7260,163380
2019-03-26 14:39:00,354.20,362.60,351.35,356.10,1800,164780
2019-03-26 14:40:00,356.10,356.35,322.75,324.80,6720,164780
2019-03-26 14:41:00,321.60,323.85,294.10,304.85,5820,164780
2019-03-26 14:42:00,301.05,301.75,260.15,290.00,7400,168520
2019-03-26 14:43:00,290.00,305.30,282.90,282.90,2420,168520
2019-03-26 14:44:00,286.25,298.15,284.30,293.85,3460,168520
2019-03-26 14:45:00,295.90,296.30,269.20,269.55,4600,170300
2019-03-26 14:46:00,270.70,284.75,269.75,279.70,3320,170300
2019-03-26 14:47:00,282.00,289.40,275.40,286.70,3800,170300
2019-03-26 14:48:00,286.70,293.60,271.00,276.25,8160,169560
2019-03-26 14:49:00,276.25,279.15,263.85,267.35,3940,169560
2019-03-26 14:50:00,268.10,272.45,237.60,241.35,7540,169560
2019-03-26 14:51:00,241.35,241.35,230.00,230.95,13160,175360
2019-03-26 14:52:00,232.80,233.25,215.20,224.95,11820,175360
2019-03-26 14:53:00,222.55,233.95,222.00,227.70,5940,175360
2019-03-26 14:54:00,225.00,234.00,214.00,234.00,7220,187380
2019-03-26 14:55:00,231.00,237.20,230.10,231.85,7380,187380
2019-03-26 14:56:00,231.85,239.45,230.05,234.00,6080,187380
2019-03-26 14:57:00,234.00,237.30,223.50,229.20,4800,187780
2019-03-26 14:58:00,228.95,235.75,224.00,232.75,2960,187780
2019-03-26 14:59:00,232.75,235.00,225.00,226.00,2560,187780
2019-03-26 15:00:00,226.00,227.10,206.55,209.85,14640,189420
2019-03-26 15:01:00,209.85,219.10,205.80,216.15,10780,189420
2019-03-26 15:02:00,219.10,219.10,205.00,212.30,3800,189420
2019-03-26 15:03:00,212.30,216.25,212.00,213.00,5980,198640
2019-03-26 15:04:00,213.55,215.00,208.75,214.00,6340,198640
2019-03-26 15:05:00,214.25,221.00,213.00,220.05,5100,198640
2019-03-26 15:06:00,220.00,220.55,211.50,213.85,6440,205680
2019-03-26 15:07:00,213.85,213.85,204.80,206.60,3320,205680
2019-03-26 15:08:00,204.15,204.25,185.00,195.50,25500,205680
2019-03-26 15:09:00,196.40,197.45,189.35,191.55,8660,206040
2019-03-26 15:10:00,189.45,194.05,185.75,188.05,12560,206040
2019-03-26 15:11:00,190.00,190.00,185.00,186.00,8300,206040
2019-03-26 15:12:00,185.00,188.20,183.00,186.00,17120,218200
2019-03-26 15:13:00,186.00,186.00,175.05,176.20,17320,218200
2019-03-26 15:14:00,176.20,177.00,163.40,165.00,17220,218200
2019-03-26 15:15:00,163.40,164.60,155.00,162.00,30700,236940
2019-03-26 15:16:00,163.00,170.65,162.05,167.25,39320,236940
2019-03-26 15:17:00,166.45,170.30,166.05,169.40,25540,236940
2019-03-26 15:18:00,168.15,174.70,168.15,172.35,20640,258840
2019-03-26 15:19:00,171.10,171.80,166.30,167.15,13800,258840
2019-03-26 15:20:00,168.00,169.55,163.65,163.95,19640,258840
2019-03-26 15:21:00,164.70,165.45,159.15,159.15,14540,268560
2019-03-26 15:22:00,158.90,159.85,156.95,157.05,16320,268560
2019-03-26 15:23:00,156.85,157.75,145.95,147.00,33600,268560
2019-03-26 15:24:00,146.10,147.80,143.35,144.50,46280,279400
2019-03-26 15:25:00,144.40,146.35,140.70,141.70,43260,279400
2019-03-26 15:26:00,140.90,146.30,140.55,146.20,31060,279400
2019-03-26 15:27:00,146.15,152.15,145.80,152.15,32000,299780
2019-03-26 15:28:00,151.10,152.00,148.55,151.85,24820,299780
2019-03-26 15:29:01,152.70,155.95,145.05,145.10,30440,299780
2019-03-27 09:15:00,105.15,113.95,70.00,112.70,117980,298800
2019-03-27 09:16:00,112.45,117.40,112.00,114.25,103180,298800
2019-03-27 09:17:00,114.85,114.85,95.10,97.00,93980,298800
2019-03-27 09:18:00,96.00,97.90,90.90,94.15,90280,399120
2019-03-27 09:19:00,94.20,95.00,90.00,90.15,80060,399120
2019-03-27 09:20:00,89.80,91.40,86.05,88.25,104520,399120
2019-03-27 09:21:00,89.00,92.00,88.00,91.60,78680,480720
2019-03-27 09:22:00,92.00,96.00,91.05,95.95,55320,480720
2019-03-27 09:23:00,96.95,97.75,94.90,97.05,77840,480720
2019-03-27 09:24:00,97.25,100.15,96.60,98.40,71940,507660
2019-03-27 09:25:00,98.50,98.60,92.00,92.05,67760,507660
2019-03-27 09:26:00,92.25,92.95,88.40,91.00,65860,507660
2019-03-27 09:27:00,91.85,92.70,90.90,91.80,40180,525020
2019-03-27 09:28:00,91.80,91.80,86.05,87.05,57980,525020
2019-03-27 09:29:00,87.40,91.00,86.95,89.05,47620,525020
2019-03-27 09:30:00,89.45,91.85,89.00,91.40,44760,564780
2019-03-27 09:31:00,91.50,93.40,91.00,93.25,49780,564780
2019-03-27 09:32:00,92.35,93.45,90.00,90.75,33180,564780
2019-03-27 09:33:00,90.50,92.75,90.10,91.80,41880,601560
2019-03-27 09:34:00,91.60,93.90,91.20,93.90,38400,601560
2019-03-27 09:35:00,93.20,97.40,92.95,95.85,49060,601560
2019-03-27 09:36:00,96.10,111.80,96.10,111.80,121780,625040
2019-03-27 09:37:00,111.75,134.60,109.25,128.20,197380,625040
2019-03-27 09:38:00,131.10,144.85,126.25,126.25,201840,625040
2019-03-27 09:39:00,127.45,130.55,125.00,130.55,72780,577820
2019-03-27 09:40:00,131.10,145.00,131.10,144.00,114860,577820
2019-03-27 09:41:00,145.90,150.00,135.00,135.00,118480,577820
2019-03-27 09:42:00,136.55,136.55,115.10,115.85,119380,577780
2019-03-27 09:43:00,117.15,128.90,117.15,128.45,59420,577780
2019-03-27 09:44:00,127.25,130.55,124.35,129.50,60220,577780
2019-03-27 09:45:00,129.35,129.45,116.05,117.75,53800,574680
2019-03-27 09:46:00,118.65,119.70,112.30,114.65,88780,574680
2019-03-27 09:47:00,114.95,118.40,112.20,112.20,47340,574680
2019-03-27 09:48:00,111.20,113.85,107.95,110.55,61980,592760
2019-03-27 09:49:00,109.20,118.05,109.00,117.55,55340,592760
2019-03-27 09:50:00,117.70,120.55,114.70,120.50,46580,592760
2019-03-27 09:51:00,120.60,120.70,112.55,112.55,27480,600740
2019-03-27 09:52:00,113.15,115.10,110.00,112.00,28160,600740
2019-03-27 09:53:00,111.40,111.60,108.20,108.40,46440,600740
2019-03-27 09:54:00,108.40,112.40,108.10,111.00,33160,612180
2019-03-27 09:55:00,109.75,113.05,109.20,110.20,20540,612180
2019-03-27 09:56:00,110.05,115.95,109.65,114.40,23700,612180
2019-03-27 09:57:00,115.00,116.25,113.15,113.95,24720,628360
2019-03-27 09:58:00,114.45,114.45,109.00,111.10,26820,628360
2019-03-27 09:59:00,110.90,111.90,94.45,99.05,102400,628360
2019-03-27 10:00:00,98.60,99.15,92.75,95.90,59960,629220
2019-03-27 10:01:00,96.40,97.90,95.60,96.85,49440,629220
2019-03-27 10:02:00,97.40,101.15,96.00,100.00,31720,629220
2019-03-27 10:03:00,99.30,100.25,97.05,99.75,27140,664020
2019-03-27 10:04:00,100.20,107.35,100.20,107.30,43380,664020
2019-03-27 10:05:00,107.85,110.90,104.45,104.95,47680,664020
2019-03-27 10:06:00,105.45,108.00,103.90,108.00,26740,677740
2019-03-27 10:07:00,108.55,110.95,107.45,108.95,22780,677740
2019-03-27 10:08:00,108.95,109.75,106.10,106.80,17760,677740
2019-03-27 10:09:00,107.45,108.95,106.00,108.70,10540,686080
2019-03-27 10:10:00,108.45,110.90,108.05,109.30,27320,686080
2019-03-27 10:11:00,109.30,110.40,104.75,107.00,24780,686080
2019-03-27 10:12:00,107.00,108.00,103.85,105.40,21600,686700
2019-03-27 10:13:00,105.65,107.00,98.85,98.90,33880,686700
2019-03-27 10:14:00,98.20,99.00,96.55,98.65,34240,686700
2019-03-27 10:15:00,98.65,101.95,97.70,100.95,20380,691660
2019-03-27 10:16:00,101.10,101.55,99.95,101.50,17640,691660
2019-03-27 10:17:00,101.00,101.40,96.70,97.10,29740,691660
2019-03-27 10:18:00,97.00,99.65,97.00,97.25,24820,702300
2019-03-27 10:19:00,97.85,97.85,95.45,95.45,31540,702300
2019-03-27 10:20:00,96.00,100.00,95.40,97.90,20400,702300
2019-03-27 10:21:00,98.20,99.70,97.20,98.05,8280,704720
2019-03-27 10:22:00,98.05,98.40,94.40,96.80,39340,704720
2019-03-27 10:23:00,96.85,96.85,89.00,89.00,70540,704720
2019-03-27 10:24:00,86.65,89.40,83.55,84.15,96380,727040
2019-03-27 10:25:00,83.65,87.60,83.10,85.75,73420,727040
2019-03-27 10:26:00,85.25,89.45,83.10,88.50,65480,727040
2019-03-27 10:27:00,88.50,91.60,88.50,90.10,35340,730860
2019-03-27 10:28:00,90.10,90.95,86.70,87.65,51940,730860
2019-03-27 10:29:00,87.70,91.85,87.65,89.00,45420,730860
2019-03-27 10:30:00,88.70,92.55,88.05,92.30,27600,751540
2019-03-27 10:31:00,92.25,92.30,88.45,89.65,22100,751540
2019-03-27 10:32:00,90.05,91.90,88.40,91.05,32380,751540
2019-03-27 10:33:00,90.50,93.20,89.75,92.75,30960,754960
2019-03-27 10:34:00,94.00,97.25,93.80,96.05,40740,754960
2019-03-27 10:35:00,96.30,97.00,94.40,95.70,20860,754960
2019-03-27 10:36:00,95.65,98.85,93.20,94.80,33540,762960
2019-03-27 10:37:00,94.80,94.80,90.70,91.10,35060,762960
2019-03-27 10:38:00,90.80,92.10,89.80,91.45,11840,762960
2019-03-27 10:39:00,91.45,94.65,91.20,93.10,17880,764440
2019-03-27 10:40:00,93.10,93.65,89.55,90.30,24800,764440
2019-03-27 10:41:00,90.05,90.45,86.90,87.00,32100,764440
2019-03-27 10:42:00,86.90,88.30,84.50,87.00,39320,777600
2019-03-27 10:43:00,86.60,89.75,86.00,86.50,18880,777600
2019-03-27 10:44:00,86.70,86.70,79.55,84.60,87620,777600
2019-03-27 10:45:00,84.50,85.80,81.85,82.00,36720,784860
2019-03-27 10:46:00,81.85,82.60,75.00,79.00,74940,784860
2019-03-27 10:47:00,78.65,81.80,78.35,80.40,40800,784860
2019-03-27 10:48:00,80.70,83.35,80.70,82.70,24840,785000
2019-03-27 10:49:00,81.90,83.05,81.15,81.20,20380,785000
2019-03-27 10:50:00,81.05,81.80,77.50,78.00,34560,785000
2019-03-27 10:51:00,77.45,77.95,71.90,74.15,78340,793080
2019-03-27 10:52:00,73.80,75.45,71.60,71.60,42080,793080
2019-03-27 10:53:00,70.95,70.95,67.00,67.55,99220,793080
2019-03-27 10:54:00,67.25,74.40,67.25,74.15,112000,786740
2019-03-27 10:55:00,73.50,75.25,72.45,73.65,36720,786740
2019-03-27 10:56:00,73.20,73.40,70.45,71.00,31600,786740
2019-03-27 10:57:00,70.70,74.45,70.70,74.00,36700,779520
2019-03-27 10:58:00,73.80,78.00,73.80,77.60,54440,779520
2019-03-27 10:59:00,77.30,77.65,74.60,76.30,38020,779520
2019-03-27 11:00:00,76.50,77.80,76.15,77.15,32720,790200
2019-03-27 11:01:00,77.20,77.70,75.30,75.80,21060,790200
2019-03-27 11:02:00,75.95,77.00,74.20,75.20,19200,790200
2019-03-27 11:03:00,76.00,78.00,75.05,77.20,28660,797040
2019-03-27 11:04:00,77.50,80.45,77.45,78.55,37720,797040
2019-03-27 11:05:00,78.50,79.40,76.65,78.60,24680,797040
2019-03-27 11:06:00,79.00,79.50,77.35,79.50,23700,799180
2019-03-27 11:07:00,79.40,81.10,78.55,78.95,26020,799180
2019-03-27 11:08:00,78.85,78.90,74.45,74.70,29080,799180
2019-03-27 11:09:00,75.35,77.15,74.55,75.85,22180,796820
2019-03-27 11:10:00,76.30,77.25,75.30,76.90,21520,796820
2019-03-27 11:11:00,76.85,77.65,75.35,76.50,10440,796820
2019-03-27 11:12:00,76.50,78.15,75.65,75.65,18880,800240
2019-03-27 11:13:00,75.65,77.00,75.15,75.55,11900,800240
2019-03-27 11:14:00,75.45,75.45,72.40,74.55,27820,800240
2019-03-27 11:15:00,74.90,76.45,74.35,75.35,14780,804440
2019-03-27 11:16:00,75.35,79.65,75.35,77.25,27320,804440
2019-03-27 11:17:00,77.70,78.00,73.70,73.70,15600,804440
2019-03-27 11:18:00,73.90,74.25,72.55,74.10,22300,809340
2019-03-27 11:19:00,74.50,75.25,74.20,74.65,13700,809340
2019-03-27 11:20:00,74.85,77.10,73.50,73.70,18840,809340
2019-03-27 11:21:00,73.95,75.60,73.00,73.50,15420,815940
2019-03-27 11:22:00,73.65,74.00,72.10,72.85,16220,815940
2019-03-27 11:23:00,72.85,74.20,72.60,73.10,9800,815940
2019-03-27 11:24:00,73.50,74.55,73.20,73.60,12420,819060
2019-03-27 11:25:00,73.45,77.90,73.45,77.15,31740,819060
2019-03-27 11:26:00,77.30,80.00,77.00,79.05,39980,819060
2019-03-27 11:27:00,79.40,88.85,79.40,86.35,111160,830420
2019-03-27 11:28:00,87.65,91.95,86.50,87.55,111720,830420
2019-03-27 11:29:00,86.40,93.50,84.40,91.80,51920,830420
2019-03-27 11:30:00,91.25,98.05,89.60,98.05,90260,815260
2019-03-27 11:31:00,96.90,111.00,96.35,109.20,141820,815260
2019-03-27 11:32:00,111.15,118.00,105.95,118.00,159720,815260
2019-03-27 11:33:00,118.55,121.05,110.85,117.80,155180,800960
2019-03-27 11:34:00,119.60,121.70,101.10,107.80,218820,800960
2019-03-27 11:35:00,109.50,133.65,107.65,128.65,175760,800960
2019-03-27 11:36:00,129.90,129.90,114.15,116.35,127280,769300
2019-03-27 11:37:00,118.05,118.05,105.45,107.55,78240,769300
2019-03-27 11:38:00,107.00,112.95,106.65,108.50,77920,769300
2019-03-27 11:39:00,107.80,112.75,103.75,112.25,82300,758540
2019-03-27 11:40:00,112.60,115.30,110.80,112.70,87700,758540
2019-03-27 11:41:00,113.60,113.90,102.05,104.40,76020,758540
2019-03-27 11:42:00,105.15,110.25,104.50,110.25,48420,762900
2019-03-27 11:43:00,109.45,114.00,108.20,111.50,34680,762900
2019-03-27 11:44:00,111.30,114.05,107.70,111.30,34820,762900
2019-03-27 11:45:00,112.55,124.25,112.20,121.50,88360,778000
2019-03-27 11:46:00,121.80,131.15,120.90,126.00,102820,778000
2019-03-27 11:47:00,125.85,127.05,113.45,118.50,60260,778000
2019-03-27 11:48:00,117.50,122.35,112.85,112.85,40040,752060
2019-03-27 11:49:00,112.85,120.20,112.85,113.55,53840,752060
2019-03-27 11:50:00,113.80,119.75,112.60,115.90,34640,752060
2019-03-27 11:51:00,115.45,117.40,112.95,116.00,31860,747420
2019-03-27 11:52:00,116.00,117.10,107.05,111.90,57480,747420
2019-03-27 11:53:00,111.95,114.50,111.50,114.25,36280,747420
2019-03-27 11:54:00,114.20,119.65,113.55,118.65,41320,743820
2019-03-27 11:55:00,118.20,127.80,117.90,127.80,66980,743820
2019-03-27 11:56:00,127.45,127.95,116.25,122.35,42740,743820
2019-03-27 11:57:00,122.95,134.00,120.00,132.05,77740,740000
2019-03-27 11:58:00,132.90,137.00,127.25,132.30,95080,740000
2019-03-27 11:59:00,130.35,130.85,113.40,119.25,85760,740000
2019-03-27 12:00:00,119.20,122.75,118.15,120.55,31120,734220
2019-03-27 12:01:00,120.55,123.95,116.80,119.35,39440,734220
2019-03-27 12:02:00,118.75,126.10,117.00,124.50,43920,734220
2019-03-27 12:03:00,123.70,128.30,121.20,121.20,49560,736640
2019-03-27 12:04:00,121.85,127.40,121.60,126.85,33300,736640
2019-03-27 12:05:00,126.30,126.55,121.00,122.80,23620,736640
2019-03-27 12:06:00,122.80,125.00,111.10,112.95,49480,734280
2019-03-27 12:07:00,113.00,116.25,110.00,115.90,42640,734280
2019-03-27 12:08:00,115.80,115.80,93.25,99.60,122400,734280
2019-03-27 12:09:00,100.25,107.85,99.40,107.00,50280,739880
2019-03-27 12:10:00,107.00,112.00,105.90,111.55,42440,739880
2019-03-27 12:11:00,111.50,112.40,106.45,106.45,24500,739880
2019-03-27 12:12:00,105.15,106.35,101.55,106.00,40100,738800
2019-03-27 12:13:00,104.90,107.15,103.65,106.50,19940,738800
2019-03-27 12:14:00,106.55,109.10,104.50,106.50,21460,738800
2019-03-27 12:15:00,105.80,108.45,105.20,105.55,19520,927460
2019-03-27 12:16:00,106.05,112.00,105.00,111.20,37200,927460
2019-03-27 12:17:00,110.90,117.25,110.90,115.35,29120,927460
2019-03-27 12:18:00,114.85,117.80,113.30,114.75,14480,736580
2019-03-27 12:19:00,114.60,117.85,111.60,111.60,22200,736580
2019-03-27 12:20:00,110.70,112.85,107.85,110.80,29880,736580
2019-03-27 12:21:00,111.85,114.25,111.05,114.25,9940,731640
2019-03-27 12:22:00,114.25,114.70,111.40,114.70,19420,731640
2019-03-27 12:23:00,114.70,114.70,111.30,112.40,15620,731640
2019-03-27 12:24:00,112.70,112.90,63.55,68.05,150680,726720
2019-03-27 12:25:00,67.35,91.15,61.90,90.20,188320,726720
2019-03-27 12:26:00,89.35,91.45,68.60,71.00,162600,726720
2019-03-27 12:27:00,72.40,78.85,71.65,74.40,91200,756880
2019-03-27 12:28:00,73.15,76.05,70.40,73.30,104300,756880
2019-03-27 12:29:00,71.85,76.95,71.85,74.65,119120,756880
2019-03-27 12:30:00,74.75,79.05,71.60,78.40,58800,805600
2019-03-27 12:31:00,77.80,84.85,75.55,79.25,95520,805600
2019-03-27 12:32:00,79.00,81.95,71.45,74.60,81540,805600
2019-03-27 12:33:00,73.80,79.15,71.30,76.40,44360,796860
2019-03-27 12:34:00,74.30,80.95,72.00,76.60,76780,796860
2019-03-27 12:35:00,76.70,78.35,73.75,76.60,41400,796860
2019-03-27 12:36:00,78.00,84.20,73.80,75.00,102860,808500
2019-03-27 12:37:00,77.40,79.45,74.10,78.55,42060,808500
2019-03-27 12:38:00,77.55,79.60,72.25,75.55,48800,808500
2019-03-27 12:39:00,75.15,76.30,71.20,71.55,51940,822840
2019-03-27 12:40:00,71.65,73.60,70.00,73.05,69340,822840
2019-03-27 12:41:00,73.00,76.00,71.75,72.00,41400,822840
2019-03-27 12:42:00,72.00,72.25,67.65,69.50,67620,842500
2019-03-27 12:43:00,69.50,69.50,64.50,66.60,94740,842500
2019-03-27 12:44:00,65.50,68.75,63.40,63.40,65060,842500
2019-03-27 12:45:00,65.30,70.30,63.20,70.25,73340,855900
2019-03-27 12:46:00,69.10,71.25,66.00,66.00,52400,855900
2019-03-27 12:47:00,65.35,67.75,60.05,60.70,87340,855900
2019-03-27 12:48:00,60.70,64.30,60.05,63.40,53500,845300
2019-03-27 12:49:00,63.50,63.70,60.30,61.55,35740,845300
2019-03-27 12:50:00,61.50,61.50,52.80,58.55,104040,845300
2019-03-27 12:51:00,58.90,61.60,57.60,61.60,41940,851680
2019-03-27 12:52:00,62.15,64.85,61.10,63.00,47360,851680
2019-03-27 12:53:00,62.95,65.40,60.85,63.10,40320,851680
2019-03-27 12:54:00,63.80,64.40,59.95,61.10,48980,857800
2019-03-27 12:55:00,61.25,64.55,60.00,63.85,34060,857800
2019-03-27 12:56:00,64.20,66.30,63.80,65.85,50320,857800
2019-03-27 12:57:00,65.60,69.30,64.25,64.25,51480,870240
2019-03-27 12:58:00,64.20,66.95,64.15,66.65,29680,870240
2019-03-27 12:59:00,67.00,67.00,60.20,61.65,43040,870240
2019-03-27 13:00:00,61.00,63.60,60.50,63.05,34160,879720
2019-03-27 13:01:00,63.00,63.30,60.30,60.90,26780,879720
2019-03-27 13:02:00,60.95,63.50,58.90,63.05,45080,879720
2019-03-27 13:03:00,63.10,64.60,61.50,62.45,27600,896020
2019-03-27 13:04:00,62.90,64.40,61.80,62.15,16400,896020
2019-03-27 13:05:00,62.15,65.80,61.75,65.00,30280,896020
2019-03-27 13:06:00,64.90,68.20,64.40,68.05,36960,906000
2019-03-27 13:07:00,67.55,69.00,66.00,67.75,31880,906000
2019-03-27 13:08:00,67.50,69.85,67.50,69.15,32520,906000
2019-03-27 13:09:00,69.00,71.00,67.50,67.85,34140,900880
2019-03-27 13:10:00,67.25,67.75,61.60,63.95,37720,900880
2019-03-27 13:11:00,64.00,64.20,61.40,62.35,30200,900880
2019-03-27 13:12:00,62.45,62.50,60.75,61.85,21660,900240
2019-03-27 13:13:00,61.60,63.45,59.45,59.75,43340,900240
2019-03-27 13:14:00,60.10,61.95,59.10,61.25,29620,900240
2019-03-27 13:15:00,61.00,61.00,55.55,55.95,55460,915740
2019-03-27 13:16:00,56.25,59.50,54.90,59.50,43600,915740
2019-03-27 13:17:00,59.40,62.25,58.20,62.25,28080,915740
2019-03-27 13:18:00,62.65,63.35,61.35,62.05,27540,909660
2019-03-27 13:19:00,62.40,63.85,60.65,61.00,31280,909660
2019-03-27 13:20:00,60.80,63.00,60.55,61.85,11220,909660
2019-03-27 13:21:00,62.70,62.75,58.80,59.00,24040,912140
2019-03-27 13:22:00,59.90,60.40,57.65,58.50,18620,912140
2019-03-27 13:23:00,58.50,58.90,57.15,58.55,32600,912140
2019-03-27 13:24:00,59.30,62.65,59.30,62.15,21760,925980
2019-03-27 13:25:00,62.15,63.55,62.10,63.25,30360,925980
2019-03-27 13:26:00,63.30,63.90,58.00,59.55,38960,925980
2019-03-27 13:27:00,59.70,59.90,56.45,57.00,37880,936560
2019-03-27 13:28:00,57.50,58.95,56.90,58.90,28980,936560
2019-03-27 13:29:00,58.70,58.95,57.00,57.00,18220,936560
2019-03-27 13:30:00,56.95,60.55,56.50,60.00,31240,946060
2019-03-27 13:31:00,59.60,65.70,59.60,64.40,49400,946060
2019-03-27 13:32:00,64.70,76.90,64.30,76.90,91160,946060
2019-03-27 13:33:00,78.65,87.05,75.80,77.00,210320,954680
2019-03-27 13:34:00,77.55,77.55,71.40,77.05,74020,954680
2019-03-27 13:35:00,77.25,80.95,74.95,78.40,88100,954680
2019-03-27 13:36:00,78.60,84.85,77.25,83.80,103580,929340
2019-03-27 13:37:00,84.95,95.40,84.35,91.10,163820,929340
2019-03-27 13:38:00,90.95,99.75,88.30,92.90,128120,929340
2019-03-27 13:39:00,92.60,95.80,83.05,85.40,144560,901340
2019-03-27 13:40:00,86.60,99.40,83.70,97.90,136680,901340
2019-03-27 13:41:00,99.05,114.70,99.05,114.70,238980,901340
2019-03-27 13:42:00,115.00,119.50,103.70,110.30,204720,832900
2019-03-27 13:43:00,109.05,115.75,98.70,100.65,127800,832900
2019-03-27 13:44:00,99.10,99.85,88.25,90.55,129320,832900
2019-03-27 13:45:00,92.45,103.60,92.25,100.00,89660,793820
2019-03-27 13:46:00,105.15,126.55,100.50,126.55,193560,793820
2019-03-27 13:47:00,127.40,136.80,119.80,122.60,188320,793820
2019-03-27 13:48:00,124.30,199.80,124.30,194.70,348300,759740
2019-03-27 13:49:00,194.95,235.00,187.40,197.10,245920,759740
2019-03-27 13:50:00,200.10,295.00,198.85,280.15,213720,759740
2019-03-27 13:51:00,273.90,273.90,212.70,220.30,163940,642940
2019-03-27 13:52:00,216.05,222.30,163.65,177.25,131760,642940
2019-03-27 13:53:00,177.00,177.00,125.25,147.60,171620,642940
2019-03-27 13:54:00,150.50,178.65,150.50,171.35,141600,637120
2019-03-27 13:55:00,173.20,177.00,152.35,163.50,108840,637120
2019-03-27 13:56:00,159.35,163.50,137.30,148.80,64840,637120
2019-03-27 13:57:00,150.90,152.90,138.05,142.30,71920,640420
2019-03-27 13:58:00,143.30,159.90,142.25,158.05,72940,640420
2019-03-27 13:59:00,155.95,179.55,155.95,163.05,86780,640420
2019-03-27 14:00:00,159.10,168.45,157.30,159.05,46540,653240
2019-03-27 14:01:00,159.05,159.05,145.65,150.40,88180,653240
2019-03-27 14:02:00,151.55,167.75,151.55,167.55,43020,653240
2019-03-27 14:03:00,167.75,184.95,167.75,169.95,69220,662660
2019-03-27 14:04:00,171.15,177.65,164.35,171.30,36640,662660
2019-03-27 14:05:00,170.80,192.90,170.80,190.25,74540,662660
2019-03-27 14:06:00,191.60,228.55,189.25,202.65,108300,656380
2019-03-27 14:07:00,200.65,205.95,188.30,200.55,46280,656380
2019-03-27 14:08:00,201.65,203.55,183.65,188.05,48940,656380
2019-03-27 14:09:00,187.60,202.40,182.95,193.50,36120,807340
2019-03-27 14:10:00,195.45,195.45,153.95,161.75,64400,807340
2019-03-27 14:11:00,160.30,161.05,103.80,118.70,195140,807340
2019-03-27 14:12:00,116.20,127.50,107.40,120.15,109760,634220
2019-03-27 14:13:00,119.25,128.85,110.15,117.70,79120,634220
2019-03-27 14:14:00,120.25,133.85,120.05,133.45,75400,634220
2019-03-27 14:15:00,134.20,145.05,129.30,133.65,68120,644100
2019-03-27 14:16:00,130.30,136.50,116.60,123.80,66860,644100
2019-03-27 14:17:00,123.20,130.10,120.20,126.45,50020,644100
2019-03-27 14:18:00,127.30,148.65,126.00,148.65,61640,652460
2019-03-27 14:19:00,148.50,150.90,132.35,137.90,81280,652460
2019-03-27 14:20:00,138.25,141.45,130.50,137.05,39220,652460
2019-03-27 14:21:00,136.35,143.95,122.90,132.50,48420,654440
2019-03-27 14:22:00,134.15,134.15,126.15,128.00,40720,654440
2019-03-27 14:23:00,126.50,129.30,119.25,124.65,58400,654440
2019-03-27 14:24:00,125.45,134.40,123.80,128.65,36440,660600
2019-03-27 14:25:00,127.05,129.00,119.20,123.65,38660,660600
2019-03-27 14:26:00,124.05,134.00,124.05,128.35,42280,660600
2019-03-27 14:27:00,128.00,133.70,127.00,133.70,37960,662780
2019-03-27 14:28:00,134.20,135.25,125.60,129.90,56520,662780
2019-03-27 14:29:00,130.60,137.10,129.60,133.70,48360,662780
2019-03-27 14:30:00,133.50,153.00,133.30,147.40,98620,627440
2019-03-27 14:31:00,147.15,150.00,132.10,134.30,50060,627440
2019-03-27 14:32:00,134.85,136.20,126.65,128.40,45680,627440
2019-03-27 14:33:00,127.30,129.95,100.00,100.00,137780,635980
2019-03-27 14:34:00,101.40,101.90,80.85,86.15,220640,635980
2019-03-27 14:35:00,88.20,95.70,81.60,82.65,143960,635980
2019-03-27 14:36:00,85.40,93.45,82.60,84.00,125600,660520
2019-03-27 14:37:00,84.30,88.15,78.10,82.50,140540,660520
2019-03-27 14:38:00,80.15,91.80,78.25,89.70,95520,660520
2019-03-27 14:39:00,90.45,100.10,85.55,98.00,120480,667320
2019-03-27 14:40:00,98.25,104.90,93.25,100.65,106180,667320
2019-03-27 14:41:00,101.50,103.70,84.95,84.95,106300,667320
2019-03-27 14:42:00,86.75,92.35,84.00,90.05,77040,664000
2019-03-27 14:43:00,88.10,93.20,84.05,86.50,62980,664000
2019-03-27 14:44:00,87.10,91.30,81.00,83.65,65960,664000
2019-03-27 14:45:00,82.45,87.00,78.25,86.70,54120,677780
2019-03-27 14:46:00,86.75,95.40,86.75,94.95,72380,677780
2019-03-27 14:47:00,96.95,103.85,94.10,103.05,90640,677780
2019-03-27 14:48:00,102.40,103.00,89.35,91.55,65120,671280
2019-03-27 14:49:00,91.10,92.80,87.00,88.10,65000,671280
2019-03-27 14:50:00,89.25,95.45,87.15,91.70,41720,671280
2019-03-27 14:51:00,91.85,112.30,91.25,105.10,111720,676100
2019-03-27 14:52:00,104.10,109.20,89.35,92.70,89260,676100
2019-03-27 14:53:00,92.90,99.20,90.05,93.95,45500,676100
2019-03-27 14:54:00,95.70,97.55,87.00,87.00,44960,666660
2019-03-27 14:55:00,86.65,90.75,82.90,88.40,67280,666660
2019-03-27 14:56:00,88.40,93.20,86.05,87.70,56280,666660
2019-03-27 14:57:00,87.10,92.25,82.90,88.80,53860,675700
2019-03-27 14:58:00,89.50,91.85,73.45,74.25,107300,675700
2019-03-27 14:59:00,74.90,81.00,73.15,78.95,109620,675700
2019-03-27 15:00:00,78.30,97.35,74.00,92.00,113480,662500
2019-03-27 15:01:00,92.50,97.50,88.00,95.00,89140,662500
2019-03-27 15:02:00,95.00,101.00,92.95,100.60,77140,662500
2019-03-27 15:03:00,100.00,108.15,99.25,105.90,99960,647520
2019-03-27 15:04:00,104.35,105.65,92.10,92.60,87960,647520
2019-03-27 15:05:00,95.00,102.45,94.15,94.15,57400,647520
2019-03-27 15:06:00,94.60,95.95,81.65,85.95,73440,647200
2019-03-27 15:07:00,84.05,91.00,80.60,90.00,51980,647200
2019-03-27 15:08:00,87.00,94.70,86.55,92.70,37540,647200
2019-03-27 15:09:00,92.75,93.50,89.45,92.40,39100,643000
2019-03-27 15:10:00,92.20,92.90,86.40,92.60,37740,643000
2019-03-27 15:11:00,93.65,95.40,88.10,90.20,52560,643000
2019-03-27 15:12:00,89.40,97.60,88.55,96.00,52300,701360
2019-03-27 15:13:00,95.65,98.75,89.55,91.10,56660,701360
2019-03-27 15:14:00,90.45,93.00,86.10,88.55,80920,701360
2019-03-27 15:15:00,88.50,93.45,88.50,91.60,51720,658480
2019-03-27 15:16:00,92.65,98.20,92.40,98.20,69180,658480
2019-03-27 15:17:00,97.35,97.55,93.10,93.10,61380,658480
2019-03-27 15:18:00,93.10,101.55,91.95,101.30,73680,649940
2019-03-27 15:19:00,100.55,103.00,97.30,97.65,68200,649940
2019-03-27 15:20:00,97.15,109.00,96.65,106.75,130080,649940
2019-03-27 15:21:00,106.00,114.95,105.60,110.95,80960,606760
2019-03-27 15:22:00,110.75,111.95,105.40,105.65,60320,606760
2019-03-27 15:23:00,105.55,112.60,105.45,111.45,69120,606760
2019-03-27 15:24:00,111.25,111.70,108.85,110.15,35840,573740
2019-03-27 15:25:00,110.95,111.25,105.50,105.50,71500,573740
2019-03-27 15:26:00,105.50,105.50,99.45,102.00,60980,573740
2019-03-27 15:27:00,102.60,103.55,100.00,102.00,61620,533120
2019-03-27 15:28:00,101.80,108.45,101.80,107.40,89180,533120
2019-03-27 15:29:01,107.25,107.75,105.20,105.95,78640,533120
2019-03-28 09:15:00,68.05,104.80,62.90,100.00,169280,439860
2019-03-28 09:16:00,104.90,119.00,103.45,109.00,158340,476860
2019-03-28 09:17:00,108.00,108.00,90.35,90.35,133620,476860
2019-03-28 09:18:00,90.50,96.95,85.40,85.65,149600,476860
2019-03-28 09:19:00,85.55,89.40,80.50,83.25,131680,576340
2019-03-28 09:20:00,83.80,86.90,80.05,82.10,117740,576340
2019-03-28 09:21:00,81.80,81.80,71.30,72.20,117740,576340
2019-03-28 09:22:00,72.00,77.80,71.60,73.75,117440,677940
2019-03-28 09:23:00,73.75,73.75,67.35,71.30,103940,677940
2019-03-28 09:24:00,68.05,72.00,63.85,67.55,104000,677940
2019-03-28 09:25:00,67.70,71.25,67.65,69.40,131400,752000
2019-03-28 09:26:00,68.75,76.50,68.15,74.50,115380,752000
2019-03-28 09:27:00,73.70,74.60,68.00,68.00,107520,752000
2019-03-28 09:28:00,68.00,69.30,62.10,69.30,166440,826960
2019-03-28 09:29:00,68.50,74.00,67.60,71.00,109400,826960
2019-03-28 09:30:00,70.70,72.20,69.70,71.30,74720,826960
2019-03-28 09:31:00,70.50,73.50,69.50,72.00,72780,895640
2019-03-28 09:32:00,72.50,75.75,72.15,74.70,85480,895640
2019-03-28 09:33:00,74.50,76.00,72.15,72.15,72060,895640
2019-03-28 09:34:00,72.75,73.00,69.60,70.80,60620,915800
2019-03-28 09:35:00,70.40,74.00,70.40,72.85,57000,915800
2019-03-28 09:36:00,72.55,73.00,68.65,72.80,54300,915800
2019-03-28 09:37:00,73.10,80.75,72.65,78.40,129280,948840
2019-03-28 09:38:00,77.50,79.95,73.70,75.00,88200,948840
2019-03-28 09:39:00,74.80,74.80,65.00,65.65,106500,948840
2019-03-28 09:40:00,68.05,70.60,65.00,68.10,75360,973600
2019-03-28 09:41:00,68.20,70.20,66.45,67.15,50960,973600
2019-03-28 09:42:00,68.05,71.10,67.30,68.80,56300,973600
2019-03-28 09:43:00,68.05,70.40,67.05,68.85,38860,999280
2019-03-28 09:44:00,70.05,70.05,60.05,63.50,124800,999280
2019-03-28 09:45:00,63.75,65.80,60.75,60.75,77500,999280
2019-03-28 09:46:00,60.05,60.05,51.00,55.70,202800,1036200
2019-03-28 09:47:00,55.95,56.20,48.70,49.40,160280,1036200
2019-03-28 09:48:00,49.20,50.80,42.10,49.30,211760,1036200
2019-03-28 09:49:00,48.80,50.70,46.70,48.90,132980,1069340
2019-03-28 09:50:00,48.60,49.65,47.40,48.05,70500,1069340
2019-03-28 09:51:00,47.95,49.50,45.95,47.30,77520,1069340
2019-03-28 09:52:00,46.55,48.30,45.05,46.10,75460,1133180
2019-03-28 09:53:00,46.20,47.60,43.60,45.00,79420,1133180
2019-03-28 09:54:00,44.55,45.55,40.00,41.85,183420,1133180
2019-03-28 09:55:00,41.20,41.20,33.60,37.20,372700,1174220
2019-03-28 09:56:00,38.25,39.35,35.25,38.00,175900,1174220
2019-03-28 09:57:00,38.15,41.00,37.65,39.15,148560,1174220
2019-03-28 09:58:00,39.10,40.50,37.40,38.95,156380,1236080
2019-03-28 09:59:00,37.70,38.65,35.75,38.65,115580,1236080
2019-03-28 10:00:00,38.10,39.80,36.10,39.45,80580,1236080
2019-03-28 10:01:00,39.65,39.80,38.05,38.80,52080,1273380
2019-03-28 10:02:00,39.10,39.95,38.30,39.00,71900,1273380
2019-03-28 10:03:00,38.95,39.75,35.85,36.95,96060,1273380
2019-03-28 10:04:00,36.50,38.80,35.10,37.80,73920,1318920
2019-03-28 10:05:00,37.45,38.85,36.45,38.65,58660,1318920
2019-03-28 10:06:00,37.80,38.00,33.65,34.05,92120,1318920
2019-03-28 10:07:00,34.15,35.70,32.00,32.95,90540,1366180
2019-03-28 10:08:00,33.10,38.35,33.05,38.35,81160,1366180
2019-03-28 10:09:00,38.00,38.75,37.10,38.00,77820,1366180
2019-03-28 10:10:00,38.00,43.00,37.90,42.15,177460,1380720
2019-03-28 10:11:00,41.90,43.60,40.75,42.80,102600,1380720
2019-03-28 10:12:00,43.15,47.15,41.85,46.45,121200,1380720
2019-03-28 10:13:00,47.85,47.85,42.60,43.25,133840,1380840
2019-03-28 10:14:00,42.10,48.40,42.10,47.80,104780,1380840
2019-03-28 10:15:00,48.10,48.10,42.10,45.00,120800,1380840
2019-03-28 10:16:00,44.75,45.50,41.85,41.85,80860,1388720
2019-03-28 10:17:00,41.60,42.35,40.50,41.90,62140,1388720
2019-03-28 10:18:00,41.20,41.55,38.90,41.35,64380,1388720
2019-03-28 10:19:00,41.00,42.40,40.50,42.35,45340,1381500
2019-03-28 10:20:00,42.00,43.70,41.30,43.60,50240,1381500
2019-03-28 10:21:00,44.00,44.85,41.80,42.80,60340,1381500
2019-03-28 10:22:00,42.60,46.10,41.60,44.40,82000,1394900
2019-03-28 10:23:00,44.25,45.65,43.40,43.70,41400,1394900
2019-03-28 10:24:00,44.00,47.30,43.65,45.00,58660,1394900
2019-03-28 10:25:00,45.00,47.00,44.00,44.55,73780,1403420
2019-03-28 10:26:00,45.10,45.30,39.60,40.75,79840,1403420
2019-03-28 10:27:00,40.65,43.80,40.65,43.60,48660,1403420
2019-03-28 10:28:00,43.50,43.65,41.55,42.90,30860,1409120
2019-03-28 10:29:00,42.35,43.70,40.20,43.35,56060,1409120
2019-03-28 10:30:00,43.10,43.75,40.65,41.60,43840,1409120
2019-03-28 10:31:00,41.95,43.50,40.25,40.25,40020,1414140
2019-03-28 10:32:00,40.50,42.05,40.45,41.55,36860,1414140
2019-03-28 10:33:00,41.55,42.50,40.40,41.65,43320,1414140
2019-03-28 10:34:00,42.05,51.10,41.60,47.30,193480,1425180
2019-03-28 10:35:00,46.65,49.70,43.85,46.00,122620,1425180
2019-03-28 10:36:00,45.70,48.00,45.00,45.60,49040,1425180
2019-03-28 10:37:00,45.25,46.10,43.60,45.05,68660,1414400
2019-03-28 10:38:00,45.05,46.85,43.95,45.50,45640,1414400
2019-03-28 10:39:00,45.95,47.00,45.30,45.60,39760,1414400
2019-03-28 10:40:00,46.30,50.70,46.30,49.25,97180,1411680
2019-03-28 10:41:00,49.35,49.80,44.40,44.90,94040,1411680
2019-03-28 10:42:00,44.80,45.90,42.25,45.90,72920,1411680
2019-03-28 10:43:00,45.50,46.00,43.30,43.95,41680,1412220
2019-03-28 10:44:00,43.95,44.25,42.00,42.65,41660,1412220
2019-03-28 10:45:00,43.10,43.10,39.55,40.95,70620,1412220
2019-03-28 10:46:00,40.70,41.70,40.50,41.40,34000,1416520
2019-03-28 10:47:00,41.35,43.75,41.25,43.60,44640,1416520
2019-03-28 10:48:00,43.10,45.60,43.10,44.60,48760,1416520
2019-03-28 10:49:00,44.65,45.30,42.65,42.65,34320,1421640
2019-03-28 10:50:00,43.20,44.35,42.35,42.40,32620,1421640
2019-03-28 10:51:00,42.60,43.60,41.30,41.95,47920,1421640
2019-03-28 10:52:00,41.50,42.65,39.70,40.20,66960,1428900
2019-03-28 10:53:00,39.50,40.65,37.10,38.15,96480,1428900
2019-03-28 10:54:00,38.05,38.25,35.35,36.35,114920,1428900
2019-03-28 10:55:00,36.80,38.95,36.80,38.00,53740,1444300
2019-03-28 10:56:00,37.85,40.30,37.85,39.40,63160,1444300
2019-03-28 10:57:00,40.20,41.80,40.05,41.55,48320,1444300
2019-03-28 10:58:00,41.65,42.90,40.90,42.30,41000,1458060
2019-03-28 10:59:00,42.00,43.05,41.45,41.90,47100,1458060
2019-03-28 11:00:00,41.15,41.50,38.55,39.50,47020,1458060
2019-03-28 11:01:00,39.90,40.15,37.30,38.45,37140,1462200
2019-03-28 11:02:00,38.70,38.75,36.85,37.10,62280,1462200
2019-03-28 11:03:00,37.10,38.15,36.60,38.10,43520,1462200
2019-03-28 11:04:00,37.80,37.90,31.65,34.15,142180,1490900
2019-03-28 11:05:00,33.75,34.20,32.35,33.65,121080,1490900
2019-03-28 11:06:00,33.45,33.65,31.10,32.35,84360,1490900
2019-03-28 11:07:00,32.20,33.50,32.00,33.30,69400,1539140
2019-03-28 11:08:00,33.25,34.15,32.75,34.00,52900,1539140
2019-03-28 11:09:00,33.90,34.45,33.00,34.40,35860,1539140
2019-03-28 11:10:00,34.70,34.85,33.90,34.70,45100,1549640
2019-03-28 11:11:00,34.55,35.25,34.00,34.80,61820,1549640
2019-03-28 11:12:00,35.00,35.10,32.00,32.20,38340,1549640
2019-03-28 11:13:00,31.80,33.10,31.80,32.35,32160,1565740
2019-03-28 11:14:00,32.55,32.65,26.00,28.25,154640,1565740
2019-03-28 11:15:00,28.00,30.50,27.20,29.80,67280,1565740
2019-03-28 11:16:00,29.90,31.20,29.00,29.30,64060,1568740
2019-03-28 11:17:00,28.65,30.00,28.65,29.65,28640,1568740
2019-03-28 11:18:00,29.25,32.10,29.25,32.10,64600,1568740
2019-03-28 11:19:00,32.10,33.30,31.65,32.65,43260,1595000
2019-03-28 11:20:00,32.65,33.40,32.40,32.40,43620,1595000
2019-03-28 11:21:00,32.40,33.15,31.35,32.00,54520,1595000
2019-03-28 11:22:00,32.00,32.35,31.40,31.50,31300,1604640
2019-03-28 11:23:00,31.40,31.45,28.40,29.10,63220,1604640
2019-03-28 11:24:00,29.00,30.95,28.70,30.65,37660,1604640
2019-03-28 11:25:00,30.85,34.10,30.25,33.65,53400,1613540
2019-03-28 11:26:00,33.45,37.35,33.45,34.40,106080,1613540
2019-03-28 11:27:00,34.80,37.10,34.35,37.00,65780,1613540
2019-03-28 11:28:00,36.65,38.95,36.00,38.70,74320,1624360
2019-03-28 11:29:00,38.95,38.95,34.85,35.35,71140,1624360
2019-03-28 11:30:00,35.25,37.65,35.10,35.90,44920,1624360
2019-03-28 11:31:00,35.00,35.00,32.35,33.65,57680,1640980
2019-03-28 11:32:00,33.80,37.10,33.80,36.85,46720,1640980
2019-03-28 11:33:00,36.50,38.70,35.85,36.20,74540,1640980
2019-03-28 11:34:00,36.30,36.55,33.75,34.15,72320,1636180
2019-03-28 11:35:00,34.00,36.15,33.95,35.00,26800,1636180
2019-03-28 11:36:00,34.75,35.40,33.70,34.45,52080,1636180
2019-03-28 11:37:00,34.70,35.00,32.45,33.80,42600,1651900
2019-03-28 11:38:00,33.95,34.30,32.15,32.40,35460,1651900
2019-03-28 11:39:00,32.10,32.10,29.30,31.15,87760,1651900
2019-03-28 11:40:00,31.40,31.40,29.45,30.60,41660,1653960
2019-03-28 11:41:00,30.60,31.75,30.40,31.70,32120,1653960
2019-03-28 11:42:00,31.55,32.40,30.65,31.80,32860,1653960
2019-03-28 11:43:00,31.65,32.55,31.50,32.30,31800,1662640
2019-03-28 11:44:00,31.75,32.50,31.35,31.35,30400,1662640
2019-03-28 11:45:00,31.55,31.80,30.00,30.00,43740,1662640
2019-03-28 11:46:00,30.00,30.00,28.90,29.80,52340,1687780
2019-03-28 11:47:00,29.20,29.45,27.25,29.40,112560,1687780
2019-03-28 11:48:00,29.20,30.00,29.05,29.35,40800,1687780
2019-03-28 11:49:00,29.45,29.90,28.85,29.30,27540,1715560
2019-03-28 11:50:00,29.40,31.30,29.40,30.60,47400,1715560
2019-03-28 11:51:00,30.60,33.25,30.20,31.00,85820,1715560
2019-03-28 11:52:00,31.50,33.15,30.95,31.75,46600,1728080
2019-03-28 11:53:00,31.60,31.60,29.30,30.05,47280,1728080
2019-03-28 11:54:00,29.75,32.85,29.75,32.35,54580,1728080
2019-03-28 11:55:00,32.45,34.15,32.25,33.30,65820,1744620
2019-03-28 11:56:00,33.30,35.25,33.20,33.70,63400,1744620
2019-03-28 11:57:00,33.40,34.30,31.25,31.35,53800,1744620
2019-03-28 11:58:00,30.80,31.45,29.45,31.20,59660,1750960
2019-03-28 11:59:00,30.80,31.65,30.00,30.00,27580,1750960
2019-03-28 12:00:00,30.20,30.40,29.20,29.45,40960,1750960
2019-03-28 12:01:00,29.05,30.55,28.85,30.00,46040,1763900
2019-03-28 12:02:00,30.20,31.00,29.85,30.45,40120,1763900
2019-03-28 12:03:00,30.55,31.30,29.85,31.00,41560,1763900
2019-03-28 12:04:00,30.90,31.25,29.35,29.35,53400,1780060
2019-03-28 12:05:00,29.60,29.80,27.10,27.25,94480,1780060
2019-03-28 12:06:00,27.35,30.10,27.30,29.90,62020,1780060
2019-03-28 12:07:00,30.00,31.20,29.65,30.45,48640,1799860
2019-03-28 12:08:00,30.25,30.35,23.60,25.05,118620,1799860
2019-03-28 12:09:00,22.65,23.15,20.00,21.80,214920,1799860
2019-03-28 12:10:00,22.00,24.40,22.00,23.55,121620,1797580
2019-03-28 12:11:00,23.80,24.35,20.20,21.35,164980,1797580
2019-03-28 12:12:00,21.25,21.50,19.35,21.50,190280,1797580
2019-03-28 12:13:00,21.40,21.75,20.45,20.45,107020,1844080
2019-03-28 12:14:00,20.60,21.50,19.80,21.20,117100,1844080
2019-03-28 12:15:00,21.10,21.35,19.30,19.55,107360,1844080
2019-03-28 12:16:00,19.75,20.25,17.00,17.05,157460,1896820
2019-03-28 12:17:00,16.85,18.55,16.60,18.50,186820,1896820
2019-03-28 12:18:00,18.65,18.90,15.70,16.85,200620,1896820
2019-03-28 12:19:00,16.75,17.60,16.60,16.95,171280,1905940
2019-03-28 12:20:00,16.85,17.70,16.80,17.70,106600,1905940
2019-03-28 12:21:00,17.65,19.15,17.50,18.55,180820,1905940
2019-03-28 12:22:00,18.30,19.30,17.95,18.00,149960,1966980
2019-03-28 12:23:00,17.95,18.55,17.60,18.55,90040,1966980
2019-03-28 12:24:00,18.50,18.50,17.10,17.60,85220,1966980
2019-03-28 12:25:00,17.65,18.20,17.40,17.95,132860,1987980
2019-03-28 12:26:00,17.80,17.85,17.05,17.35,117180,1987980
2019-03-28 12:27:00,17.50,19.15,17.05,19.10,150000,1987980
2019-03-28 12:28:00,18.85,22.20,18.85,21.25,156500,1989860
2019-03-28 12:29:00,21.10,21.10,20.00,20.50,106120,1989860
2019-03-28 12:30:00,20.25,20.25,18.70,18.95,83820,1989860
2019-03-28 12:31:00,19.25,19.70,18.80,19.45,53640,1992720
2019-03-28 12:32:00,19.45,19.80,18.65,19.75,63540,1992720
2019-03-28 12:33:00,19.95,20.00,18.75,19.25,79200,1992720
2019-03-28 12:34:00,19.10,19.25,17.30,17.50,95100,2003800
2019-03-28 12:35:00,17.50,17.50,15.20,15.75,132660,2003800
2019-03-28 12:36:00,15.75,16.55,15.45,15.50,97000,2003800
2019-03-28 12:37:00,15.45,16.45,14.75,15.65,140880,2067520
2019-03-28 12:38:00,15.45,15.80,12.50,13.75,173500,2067520
2019-03-28 12:39:00,13.75,13.75,12.70,12.70,105160,2067520
2019-03-28 12:40:00,12.70,13.40,12.60,12.90,117420,2093260
2019-03-28 12:41:00,12.85,12.85,11.50,12.40,158040,2093260
2019-03-28 12:42:00,12.55,14.10,11.90,13.70,105700,2093260
2019-03-28 12:43:00,13.95,14.90,13.55,14.55,76360,2094580
2019-03-28 12:44:00,14.70,15.05,13.20,14.10,94900,2094580
2019-03-28 12:45:00,14.05,14.20,13.35,13.50,65640,2094580
2019-03-28 12:46:00,13.70,14.45,13.10,14.30,77140,2131620
2019-03-28 12:47:00,14.10,15.45,14.00,15.45,88640,2131620
2019-03-28 12:48:00,15.50,17.25,15.35,17.20,134180,2131620
2019-03-28 12:49:00,17.10,17.20,15.70,16.65,102520,2130020
2019-03-28 12:50:00,16.90,21.55,16.90,19.25,279700,2130020
2019-03-28 12:51:00,19.30,21.25,18.35,18.45,207120,2130020
2019-03-28 12:52:00,18.35,18.35,16.00,16.75,129420,2133160
2019-03-28 12:53:00,16.70,17.00,15.30,15.95,107560,2133160
2019-03-28 12:54:00,16.20,16.30,14.15,15.65,106400,2133160
2019-03-28 12:55:00,15.75,17.45,15.70,16.95,69760,2139500
2019-03-28 12:56:00,16.85,17.45,15.90,17.25,67560,2139500
2019-03-28 12:57:00,17.30,17.40,16.25,16.25,48660,2139500
2019-03-28 12:58:00,15.95,16.55,14.90,15.00,84400,2153660
2019-03-28 12:59:00,15.20,15.50,14.45,15.25,89440,2153660
2019-03-28 13:00:00,15.45,16.20,15.30,15.85,49740,2153660
2019-03-28 13:01:00,15.80,16.30,15.20,16.20,48280,2184400
2019-03-28 13:02:00,16.55,18.05,15.75,18.00,62920,2184400
2019-03-28 13:03:00,17.90,18.75,16.05,17.05,76740,2184400
2019-03-28 13:04:00,17.30,18.55,16.75,17.05,83540,2198220
2019-03-28 13:05:00,17.45,17.85,14.75,14.75,105560,2198220
2019-03-28 13:06:00,14.55,14.70,12.00,12.00,179780,2198220
2019-03-28 13:07:00,12.10,13.40,12.00,12.60,104440,2225880
2019-03-28 13:08:00,12.90,14.90,12.75,14.55,97760,2225880
2019-03-28 13:09:00,14.65,15.35,14.10,14.50,86580,2225880
2019-03-28 13:10:00,14.45,15.75,14.05,15.15,58020,2228300
2019-03-28 13:11:00,15.10,15.50,13.10,13.65,84020,2228300
2019-03-28 13:12:00,13.60,14.00,12.60,12.80,68920,2228300
2019-03-28 13:13:00,12.75,13.45,12.25,13.30,106040,2231800
2019-03-28 13:14:00,13.10,13.30,12.15,12.35,107560,2231800
2019-03-28 13:15:00,12.35,12.90,11.60,12.40,102360,2231800
2019-03-28 13:16:00,12.40,12.60,9.65,10.00,267440,2267220
2019-03-28 13:17:00,10.20,10.55,9.50,9.70,147780,2267220
2019-03-28 13:18:00,9.80,10.95,9.00,10.80,218820,2267220
2019-03-28 13:19:00,10.75,12.70,10.60,11.65,208680,2290780
2019-03-28 13:20:00,11.90,12.80,11.45,12.55,123420,2290780
2019-03-28 13:21:00,12.45,12.95,11.65,11.95,91360,2290780
2019-03-28 13:22:00,11.85,15.00,11.15,12.85,282500,2313940
2019-03-28 13:23:00,13.10,14.60,11.50,11.50,213340,2313940
2019-03-28 13:24:00,11.95,12.15,10.40,11.85,144720,2313940
2019-03-28 13:25:00,11.60,12.25,10.65,11.10,103020,2346120
2019-03-28 13:26:00,11.05,11.80,10.90,11.25,54920,2346120
2019-03-28 13:27:00,11.50,12.50,11.30,11.70,65700,2346120
2019-03-28 13:28:00,11.70,11.90,10.20,10.30,84340,2369540
2019-03-28 13:29:00,10.40,11.00,10.20,10.40,73560,2369540
2019-03-28 13:30:00,10.40,11.15,8.15,8.65,224040,2369540
2019-03-28 13:31:00,8.70,9.30,7.70,9.30,189200,2391720
2019-03-28 13:32:00,9.10,9.70,8.45,9.00,129200,2391720
2019-03-28 13:33:00,9.10,9.10,7.50,7.55,117580,2391720
2019-03-28 13:34:00,7.65,8.15,7.35,7.35,107080,2400080
2019-03-28 13:35:00,7.50,8.10,7.20,7.85,113260,2400080
2019-03-28 13:36:00,7.85,8.15,7.40,7.70,77800,2400080
2019-03-28 13:37:00,7.70,7.80,6.35,6.50,130800,2380460
2019-03-28 13:38:00,6.60,6.70,4.60,4.70,263440,2380460
2019-03-28 13:39:00,4.80,5.50,4.70,5.40,168760,2380460
2019-03-28 13:40:00,5.30,5.55,4.95,5.00,142400,2346200
2019-03-28 13:41:00,5.05,5.05,3.95,3.95,127620,2346200
2019-03-28 13:42:00,3.90,3.95,3.50,3.60,153960,2346200
2019-03-28 13:43:00,3.60,3.80,3.55,3.70,103780,2326620
2019-03-28 13:44:00,3.80,3.85,3.30,3.65,213240,2326620
2019-03-28 13:45:00,3.75,4.35,3.65,3.90,194920,2326620
2019-03-28 13:46:00,3.75,3.85,3.25,3.50,156260,2266640
2019-03-28 13:47:00,3.50,3.50,3.25,3.40,145200,2266640
2019-03-28 13:48:00,3.40,3.40,2.55,2.55,161100,2266640
2019-03-28 13:49:00,2.55,2.95,2.55,2.90,172660,2162080
2019-03-28 13:50:00,2.85,3.35,2.80,3.15,137200,2162080
2019-03-28 13:51:00,3.15,3.25,2.85,2.90,145520,2162080
2019-03-28 13:52:00,2.90,3.15,2.65,2.80,121640,2078640
2019-03-28 13:53:00,2.80,2.80,2.45,2.70,147640,2078640
2019-03-28 13:54:00,2.75,2.95,2.65,2.85,111960,2078640
2019-03-28 13:55:00,2.85,2.90,2.60,2.65,103680,2010520
2019-03-28 13:56:00,2.65,3.00,2.60,2.85,155760,2010520
2019-03-28 13:57:00,2.90,3.10,2.90,2.95,89480,2010520
2019-03-28 13:58:00,2.95,3.45,2.65,2.65,108180,1972900
2019-03-28 13:59:00,2.75,2.85,2.60,2.85,72640,1972900
2019-03-28 14:00:00,2.80,3.45,2.70,3.20,100860,1972900
2019-03-28 14:01:00,3.30,3.50,2.80,2.80,96380,1962160
2019-03-28 14:02:00,2.85,2.85,2.30,2.40,70660,1962160
2019-03-28 14:03:00,2.35,2.40,2.15,2.25,64540,1962160
2019-03-28 14:04:00,2.20,2.35,1.30,1.35,102480,1945160
2019-03-28 14:05:00,1.35,1.60,1.25,1.55,75840,1945160
2019-03-28 14:06:00,1.60,1.80,1.55,1.65,44400,1945160
2019-03-28 14:07:00,1.65,1.80,1.50,1.65,62780,1896720
2019-03-28 14:08:00,1.60,1.90,1.60,1.85,57560,1896720
2019-03-28 14:09:00,1.85,1.95,1.70,1.75,45840,1896720
2019-03-28 14:10:00,1.85,2.00,1.80,1.85,46180,1888520
2019-03-28 14:11:00,1.85,2.45,1.80,2.25,97540,1888520
2019-03-28 14:12:00,2.15,2.15,1.80,1.90,44340,1888520
2019-03-28 14:13:00,1.80,1.90,1.75,1.80,32280,1878820
2019-03-28 14:14:00,1.85,1.85,1.80,1.85,34840,1878820
2019-03-28 14:15:00,1.80,1.95,1.75,1.85,41820,1878820
2019-03-28 14:16:00,1.80,1.95,1.80,1.90,36100,1874760
2019-03-28 14:17:00,1.90,1.95,1.80,1.85,36580,1874760
2019-03-28 14:18:00,1.90,2.40,1.80,1.90,70300,1874760
2019-03-28 14:19:00,1.90,1.95,1.75,1.75,35380,1867240
2019-03-28 14:20:00,1.75,1.85,1.75,1.80,32540,1867240
2019-03-28 14:21:00,1.75,1.80,1.45,1.50,61680,1867240
2019-03-28 14:22:00,1.50,1.60,1.40,1.40,48700,1857500
2019-03-28 14:23:00,1.40,1.50,1.30,1.40,33020,1857500
2019-03-28 14:24:00,1.40,1.40,1.20,1.25,51760,1857500
2019-03-28 14:25:00,1.25,1.30,1.20,1.25,47480,1851760
2019-03-28 14:26:00,1.25,1.30,1.05,1.15,94900,1851760
2019-03-28 14:27:00,1.10,1.30,1.10,1.25,89640,1851760
2019-03-28 14:28:00,1.30,1.30,1.00,1.10,140800,1806560
2019-03-28 14:29:00,1.05,1.30,1.05,1.20,68360,1806560
2019-03-28 14:30:00,1.20,1.20,1.05,1.10,66700,1806560
2019-03-28 14:31:00,1.10,1.20,1.05,1.20,55920,1753440
2019-03-28 14:32:00,1.20,1.30,1.10,1.30,39340,1753440
2019-03-28 14:33:00,1.30,1.50,1.25,1.50,44840,1753440
2019-03-28 14:34:00,1.40,1.40,1.15,1.20,44820,1740680
2019-03-28 14:35:00,1.20,1.25,1.15,1.20,32400,1740680
2019-03-28 14:36:00,1.15,1.45,1.15,1.25,50860,1740680
2019-03-28 14:37:00,1.25,1.25,1.15,1.15,25180,1745980
2019-03-28 14:38:00,1.15,1.70,1.15,1.35,97400,1745980
2019-03-28 14:39:00,1.35,1.60,1.30,1.45,66280,1745980
2019-03-28 14:40:00,1.40,1.65,1.30,1.35,29440,1732980
2019-03-28 14:41:00,1.25,1.25,1.10,1.20,54940,1732980
2019-03-28 14:42:00,1.20,1.35,1.15,1.15,43720,1732980
2019-03-28 14:43:00,1.20,1.20,1.00,1.05,53340,1750580
2019-03-28 14:44:00,1.05,1.05,0.85,1.00,74900,1750580
2019-03-28 14:45:00,1.00,1.00,0.75,0.75,66600,1750580
2019-03-28 14:46:00,0.75,0.75,0.60,0.70,96760,1727800
2019-03-28 14:47:00,0.65,0.70,0.55,0.60,88680,1727800
2019-03-28 14:48:00,0.65,0.70,0.60,0.60,25740,1727800
2019-03-28 14:49:00,0.60,0.70,0.60,0.70,27860,1620880
2019-03-28 14:50:00,0.70,0.70,0.60,0.65,35200,1620880
2019-03-28 14:51:00,0.65,0.70,0.60,0.65,46880,1620880
2019-03-28 14:52:00,0.60,0.65,0.55,0.60,72000,1614520
2019-03-28 14:53:00,0.65,0.65,0.50,0.50,63460,1614520
2019-03-28 14:54:00,0.50,0.55,0.40,0.45,123540,1614520
2019-03-28 14:55:00,0.50,0.50,0.40,0.40,44180,1558060
2019-03-28 14:56:00,0.45,0.50,0.40,0.45,29200,1558060
2019-03-28 14:57:00,0.45,0.50,0.40,0.45,50660,1558060
2019-03-28 14:58:00,0.45,0.50,0.40,0.45,33340,1500980
2019-03-28 14:59:00,0.40,0.70,0.40,0.70,52580,1500980
2019-03-28 15:00:00,0.75,0.90,0.45,0.50,51160,1500980
2019-03-28 15:01:00,0.50,0.50,0.40,0.45,62580,1503380
2019-03-28 15:02:00,0.45,0.50,0.35,0.35,62800,1503380
2019-03-28 15:03:00,0.35,0.40,0.30,0.30,114800,1503380
2019-03-28 15:04:00,0.30,0.35,0.30,0.30,38620,1511220
2019-03-28 15:05:00,0.30,0.35,0.25,0.30,41880,1511220
2019-03-28 15:06:00,0.30,0.30,0.20,0.20,61520,1511220
2019-03-28 15:07:00,0.20,0.30,0.20,0.20,111780,1458360
2019-03-28 15:08:00,0.20,0.40,0.20,0.35,59940,1458360
2019-03-28 15:09:00,0.35,0.40,0.25,0.35,67860,1458360
2019-03-28 15:10:00,0.35,0.40,0.25,0.30,22820,1388000
2019-03-28 15:11:00,0.30,0.30,0.25,0.25,13020,1388000
2019-03-28 15:12:00,0.25,0.30,0.20,0.25,38100,1388000
2019-03-28 15:13:00,0.25,0.25,0.20,0.20,24880,1383960
2019-03-28 15:14:00,0.20,0.25,0.20,0.25,15340,1383960
2019-03-28 15:15:00,0.25,0.25,0.15,0.20,73820,1383960
2019-03-28 15:16:00,0.15,0.20,0.15,0.15,38120,1373520
2019-03-28 15:17:00,0.15,0.20,0.10,0.10,130860,1373520
2019-03-28 15:18:00,0.10,0.15,0.10,0.10,40660,1373520
2019-03-28 15:19:00,0.10,0.15,0.10,0.15,21680,1341960
2019-03-28 15:20:00,0.15,0.15,0.10,0.15,29800,1341960
2019-03-28 15:21:00,0.15,0.15,0.10,0.15,27480,1341960
2019-03-28 15:22:00,0.15,0.15,0.10,0.10,32700,1303980
2019-03-28 15:23:00,0.10,0.15,0.10,0.10,77200,1303980
2019-03-28 15:24:00,0.15,0.15,0.05,0.10,92780,1303980
2019-03-28 15:25:00,0.10,0.65,0.10,0.15,82780,1185960
2019-03-28 15:26:00,0.15,0.20,0.15,0.15,22140,1185960
2019-03-28 15:27:00,0.15,0.20,0.10,0.10,29680,1185960
2019-03-28 15:28:00,0.10,0.15,0.10,0.10,11400,1149720
2019-03-28 15:29:01,0.10,0.15,0.05,0.10,28840,1149720
