date,open,high,low,close,volume,oi,vwap,8,9
2020-03-20 10:42:00,456.95,456.95,456.95,456.95,75,0,,,
2020-03-20 11:16:00,449.95,450.00,449.95,450.00,150,75,,,
2020-03-20 11:27:00,454.95,454.95,454.95,454.95,75,150,,,
2020-03-20 11:28:00,454.95,454.95,454.95,454.95,75,150,,,
2020-03-20 11:33:00,467.50,467.50,467.50,467.50,75,300,,,
2020-03-20 11:35:00,474.95,474.95,474.95,474.95,75,300,,,
2020-03-20 11:36:00,473.15,473.15,473.15,473.15,75,450,,,
2020-03-20 11:44:00,493.40,493.40,493.40,493.40,75,525,,,
2020-03-20 11:46:00,501.80,501.80,501.80,501.80,75,600,,,
2020-03-20 11:48:00,507.50,507.50,507.50,507.50,75,675,,,
2020-03-20 11:53:00,491.55,491.55,491.55,491.55,75,750,,,
2020-03-20 11:55:00,497.50,497.50,497.50,497.50,75,825,,,
2020-03-20 11:59:00,499.65,499.65,499.65,499.65,75,900,,,
2020-03-20 12:26:00,566.00,566.00,566.00,566.00,75,975,,,
2020-03-20 12:43:00,585.00,585.00,585.00,585.00,150,900,,,
2020-03-20 12:50:00,583.10,583.10,583.10,583.10,75,1050,,,
2020-03-20 12:56:00,610.00,610.00,610.00,610.00,750,1050,,,
2020-03-20 13:01:00,607.00,607.00,607.00,607.00,750,1725,,,
2020-03-20 13:02:00,610.05,610.05,610.05,610.05,75,1725,,,
2020-03-20 13:03:00,607.05,618.05,607.05,618.05,150,1725,,,
2020-03-20 14:06:00,532.50,532.50,532.50,532.50,75,1650,,,
2020-03-24 09:19:00,338.65,338.65,338.65,338.65,150,1650,,,
2020-03-24 09:24:00,336.65,337.35,336.65,337.35,300,1650,,,
2020-03-24 14:37:00,340.00,340.00,340.00,340.00,75,1650,,,
2020-03-25 12:44:00,329.45,329.45,329.45,329.45,75,1650,,,
2020-03-25 12:50:00,350.00,350.00,350.00,350.00,150,1725,,,
2020-03-25 13:19:00,380.30,380.30,380.30,380.30,75,1575,,,
2020-03-25 13:42:00,378.60,378.60,378.60,378.60,150,1575,,,
2020-03-25 14:37:00,413.90,413.90,413.90,413.90,75,1575,,,
2020-03-25 14:50:00,357.90,357.90,357.90,357.90,75,1650,,,
2020-03-25 15:09:00,385.25,385.25,385.25,385.25,75,1575,,,
2020-03-25 15:27:00,415.55,415.55,415.55,415.55,150,1575,,,
2020-03-25 15:29:01,408.35,408.35,408.35,408.35,150,1575,,,
2020-03-26 10:23:00,548.05,548.05,541.05,541.05,150,1350,,,
2020-03-26 10:24:00,536.05,536.05,527.05,532.00,300,1350,,,
2020-03-26 10:26:00,525.05,525.05,509.05,509.05,150,1125,,,
2020-03-26 10:27:00,515.05,515.05,515.05,515.05,75,1125,,,
2020-03-26 10:29:00,511.05,511.05,498.55,498.55,150,1125,,,
2020-03-26 10:30:00,489.55,489.55,489.55,489.55,75,1125,,,
2020-03-26 10:31:00,478.05,478.05,478.05,478.05,75,1125,,,
2020-03-26 10:32:00,482.95,482.95,474.05,475.95,225,1125,,,
2020-03-26 10:33:00,486.45,496.45,486.45,496.45,300,1125,,,
2020-03-26 10:34:00,500.05,500.05,500.05,500.05,75,1125,,,
2020-03-26 10:37:00,499.50,499.50,499.50,499.50,75,1125,,,
2020-03-26 11:52:00,500.00,500.00,500.00,500.00,75,825,,,
2020-03-26 12:06:00,535.00,535.00,535.00,535.00,75,825,,,
2020-03-26 13:25:00,446.00,446.00,446.00,446.00,75,825,,,
2020-03-26 13:28:00,446.00,446.00,446.00,446.00,75,825,,,
2020-03-26 13:40:00,464.80,464.80,464.80,464.80,75,825,,,
2020-03-26 14:30:00,455.35,455.35,455.35,455.35,75,900,,,
2020-03-26 14:31:00,462.95,465.00,462.95,465.00,150,900,,,
2020-03-26 14:45:00,461.45,461.45,461.45,461.45,225,900,,,
2020-03-27 09:28:00,593.25,593.25,592.90,592.90,150,900,,,
2020-03-27 09:30:00,594.60,594.60,594.60,594.60,75,1050,,,
2020-03-27 09:31:00,611.95,611.95,611.95,611.95,75,1050,,,
2020-03-27 09:32:00,611.10,611.10,611.10,611.10,75,1200,,,
2020-03-27 09:33:00,611.10,611.10,611.10,611.10,75,0,,,
2020-03-27 09:34:00,611.10,611.10,611.10,611.10,75,1200,,,
2020-03-27 09:40:00,620.00,620.00,620.00,620.00,75,1200,,,
2020-03-27 09:41:00,605.45,605.45,604.05,604.05,225,1275,,,
2020-03-27 09:44:00,593.25,593.25,593.25,593.25,75,1200,,,
2020-03-27 09:46:00,590.00,590.00,590.00,590.00,225,1200,,,
2020-03-27 09:47:00,592.00,592.00,592.00,592.00,75,1275,,,
2020-03-27 09:54:00,580.25,591.60,580.25,591.60,225,1350,,,
2020-03-27 09:55:00,598.50,598.50,598.50,598.50,75,1350,,,
2020-03-27 09:58:00,582.05,586.55,582.05,586.55,225,1350,,,
2020-03-27 09:59:00,581.95,581.95,581.95,581.95,75,1350,,,
2020-03-27 10:01:00,579.35,582.15,579.35,582.15,150,1350,,,
2020-03-27 10:02:00,587.65,587.65,587.65,587.65,75,1425,,,
2020-03-27 10:06:00,576.95,576.95,576.95,576.95,75,1425,,,
2020-03-27 10:07:00,567.70,567.70,567.70,567.70,75,1425,,,
2020-03-27 10:08:00,612.80,612.80,612.80,612.80,1125,1275,,,
2020-03-27 10:09:00,681.55,712.00,605.55,627.05,600,1275,,,
2020-03-27 10:13:00,569.95,569.95,513.30,513.30,150,2175,,,
2020-03-27 10:16:00,580.85,580.85,580.85,580.85,75,2025,,,
2020-03-27 10:18:00,531.95,531.95,531.95,531.95,75,2175,,,
2020-03-27 10:22:00,552.45,552.45,552.45,552.45,75,2100,,,
2020-03-27 10:26:00,568.00,568.00,568.00,568.00,75,2100,,,
2020-03-27 10:36:00,567.95,567.95,567.95,567.95,75,2025,,,
2020-03-27 10:42:00,539.00,539.00,539.00,539.00,75,2100,,,
2020-03-27 10:48:00,550.95,550.95,550.95,550.95,75,2100,,,
2020-03-27 10:55:00,513.25,513.25,513.25,513.25,75,2175,,,
2020-03-27 10:59:00,510.00,510.00,510.00,510.00,75,2100,,,
2020-03-27 11:02:00,500.00,500.00,488.00,488.00,150,2175,,,
2020-03-27 11:03:00,505.10,505.10,505.10,505.10,150,2175,,,
2020-03-27 11:04:00,510.00,510.00,510.00,510.00,75,2175,,,
2020-03-27 11:11:00,484.00,484.00,483.15,483.15,150,2325,,,
2020-03-27 11:13:00,483.15,483.15,483.15,483.15,225,2325,,,
2020-03-27 11:33:00,483.15,483.15,483.15,483.15,75,2325,,,
2020-03-27 11:48:00,455.00,455.00,455.00,455.00,75,2250,,,
2020-03-27 11:51:00,472.45,472.45,472.45,472.45,75,2325,,,
2020-03-27 11:54:00,476.45,476.45,476.45,476.45,75,2325,,,
2020-03-27 11:56:00,487.95,487.95,487.95,487.95,75,2400,,,
2020-03-27 11:57:00,493.15,493.15,493.15,493.15,75,2400,,,
2020-03-27 12:11:00,498.45,498.45,498.45,498.45,75,2400,,,
2020-03-27 12:15:00,486.20,486.20,486.20,486.20,150,2475,,,
2020-03-27 13:26:00,401.65,401.65,401.65,401.65,75,2400,,,
2020-03-27 13:32:00,428.55,428.55,428.55,428.55,75,2325,,,
2020-03-27 13:35:00,439.30,439.30,439.30,439.30,75,2400,,,
2020-03-27 14:03:00,484.50,484.50,484.50,484.50,150,2475,,,
2020-03-27 14:04:00,504.60,504.60,504.60,504.60,75,2475,,,
2020-03-27 14:10:00,500.65,504.60,500.65,504.60,300,2550,,,
2020-03-27 14:21:00,514.35,514.35,514.35,514.35,75,2625,,,
2020-03-27 14:22:00,509.50,509.50,509.50,509.50,75,2625,,,
2020-03-27 14:31:00,527.95,527.95,527.95,527.95,75,2625,,,
2020-03-27 14:42:00,480.50,480.50,480.50,480.50,75,2700,,,
2020-03-27 14:54:00,452.70,452.70,452.70,452.70,75,2625,,,
2020-03-27 15:02:00,439.90,439.90,439.90,439.90,75,2550,,,
2020-03-30 09:28:00,351.70,351.70,351.70,351.70,75,2475,,,
2020-03-30 09:35:00,400.00,400.00,400.00,400.00,75,2475,,,
2020-03-30 09:46:00,440.00,448.60,440.00,448.60,150,2550,,,
2020-03-30 09:48:00,407.40,407.40,407.40,407.40,75,2625,,,
2020-03-30 10:23:00,445.55,445.55,445.55,445.55,75,2475,,,
2020-03-30 10:28:00,426.20,426.20,426.20,426.20,75,2475,,,
2020-03-30 10:29:00,425.60,425.60,425.60,425.60,75,2475,,,
2020-03-30 13:04:00,380.00,380.00,380.00,380.00,75,2475,,,
2020-03-30 14:00:00,367.15,367.15,367.15,367.15,75,2475,,,
2020-03-30 14:52:00,334.00,334.00,334.00,334.00,75,2400,,,
2020-03-30 14:53:00,334.00,334.00,334.00,334.00,975,2400,,,
2020-03-30 15:19:00,309.35,309.35,309.35,309.35,75,3375,,,
2020-03-31 09:25:00,347.05,347.05,347.05,347.05,75,3375,,,
2020-03-31 09:28:00,335.05,335.05,335.00,335.00,150,3375,,,
2020-03-31 09:35:00,332.35,332.35,332.35,332.35,75,3375,,,
2020-03-31 09:51:00,360.65,360.65,360.65,360.65,75,3075,,,
2020-03-31 10:04:00,323.50,323.50,323.50,323.50,75,3150,,,
2020-03-31 10:12:00,334.65,334.65,326.00,326.00,150,3150,,,
2020-03-31 10:28:00,347.70,347.70,347.70,347.70,150,3000,,,
2020-03-31 10:30:00,350.60,350.60,350.60,350.60,75,3075,,,
2020-03-31 10:31:00,353.95,353.95,353.95,353.95,150,3075,,,
2020-03-31 10:32:00,357.45,357.45,357.45,357.45,150,3075,,,
2020-03-31 10:35:00,358.85,358.85,358.85,358.85,75,3225,,,
2020-03-31 10:42:00,352.70,352.70,352.70,352.70,150,3000,,,
2020-03-31 10:43:00,355.00,355.00,355.00,355.00,75,3000,,,
2020-03-31 10:48:00,347.45,347.45,347.45,347.45,75,3150,,,
2020-03-31 10:53:00,354.05,354.05,354.05,354.05,75,3075,,,
2020-03-31 10:58:00,358.55,358.55,358.55,358.55,75,3150,,,
2020-03-31 11:00:00,358.00,358.00,358.00,358.00,150,0,,,
2020-03-31 11:06:00,349.20,349.20,349.20,349.20,75,3000,,,
2020-03-31 11:07:00,343.70,343.70,343.70,343.70,75,3000,,,
2020-03-31 11:12:00,342.05,342.05,342.05,342.05,75,3150,,,
2020-03-31 11:15:00,347.40,347.40,347.40,347.40,75,3000,,,
2020-03-31 11:16:00,349.10,349.10,349.10,349.10,150,3000,,,
2020-03-31 11:19:00,359.70,359.70,349.35,349.35,375,3075,,,
2020-03-31 11:30:00,358.55,358.55,358.55,358.55,75,3300,,,
2020-03-31 11:31:00,358.35,358.35,358.35,358.35,75,3300,,,
2020-03-31 11:33:00,360.60,360.60,360.60,360.60,75,3450,,,
2020-03-31 11:34:00,356.70,356.70,356.70,356.70,75,3450,,,
2020-03-31 11:43:00,370.00,370.00,370.00,370.00,300,3450,,,
2020-03-31 11:46:00,371.45,371.45,371.45,371.45,75,3300,,,
2020-03-31 11:48:00,379.15,379.15,373.20,373.20,150,3375,,,
2020-03-31 11:56:00,380.90,380.90,380.90,380.90,75,3525,,,
2020-03-31 12:35:00,390.00,390.00,390.00,390.00,75,3375,,,
2020-03-31 12:41:00,390.50,390.50,390.50,390.50,75,3375,,,
2020-03-31 12:49:00,399.95,399.95,399.95,399.95,75,3450,,,
2020-03-31 12:51:00,397.00,397.00,397.00,397.00,75,3375,,,
2020-03-31 13:52:00,398.85,398.85,398.85,398.85,75,3375,,,
2020-03-31 13:59:00,395.85,395.85,395.85,395.85,75,3375,,,
2020-03-31 14:06:00,397.00,397.00,397.00,397.00,1050,3300,,,
2020-03-31 14:34:00,408.00,408.00,408.00,408.00,75,2250,,,
2020-03-31 14:35:00,410.00,410.00,410.00,410.00,375,2250,,,
2020-03-31 15:09:00,390.60,390.60,390.60,390.60,150,2475,,,
2020-03-31 15:10:00,380.05,380.05,380.05,380.05,75,2475,,,
2020-03-31 15:11:00,385.90,385.90,385.90,385.90,75,2475,,,
2020-03-04 10:10:00,145.00,145.00,145.00,145.00,150,2400,,,
2020-03-04 11:57:00,130.00,130.00,130.00,130.00,75,2400,,,
2020-03-04 13:20:00,130.00,130.00,130.00,130.00,75,2400,,,
2020-03-04 13:34:00,130.00,130.00,130.00,130.00,75,2400,,,
2020-03-04 13:39:00,130.00,130.00,130.00,130.00,75,2475,,,
2020-03-04 13:55:00,130.00,130.00,130.00,130.00,75,2400,,,
2020-03-04 13:58:00,130.00,130.00,130.00,130.00,75,2325,,,
2020-03-04 14:50:00,113.40,113.40,113.40,113.40,75,2325,,,
2020-03-04 14:52:00,99.20,99.20,99.20,99.20,75,2250,,,
2020-03-04 15:10:00,110.55,110.55,110.55,110.55,75,2325,,,
2020-03-04 15:28:00,114.95,114.95,114.95,114.95,75,2325,,,
2020-07-04 10:04:00,170.65,170.65,160.60,160.60,150,2325,,,
2020-07-04 10:06:00,161.80,161.80,161.80,161.80,75,2325,,,
2020-07-04 10:19:00,151.15,151.15,151.15,151.15,75,2325,,,
2020-07-04 10:22:00,148.95,148.95,148.95,148.95,75,2400,,,
2020-07-04 10:33:00,153.05,153.05,153.05,153.05,75,2325,,,
2020-07-04 10:45:00,155.90,155.90,155.90,155.90,75,2325,,,
2020-07-04 11:31:00,246.05,246.05,246.05,246.05,75,2325,,,
2020-07-04 12:13:00,200.00,200.00,200.00,200.00,75,2325,,,
2020-07-04 12:26:00,193.70,193.70,193.70,193.70,75,2325,,,
2020-07-04 13:01:00,236.65,236.65,236.65,236.65,75,2400,,,
2020-07-04 13:09:00,228.25,228.25,227.70,227.70,150,2400,,,
2020-07-04 13:21:00,244.70,246.55,244.70,246.55,150,2325,,,
2020-07-04 13:29:00,250.00,250.00,250.00,250.00,75,2250,,,
2020-07-04 13:46:00,280.50,280.50,280.50,280.50,75,2250,,,
2020-07-04 13:47:00,270.00,270.00,270.00,270.00,75,2250,,,
2020-07-04 13:48:00,277.00,280.85,277.00,280.85,150,2250,,,
2020-07-04 13:49:00,287.00,287.00,287.00,287.00,75,2250,,,
2020-07-04 13:54:00,297.00,298.00,297.00,298.00,150,2325,,,
2020-07-04 14:01:00,308.05,308.05,308.05,308.05,75,2325,,,
2020-07-04 14:10:00,289.05,289.05,289.05,289.05,225,2250,,,
2020-07-04 14:13:00,295.00,305.00,295.00,305.00,300,2475,,,
2020-07-04 14:19:00,307.40,312.95,307.40,312.95,225,2475,,,
2020-07-04 14:22:00,300.00,300.00,300.00,300.00,150,2550,,,
2020-07-04 14:27:00,298.95,298.95,298.95,298.95,75,2700,,,
2020-07-04 14:30:00,296.75,296.75,296.75,296.75,75,2700,,,
2020-07-04 14:31:00,300.00,300.00,300.00,300.00,75,2700,,,
2020-07-04 14:36:00,300.00,300.00,300.00,300.00,375,2775,,,
2020-07-04 14:44:00,315.00,315.00,315.00,315.00,375,3150,,,
2020-07-04 14:51:00,316.50,316.50,316.50,316.50,75,3150,,,
2020-07-04 14:55:00,321.50,321.50,321.50,321.50,150,3225,,,
2020-07-04 14:58:00,302.05,302.05,302.05,302.05,150,3300,,,
2020-07-04 15:00:00,315.00,315.00,315.00,315.00,75,3150,,,
2020-07-04 15:02:00,321.00,321.00,321.00,321.00,1125,3150,,,
2020-07-04 15:13:00,333.55,333.55,333.55,333.55,75,3900,,,
2020-07-04 15:15:00,329.00,329.00,329.00,329.00,375,3900,,,
2020-07-04 15:20:00,322.70,323.35,322.70,323.35,150,3675,,,
2020-07-04 15:21:00,322.75,322.75,322.75,322.75,75,3675,,,
2020-07-04 15:23:00,321.05,321.05,321.05,321.05,75,3750,,,
2020-08-04 09:25:00,242.15,256.60,242.15,256.60,150,3600,,,
2020-08-04 09:26:00,261.30,261.30,261.30,261.30,75,3600,,,
2020-08-04 09:28:00,287.60,291.50,287.60,291.50,150,3600,,,
2020-08-04 09:29:00,289.25,289.25,289.25,289.25,150,3675,,,
2020-08-04 09:30:00,303.75,303.75,303.70,303.70,150,3675,,,
2020-08-04 09:31:00,327.65,327.65,316.20,319.55,825,3675,,,
2020-08-04 09:32:00,308.50,312.05,308.50,312.05,150,3975,,,
2020-08-04 09:33:00,310.00,310.00,310.00,310.00,75,3975,,,
2020-08-04 09:34:00,296.15,296.65,293.85,293.85,300,3975,,,
2020-08-04 09:35:00,290.95,309.15,290.60,309.15,750,3675,,,
2020-08-04 09:37:00,305.40,318.25,303.70,304.95,975,3675,,,
2020-08-04 09:41:00,312.65,312.65,312.65,312.65,75,3300,,,
2020-08-04 09:42:00,305.15,305.15,305.15,305.15,450,3300,,,
2020-08-04 09:44:00,323.10,344.00,323.10,344.00,375,3225,,,
2020-08-04 09:45:00,354.35,361.35,354.35,361.35,150,3225,,,
2020-08-04 09:46:00,369.05,376.00,369.05,376.00,150,3225,,,
2020-08-04 09:47:00,376.00,376.00,376.00,376.00,75,3000,,,
2020-08-04 09:49:00,379.00,379.00,370.00,370.00,150,3000,,,
2020-08-04 09:52:00,370.10,370.10,370.10,370.10,75,3150,,,
2020-08-04 09:53:00,386.85,386.85,386.85,386.85,75,3150,,,
2020-08-04 09:56:00,386.85,386.85,386.85,386.85,75,3150,,,
2020-08-04 09:57:00,375.60,382.00,375.60,382.00,150,3225,,,
2020-08-04 10:01:00,365.00,365.00,351.55,351.55,150,3150,,,
2020-08-04 10:07:00,367.70,367.70,367.70,367.70,75,3150,,,
2020-08-04 10:12:00,379.00,379.00,379.00,379.00,150,3150,,,
2020-08-04 10:15:00,393.60,393.60,393.60,393.60,75,3300,,,
2020-08-04 10:18:00,405.00,407.70,405.00,407.70,300,3300,,,
2020-08-04 10:19:00,421.90,421.90,421.90,421.90,75,3300,,,
2020-08-04 10:20:00,415.25,437.95,415.25,437.95,225,3525,,,
2020-08-04 10:21:00,446.45,455.00,446.45,455.00,150,3525,,,
2020-08-04 10:22:00,452.85,458.45,452.85,458.45,300,3525,,,
2020-08-04 10:23:00,459.00,459.00,457.95,457.95,225,3825,,,
2020-08-04 10:24:00,449.00,449.00,449.00,449.00,225,3825,,,
2020-08-04 10:25:00,469.95,469.95,469.95,469.95,75,3825,,,
2020-08-04 10:27:00,462.65,462.65,442.05,461.00,375,3825,,,
2020-08-04 10:29:00,440.00,440.00,440.00,440.00,75,3750,,,
2020-08-04 10:30:00,453.55,453.55,453.55,453.55,75,3750,,,
2020-08-04 10:33:00,459.45,459.45,459.45,459.45,75,3900,,,
2020-08-04 10:36:00,444.00,444.00,444.00,444.00,75,3975,,,
2020-08-04 10:48:00,415.50,415.50,415.50,415.50,150,4050,,,
2020-08-04 10:51:00,387.00,387.00,387.00,387.00,75,3900,,,
2020-08-04 10:52:00,415.50,429.45,415.50,429.45,225,3900,,,
2020-08-04 10:54:00,410.00,410.00,410.00,410.00,75,4050,,,
2020-08-04 10:56:00,386.05,386.05,382.00,382.00,150,4050,,,
2020-08-04 10:59:00,415.00,415.00,415.00,415.00,75,0,,,
2020-08-04 11:00:00,415.00,415.00,415.00,415.00,75,3900,,,
2020-08-04 11:07:00,393.95,393.95,393.95,393.95,75,3900,,,
2020-08-04 11:08:00,381.05,381.05,381.05,381.05,75,3975,,,
2020-08-04 11:12:00,385.00,391.10,385.00,391.10,300,3975,,,
2020-08-04 11:13:00,385.55,385.55,385.55,385.55,75,3975,,,
2020-08-04 11:19:00,388.55,388.55,388.55,388.55,75,4125,,,
2020-08-04 11:21:00,417.80,417.80,417.80,417.80,600,4050,,,
2020-08-04 11:23:00,417.80,417.80,417.80,417.80,150,4050,,,
2020-08-04 11:27:00,414.45,414.45,414.45,414.45,75,4500,,,
2020-08-04 11:29:00,416.65,419.20,416.65,419.20,150,4425,,,
2020-08-04 11:30:00,419.20,419.20,419.20,419.20,75,4425,,,
2020-08-04 11:31:00,403.55,403.55,403.55,403.55,150,4425,,,
2020-08-04 11:33:00,395.00,396.00,395.00,396.00,150,4350,,,
2020-08-04 11:34:00,396.00,400.85,396.00,400.85,150,4350,,,
2020-08-04 11:35:00,396.00,396.00,396.00,396.00,150,4350,,,
2020-08-04 11:38:00,370.00,370.00,367.55,367.55,1200,4425,,,
2020-08-04 11:39:00,357.05,357.05,357.05,357.05,75,4200,,,
2020-08-04 11:43:00,347.40,347.40,347.40,347.40,75,4200,,,
2020-08-04 11:48:00,317.45,317.45,317.45,317.45,150,3150,,,
2020-08-04 11:51:00,310.00,310.00,310.00,310.00,75,3150,,,
2020-08-04 12:04:00,356.00,356.00,356.00,356.00,75,3150,,,
2020-08-04 12:09:00,336.00,339.45,336.00,339.45,150,3150,,,
2020-08-04 13:33:00,301.00,301.00,301.00,301.00,150,3150,,,
2020-08-04 13:58:00,267.00,267.00,267.00,267.00,75,3075,,,
2020-08-04 14:26:00,267.65,278.85,267.65,278.85,150,3075,,,
2020-08-04 14:42:00,278.00,278.00,278.00,278.00,150,3150,,,
2020-08-04 14:47:00,292.00,292.00,292.00,292.00,75,3225,,,
2020-08-04 15:00:00,292.00,292.00,292.00,292.00,150,3150,,,
2020-08-04 15:10:00,272.00,272.00,272.00,272.00,75,3225,,,
2020-08-04 15:11:00,278.00,278.00,278.00,278.00,75,3225,,,
2020-08-04 15:16:00,276.65,276.65,276.65,276.65,75,3225,,,
2020-08-04 15:19:00,275.85,275.85,275.85,275.85,75,0,,,
2020-08-04 15:20:00,275.90,275.90,270.25,270.25,150,3150,,,
2020-08-04 15:21:00,275.00,275.00,275.00,275.00,75,3150,,,
2020-09-04 09:16:00,363.40,363.40,363.40,363.40,75,3000,,,
2020-09-04 09:17:00,362.05,362.05,362.05,362.05,75,3075,,,
2020-09-04 09:18:00,362.00,362.00,362.00,362.00,150,3075,,,
2020-09-04 09:19:00,365.55,365.55,348.35,348.35,300,3075,,,
2020-09-04 09:21:00,363.65,363.65,363.65,363.65,75,3000,,,
2020-09-04 09:22:00,363.95,363.95,363.95,363.95,75,3000,,,
2020-09-04 09:26:00,349.65,352.30,349.65,352.30,150,3150,,,
2020-09-04 09:27:00,350.75,350.75,349.65,349.65,300,3150,,,
2020-09-04 09:28:00,350.00,350.00,350.00,350.00,75,3150,,,
2020-09-04 09:29:00,363.90,363.90,360.15,360.15,150,3075,,,
2020-09-04 09:35:00,396.90,399.50,396.90,399.50,225,3300,,,
2020-09-04 09:36:00,399.05,399.05,399.05,399.05,75,3300,,,
2020-09-04 09:41:00,383.95,391.75,383.95,391.75,150,3225,,,
2020-09-04 09:44:00,395.35,395.35,395.35,395.35,75,3150,,,
2020-09-04 09:46:00,394.20,394.20,394.20,394.20,75,3150,,,
2020-09-04 09:47:00,385.00,385.00,385.00,385.00,75,3300,,,
2020-09-04 09:48:00,385.00,385.00,385.00,385.00,75,3300,,,
2020-09-04 09:49:00,383.40,383.40,383.40,383.40,75,3300,,,
2020-09-04 09:51:00,383.20,383.20,383.20,383.20,75,3450,,,
2020-09-04 09:54:00,360.25,360.25,356.65,356.65,300,3525,,,
2020-09-04 09:55:00,364.90,367.95,364.90,367.95,3450,3525,,,
2020-09-04 09:57:00,370.00,370.00,369.00,369.00,825,6825,,,
2020-09-04 10:05:00,389.05,389.05,389.05,389.05,450,6150,,,
2020-09-04 10:06:00,385.00,385.00,385.00,385.00,150,5925,,,
2020-09-04 10:09:00,384.85,384.85,384.85,384.85,75,6075,,,
2020-09-04 10:16:00,398.25,398.25,398.25,398.25,75,5400,,,
2020-09-04 10:18:00,395.65,395.65,390.00,390.00,150,5400,,,
2020-09-04 10:19:00,380.00,380.00,380.00,380.00,150,5400,,,
2020-09-04 10:20:00,380.00,383.10,380.00,383.10,150,5700,,,
2020-09-04 10:24:00,380.60,380.60,380.60,380.60,75,5550,,,
2020-09-04 10:27:00,399.85,399.85,399.85,399.85,75,5625,,,
2020-09-04 10:28:00,395.00,395.00,395.00,395.00,75,5625,,,
2020-09-04 10:32:00,392.20,392.20,392.20,392.20,150,5475,,,
2020-09-04 10:36:00,388.50,388.50,388.50,388.50,75,5625,,,
2020-09-04 10:43:00,387.70,387.70,387.70,387.70,75,5700,,,
2020-09-04 10:45:00,373.25,373.25,373.25,373.25,75,5775,,,
2020-09-04 10:46:00,360.95,360.95,360.95,360.95,75,5775,,,
2020-09-04 10:52:00,355.95,355.95,355.95,355.95,150,5925,,,
2020-09-04 10:55:00,340.00,340.00,340.00,340.00,75,5850,,,
2020-09-04 10:57:00,336.85,336.85,336.85,336.85,75,5700,,,
2020-09-04 11:00:00,334.85,334.85,334.85,334.85,75,5700,,,
2020-09-04 11:02:00,334.30,334.30,334.30,334.30,150,5700,,,
2020-09-04 11:06:00,336.55,336.55,336.55,336.55,75,5625,,,
2020-09-04 11:09:00,344.00,344.00,344.00,344.00,75,5550,,,
2020-09-04 11:10:00,340.00,340.00,340.00,340.00,75,5550,,,
2020-09-04 11:29:00,340.00,340.00,340.00,340.00,150,5550,,,
2020-09-04 11:30:00,361.60,361.60,361.60,361.60,150,5550,,,
2020-09-04 11:37:00,374.15,383.00,374.15,383.00,225,5700,,,
2020-09-04 11:39:00,385.00,400.00,385.00,400.00,300,5775,,,
2020-09-04 11:40:00,390.00,394.35,390.00,390.00,375,5775,,,
2020-09-04 11:41:00,390.10,400.75,390.10,400.75,150,5925,,,
2020-09-04 11:42:00,395.00,395.00,390.10,390.10,225,5925,,,
2020-09-04 11:45:00,385.90,388.70,385.90,388.70,150,6075,,,
2020-09-04 11:48:00,397.00,397.00,397.00,397.00,75,6075,,,
2020-09-04 11:50:00,404.30,410.00,404.30,410.00,1050,6075,,,
2020-09-04 11:53:00,405.00,405.00,405.00,405.00,75,6150,,,
2020-09-04 11:55:00,402.00,402.00,402.00,402.00,75,6150,,,
2020-09-04 11:56:00,406.95,406.95,406.95,406.95,75,6675,,,
2020-09-04 12:03:00,397.55,397.55,395.25,395.25,825,6750,,,
2020-09-04 12:06:00,383.00,383.00,376.45,376.45,675,6000,,,
2020-09-04 12:07:00,377.70,380.85,377.70,380.85,825,6000,,,
2020-09-04 12:13:00,393.00,393.00,391.05,391.05,150,6825,,,
2020-09-04 12:15:00,400.90,400.90,400.90,400.90,75,6225,,,
2020-09-04 12:18:00,410.85,410.85,410.85,410.85,75,5625,,,
2020-09-04 12:19:00,403.15,403.15,403.15,403.15,900,5625,,,
2020-09-04 12:20:00,397.00,397.00,396.50,396.50,1500,5625,,,
2020-09-04 12:21:00,392.00,392.00,392.00,392.00,75,6900,,,
2020-09-04 12:24:00,390.00,390.00,390.00,390.00,75,6975,,,
2020-09-04 12:27:00,377.50,377.50,377.50,377.50,75,7050,,,
2020-09-04 12:28:00,388.00,388.00,383.55,383.55,1575,7050,,,
2020-09-04 12:30:00,400.25,400.25,400.25,400.25,150,6450,,,
2020-09-04 12:31:00,402.00,413.00,402.00,413.00,375,6450,,,
2020-09-04 12:32:00,406.00,407.75,406.00,407.75,150,6450,,,
2020-09-04 12:33:00,408.15,408.15,408.15,408.15,75,6825,,,
2020-09-04 12:34:00,406.25,406.25,406.25,406.25,300,6825,,,
2020-09-04 12:35:00,399.30,399.30,399.30,399.30,75,6825,,,
2020-09-04 12:37:00,399.30,399.30,399.30,399.30,75,7125,,,
2020-09-04 12:39:00,400.55,400.55,398.05,398.05,150,7200,,,
2020-09-04 12:40:00,404.70,404.70,404.45,404.45,300,7200,,,
2020-09-04 12:41:00,402.00,403.00,402.00,403.00,525,7200,,,
2020-09-04 12:42:00,403.45,403.45,400.00,400.00,150,6900,,,
2020-09-04 12:45:00,398.35,398.35,398.35,398.35,75,6975,,,
2020-09-04 12:46:00,401.50,401.50,401.50,401.50,75,6975,,,
2020-09-04 12:47:00,402.75,402.75,402.75,402.75,750,6975,,,
2020-09-04 12:50:00,408.15,411.50,408.15,411.50,900,7125,,,
2020-09-04 12:51:00,413.50,413.50,413.50,413.50,750,7125,,,
2020-09-04 12:52:00,410.40,413.10,410.40,413.10,1350,7125,,,
2020-09-04 12:56:00,401.45,401.45,401.45,401.45,75,7050,,,
2020-09-04 12:59:00,401.70,401.70,401.70,401.70,75,7050,,,
2020-09-04 13:03:00,399.45,409.45,399.45,409.45,225,6675,,,
2020-09-04 13:04:00,417.00,417.00,416.95,416.95,150,6675,,,
2020-09-04 13:05:00,422.60,422.60,416.75,416.75,975,6675,,,
2020-09-04 13:06:00,416.95,421.10,416.95,421.10,600,6600,,,
2020-09-04 13:08:00,416.10,417.50,416.10,417.50,750,6600,,,
2020-09-04 13:10:00,421.50,421.50,421.05,421.05,225,6675,,,
2020-09-04 13:11:00,417.40,417.40,417.40,417.40,225,6675,,,
2020-09-04 13:12:00,410.75,410.75,410.75,410.75,75,6825,,,
2020-09-04 13:13:00,411.55,411.55,411.55,411.55,75,6825,,,
2020-09-04 13:14:00,410.75,410.75,409.60,409.60,150,6825,,,
2020-09-04 13:17:00,416.40,416.40,416.35,416.35,225,5850,,,
2020-09-04 13:18:00,418.45,422.60,418.45,422.60,450,6075,,,
2020-09-04 13:19:00,415.65,415.65,414.45,414.45,225,6075,,,
2020-09-04 13:20:00,416.70,416.70,416.70,416.70,225,6075,,,
2020-09-04 13:23:00,423.65,423.65,423.65,423.65,150,6075,,,
2020-09-04 13:24:00,422.20,422.20,422.20,422.20,225,6000,,,
2020-09-04 13:26:00,422.20,422.20,422.20,422.20,75,6000,,,
2020-09-04 13:31:00,412.45,412.45,408.15,408.15,150,5925,,,
2020-09-04 13:32:00,400.00,400.00,400.00,400.00,75,5925,,,
2020-09-04 13:33:00,395.10,395.10,395.10,395.10,75,6075,,,
2020-09-04 13:34:00,404.50,408.80,404.50,408.80,150,6075,,,
2020-09-04 13:35:00,406.20,406.20,406.20,406.20,75,6075,,,
2020-09-04 13:37:00,404.95,404.95,404.95,404.95,75,6000,,,
2020-09-04 13:40:00,402.05,402.05,402.05,402.05,75,6075,,,
2020-09-04 13:42:00,388.80,388.80,388.80,388.80,75,6075,,,
2020-09-04 13:46:00,392.25,392.25,392.25,392.25,75,6075,,,
2020-09-04 13:51:00,392.10,392.10,392.10,392.10,75,6000,,,
2020-09-04 13:52:00,392.10,392.10,392.10,392.10,75,6000,,,
2020-09-04 13:55:00,379.60,379.60,379.60,379.60,225,6150,,,
2020-09-04 13:59:00,378.55,378.55,378.55,378.55,75,5925,,,
2020-09-04 14:00:00,372.05,372.05,370.00,370.00,150,5925,,,
2020-09-04 14:02:00,370.00,376.00,370.00,376.00,225,5925,,,
2020-09-04 14:07:00,392.25,392.25,390.05,390.05,300,6075,,,
2020-09-04 14:09:00,381.80,381.80,375.30,375.30,450,6225,,,
2020-09-04 14:10:00,378.45,378.45,378.45,378.45,150,6225,,,
2020-09-04 14:11:00,377.85,378.15,377.85,378.15,525,6225,,,
2020-09-04 14:12:00,380.00,380.00,380.00,380.00,150,6750,,,
2020-09-04 14:13:00,386.40,386.95,386.40,386.95,525,6750,,,
2020-09-04 14:20:00,380.60,380.60,380.60,380.60,75,6225,,,
2020-09-04 14:21:00,378.70,378.70,375.95,375.95,225,6150,,,
2020-09-04 14:22:00,372.95,372.95,372.95,372.95,300,6150,,,
2020-09-04 14:25:00,366.95,366.95,362.50,362.50,450,6075,,,
2020-09-04 14:26:00,361.65,361.65,360.80,360.80,750,6075,,,
2020-09-04 14:27:00,365.55,365.55,365.55,365.55,75,6375,,,
2020-09-04 14:28:00,366.55,366.55,366.55,366.55,75,6375,,,
2020-09-04 14:30:00,368.00,368.00,366.90,366.90,975,6750,,,
2020-09-04 14:31:00,379.25,379.25,379.25,379.25,150,6750,,,
2020-09-04 14:33:00,379.10,379.10,379.10,379.10,150,6075,,,
2020-09-04 14:35:00,375.80,375.80,375.80,375.80,150,6075,,,
2020-09-04 14:38:00,378.90,378.90,378.90,378.90,75,6075,,,
2020-09-04 14:40:00,374.10,374.10,374.10,374.10,225,6075,,,
2020-09-04 14:42:00,375.70,375.70,373.40,373.40,450,6075,,,
2020-09-04 14:43:00,374.95,374.95,374.95,374.95,75,6075,,,
2020-09-04 14:45:00,385.80,386.05,385.45,385.45,450,6075,,,
2020-09-04 14:46:00,385.45,385.45,385.45,385.45,150,6075,,,
2020-09-04 14:47:00,389.05,389.05,389.05,389.05,75,6075,,,
2020-09-04 14:49:00,382.35,382.35,381.30,381.30,600,6675,,,
2020-09-04 14:53:00,383.65,383.65,383.05,383.05,300,6000,,,
2020-09-04 14:56:00,391.00,391.00,391.00,391.00,75,6300,,,
2020-09-04 14:59:00,397.00,397.00,397.00,397.00,75,6375,,,
2020-09-04 15:03:00,417.75,417.75,411.35,411.35,600,6675,,,
2020-09-04 15:06:00,421.40,421.40,421.40,421.40,75,6600,,,
2020-09-04 15:09:00,424.95,428.45,424.95,428.45,150,6600,,,
2020-09-04 15:11:00,418.40,418.40,418.40,418.40,75,6600,,,
2020-09-04 15:12:00,418.40,419.10,418.40,419.10,150,6450,,,
2020-09-04 15:14:00,417.35,417.35,415.00,415.45,300,6450,,,
2020-09-04 15:15:00,415.15,415.15,411.55,411.55,525,6450,,,
2020-09-04 15:19:00,404.40,404.40,404.40,404.40,75,6075,,,
2020-09-04 15:21:00,409.40,409.40,409.40,409.40,150,6000,,,
2020-09-04 15:25:00,409.30,409.30,408.15,408.15,225,6000,,,
2020-09-04 15:26:00,406.75,406.75,405.45,405.50,1350,6000,,,
2020-09-04 15:28:00,409.90,409.90,409.90,409.90,75,7125,,,
2020-04-13 09:15:00,379.95,380.00,355.00,355.00,300,6675,,,
2020-04-13 09:16:00,435.00,435.00,435.00,435.00,75,6675,,,
2020-04-13 09:18:00,355.00,355.00,355.00,355.00,150,6975,,,
2020-04-13 09:20:00,390.00,390.00,390.00,390.00,75,6975,,,
2020-04-13 09:21:00,394.00,394.00,394.00,394.00,150,6975,,,
2020-04-13 09:23:00,371.05,371.05,371.05,371.05,75,7050,,,
2020-04-13 09:24:00,371.10,371.10,371.10,371.10,75,7050,,,
2020-04-13 09:25:00,366.50,366.50,361.00,361.00,225,7050,,,
2020-04-13 09:27:00,362.80,362.80,362.80,362.80,75,6975,,,
2020-04-13 09:30:00,340.00,340.00,340.00,340.00,75,7050,,,
2020-04-13 09:32:00,330.00,331.50,330.00,331.50,600,7125,,,
2020-04-13 09:33:00,324.05,324.05,324.05,324.05,150,7125,,,
2020-04-13 09:36:00,324.05,324.05,320.00,320.00,150,6975,,,
2020-04-13 09:39:00,320.00,320.00,320.00,320.00,75,6975,,,
2020-04-13 09:41:00,324.45,324.45,324.45,324.45,75,7050,,,
2020-04-13 09:43:00,325.30,325.30,325.30,325.30,75,7050,,,
2020-04-13 09:44:00,323.55,323.55,322.30,322.30,2250,6900,,,
2020-04-13 09:46:00,319.95,319.95,319.95,319.95,225,6900,,,
2020-04-13 09:49:00,321.20,321.20,321.20,321.20,75,7200,,,
2020-04-13 09:53:00,327.95,328.40,321.00,321.00,225,7050,,,
2020-04-13 09:54:00,318.55,318.55,312.00,312.00,150,7050,,,
2020-04-13 09:55:00,310.00,310.00,310.00,310.00,75,7050,,,
2020-04-13 10:07:00,326.00,326.00,326.00,326.00,150,7275,,,
2020-04-13 10:39:00,335.00,335.00,335.00,335.00,150,7125,,,
2020-04-13 10:42:00,353.45,353.45,353.45,353.45,600,7200,,,
2020-04-13 10:43:00,353.45,353.45,353.45,353.45,75,7200,,,
2020-04-13 10:46:00,357.90,357.90,357.05,357.05,150,6975,,,
2020-04-13 10:50:00,348.00,348.00,348.00,348.00,75,0,,,
2020-04-13 10:52:00,342.10,342.10,342.10,342.10,75,6750,,,
2020-04-13 10:59:00,344.05,344.05,344.00,344.00,150,6600,,,
2020-04-13 11:03:00,330.10,337.75,330.10,337.75,150,6600,,,
2020-04-13 11:12:00,356.00,356.00,356.00,356.00,300,6450,,,
2020-04-13 11:15:00,360.00,373.40,360.00,373.40,300,6600,,,
2020-04-13 11:16:00,375.00,375.00,375.00,375.00,150,6600,,,
2020-04-13 11:20:00,364.80,364.80,364.80,364.80,150,6825,,,
2020-04-13 11:25:00,365.50,365.50,365.50,365.50,75,6450,,,
2020-04-13 11:29:00,346.05,346.05,346.05,346.05,75,6375,,,
2020-04-13 11:30:00,349.50,349.50,349.50,349.50,75,6375,,,
2020-04-13 11:36:00,375.50,375.50,375.50,375.50,75,6375,,,
2020-04-13 11:37:00,384.00,384.00,370.65,370.65,300,6375,,,
2020-04-13 11:38:00,379.90,379.90,379.90,379.90,75,6375,,,
2020-04-13 11:39:00,388.25,388.25,379.50,379.50,150,6450,,,
2020-04-13 11:40:00,396.05,396.05,387.55,387.55,300,6450,,,
2020-04-13 11:41:00,395.00,395.00,395.00,395.00,75,6525,,,
2020-04-13 11:42:00,387.10,387.10,387.10,387.10,75,6525,,,
2020-04-13 11:45:00,395.00,395.00,395.00,395.00,300,6375,,,
2020-04-13 11:48:00,410.00,410.00,410.00,410.00,75,6300,,,
2020-04-13 11:51:00,405.00,405.00,405.00,405.00,150,6225,,,
2020-04-13 11:53:00,400.00,400.00,395.35,395.35,225,6150,,,
2020-04-13 12:02:00,387.90,387.90,387.90,387.90,150,6225,,,
2020-04-13 12:04:00,375.50,375.50,375.50,375.50,75,6225,,,
2020-04-13 12:05:00,371.60,371.60,371.60,371.60,150,6225,,,
2020-04-13 12:06:00,383.20,383.20,383.20,383.20,150,6225,,,
2020-04-13 12:09:00,383.15,383.15,383.15,383.15,150,6300,,,
2020-04-13 12:10:00,399.45,399.45,399.45,399.45,75,6300,,,
2020-04-13 12:16:00,390.00,390.00,390.00,390.00,75,6150,,,
2020-04-13 12:17:00,387.00,387.00,387.00,387.00,75,6150,,,
2020-04-13 12:19:00,385.45,385.45,385.45,385.45,150,6300,,,
2020-04-13 12:21:00,385.45,386.40,385.45,386.40,225,6300,,,
2020-04-13 12:26:00,370.00,370.00,370.00,370.00,150,6375,,,
2020-04-13 12:30:00,367.95,367.95,367.95,367.95,150,6525,,,
2020-04-13 12:31:00,363.80,363.80,363.80,363.80,75,6525,,,
2020-04-13 12:33:00,363.80,363.80,363.80,363.80,150,6600,,,
2020-04-13 12:34:00,365.95,365.95,365.95,365.95,150,6600,,,
2020-04-13 12:35:00,367.55,367.60,367.55,367.60,150,6600,,,
2020-04-13 12:36:00,368.00,368.00,367.60,367.60,225,6750,,,
2020-04-13 12:37:00,367.20,367.20,367.20,367.20,75,6750,,,
2020-04-13 12:42:00,373.75,373.75,373.75,373.75,75,6900,,,
2020-04-13 12:45:00,368.00,368.00,368.00,368.00,225,6825,,,
2020-04-13 12:46:00,360.00,360.00,360.00,360.00,75,6825,,,
2020-04-13 12:49:00,369.90,375.00,369.90,375.00,300,6900,,,
2020-04-13 12:50:00,378.00,380.00,378.00,380.00,150,6900,,,
2020-04-13 12:56:00,369.55,369.55,369.55,369.55,300,6975,,,
2020-04-13 12:58:00,367.40,367.40,367.40,367.40,75,6825,,,
2020-04-13 13:02:00,369.25,369.25,369.25,369.25,150,6900,,,
2020-04-13 13:06:00,376.00,376.00,376.00,376.00,75,6825,,,
2020-04-13 13:07:00,378.30,378.30,378.30,378.30,75,6825,,,
2020-04-13 13:08:00,370.95,370.95,370.95,370.95,75,6825,,,
2020-04-13 13:11:00,361.00,361.00,360.00,360.00,300,6900,,,
2020-04-13 13:12:00,348.65,350.15,348.05,348.05,225,7050,,,
2020-04-13 13:13:00,347.00,347.00,347.00,347.00,75,7050,,,
2020-04-13 13:14:00,345.85,345.85,345.85,345.85,150,7050,,,
2020-04-13 13:15:00,330.30,330.30,330.30,330.30,150,7275,,,
2020-04-13 13:16:00,338.80,338.80,338.80,338.80,75,7275,,,
2020-04-13 13:17:00,342.65,342.65,342.65,342.65,75,7275,,,
2020-04-13 13:18:00,343.30,343.30,343.30,343.30,75,7125,,,
2020-04-13 13:20:00,335.00,335.00,335.00,335.00,75,7125,,,
2020-04-13 13:21:00,336.55,336.55,336.55,336.55,75,7125,,,
2020-04-13 13:25:00,330.00,330.00,328.85,328.85,150,7125,,,
2020-04-13 13:28:00,328.85,328.85,328.85,328.85,150,7050,,,
2020-04-13 13:35:00,325.15,325.15,325.15,325.15,75,6975,,,
2020-04-13 13:37:00,321.30,321.30,321.30,321.30,75,6975,,,
2020-04-13 13:38:00,325.65,325.65,325.65,325.65,75,6975,,,
2020-04-13 13:39:00,324.60,324.60,324.60,324.60,75,6900,,,
2020-04-13 13:44:00,338.70,338.70,338.70,338.70,75,6825,,,
2020-04-13 13:45:00,340.15,340.15,340.15,340.15,150,6825,,,
2020-04-13 13:46:00,340.15,340.15,340.15,340.15,150,6825,,,
2020-04-13 13:47:00,336.85,336.85,336.85,336.85,75,6825,,,
2020-04-13 13:48:00,333.55,333.55,333.55,333.55,75,6750,,,
2020-04-13 13:50:00,340.00,340.00,340.00,340.00,75,6750,,,
2020-04-13 13:52:00,330.50,330.50,330.00,330.00,225,6750,,,
2020-04-13 13:53:00,334.30,334.30,334.30,334.30,150,6750,,,
2020-04-13 13:57:00,335.65,336.55,335.65,336.55,150,6825,,,
2020-04-13 13:58:00,341.85,341.85,341.85,341.85,375,6825,,,
2020-04-13 13:59:00,337.70,337.70,337.70,337.70,75,6825,,,
2020-04-13 14:01:00,340.85,340.85,340.85,340.85,75,7200,,,
2020-04-13 14:03:00,339.90,339.90,339.90,339.90,75,7200,,,
2020-04-13 14:09:00,332.70,332.70,332.70,332.70,75,7200,,,
2020-04-13 14:11:00,320.80,321.80,320.80,321.80,150,7275,,,
2020-04-13 14:12:00,319.55,319.55,319.55,319.55,75,7200,,,
2020-04-13 14:13:00,322.75,322.75,320.30,320.30,300,7200,,,
2020-04-13 14:15:00,318.00,318.00,318.00,318.00,75,7200,,,
2020-04-13 14:17:00,323.35,323.35,323.35,323.35,75,7200,,,
2020-04-13 14:23:00,325.25,325.25,325.25,325.25,75,7275,,,
2020-04-13 14:24:00,327.95,327.95,327.95,327.95,75,7200,,,
2020-04-13 14:30:00,339.15,349.95,339.15,349.95,225,7125,,,
2020-04-13 14:33:00,351.00,351.00,351.00,351.00,75,6975,,,
2020-04-13 14:34:00,352.00,352.00,351.45,351.45,300,6975,,,
2020-04-13 14:38:00,351.40,351.40,346.00,346.00,150,7125,,,
2020-04-13 14:39:00,347.25,347.25,347.25,347.25,150,7125,,,
2020-04-13 14:42:00,355.05,355.05,355.05,355.05,300,7200,,,
2020-04-13 14:45:00,370.00,372.35,370.00,372.35,375,7350,,,
2020-04-13 14:47:00,370.30,370.30,370.30,370.30,75,7350,,,
2020-04-13 14:49:00,359.95,359.95,359.95,359.95,75,7200,,,
2020-04-13 14:50:00,355.30,355.30,355.30,355.30,75,7200,,,
2020-04-13 14:52:00,349.95,349.95,349.95,349.95,150,7200,,,
2020-04-13 14:57:00,355.70,355.70,355.70,355.70,75,7275,,,
2020-04-13 15:00:00,353.45,353.45,352.00,352.00,225,7275,,,
2020-04-13 15:02:00,352.70,352.70,352.70,352.70,75,7200,,,
2020-04-13 15:08:00,352.20,352.20,352.20,352.20,75,7200,,,
2020-04-13 15:11:00,359.95,359.95,355.95,355.95,375,7125,,,
2020-04-13 15:15:00,356.80,356.80,355.95,355.95,225,6900,,,
2020-04-13 15:20:00,359.15,363.50,358.10,358.10,675,6900,,,
2020-04-13 15:21:00,360.00,360.00,360.00,360.00,225,6900,,,
2020-04-13 15:22:00,360.15,360.15,360.00,360.00,150,6975,,,
2020-04-13 15:23:00,359.30,359.30,359.30,359.30,75,6975,,,
2020-04-13 15:24:00,356.45,356.45,356.45,356.45,150,6975,,,
2020-04-13 15:25:00,350.00,350.00,350.00,350.00,75,6825,,,
2020-04-13 15:26:00,358.95,358.95,358.95,358.95,525,6825,,,
2020-04-13 15:27:00,340.90,340.90,340.90,340.90,75,6675,,,
2020-04-13 15:29:01,362.75,362.80,362.75,362.80,1425,6675,,,
2020-04-15 09:19:00,430.05,430.05,430.00,430.00,375,7425,,,
2020-04-15 09:20:00,429.50,431.05,429.50,431.05,300,7275,,,
2020-04-15 09:21:00,428.80,428.80,428.80,428.80,75,7275,,,
2020-04-15 09:25:00,430.00,431.00,430.00,431.00,300,7200,,,
2020-04-15 09:27:00,435.00,435.00,435.00,435.00,75,7275,,,
2020-04-15 09:29:00,410.90,415.45,409.55,409.55,525,7275,,,
2020-04-15 09:31:00,410.00,410.00,410.00,410.00,150,7275,,,
2020-04-15 09:32:00,409.00,409.00,409.00,409.00,75,7275,,,
2020-04-15 09:37:00,421.00,421.00,421.00,421.00,150,7275,,,
2020-04-15 09:39:00,430.00,430.00,430.00,430.00,225,7125,,,
2020-04-15 09:41:00,427.85,427.85,427.85,427.85,75,7125,,,
2020-04-15 09:46:00,429.40,429.40,429.40,429.40,75,7125,,,
2020-04-15 09:47:00,429.40,429.40,429.40,429.40,75,7125,,,
2020-04-15 09:49:00,450.00,452.00,449.95,449.95,375,7125,,,
2020-04-15 09:52:00,445.00,445.00,445.00,445.00,75,7200,,,
2020-04-15 09:53:00,455.00,455.00,455.00,455.00,75,7200,,,
2020-04-15 09:54:00,461.05,461.05,461.05,461.05,75,7200,,,
2020-04-15 09:55:00,461.05,461.05,460.00,460.00,150,7200,,,
2020-04-15 09:56:00,457.10,457.10,457.10,457.10,150,7200,,,
2020-04-15 09:59:00,465.00,465.00,465.00,465.00,75,6825,,,
2020-04-15 10:00:00,477.70,477.70,476.05,476.05,150,6825,,,
2020-04-15 10:01:00,475.00,475.00,475.00,475.00,75,6825,,,
2020-04-15 10:02:00,472.85,472.85,472.85,472.85,75,6750,,,
2020-04-15 10:06:00,458.30,458.30,458.30,458.30,75,6675,,,
2020-04-15 10:10:00,477.30,477.30,477.30,477.30,75,6600,,,
2020-04-15 10:14:00,472.55,472.55,472.55,472.55,75,6525,,,
2020-04-15 10:15:00,477.55,477.55,477.55,477.55,75,6450,,,
2020-04-15 10:16:00,474.00,474.00,474.00,474.00,75,6450,,,
2020-04-15 10:18:00,466.60,466.60,466.60,466.60,75,6450,,,
2020-04-15 10:21:00,455.25,455.25,455.25,455.25,75,6450,,,
2020-04-15 11:00:00,440.20,440.20,440.20,440.20,75,6375,,,
2020-04-15 11:04:00,456.00,456.00,456.00,456.00,225,6450,,,
2020-04-15 11:48:00,435.60,435.60,435.60,435.60,225,6300,,,
2020-04-15 11:53:00,435.55,435.55,435.55,435.55,75,6450,,,
2020-04-15 11:57:00,430.50,430.50,430.50,430.50,75,6375,,,
2020-04-15 12:21:00,455.00,455.00,455.00,455.00,150,6300,,,
2020-04-15 12:22:00,445.55,445.55,445.55,445.55,75,6300,,,
2020-04-15 12:24:00,455.00,455.00,455.00,455.00,225,6300,,,
2020-04-15 12:33:00,441.25,441.25,441.25,441.25,75,6225,,,
2020-04-15 12:37:00,450.00,450.00,450.00,450.00,75,5925,,,
2020-04-15 12:39:00,439.95,439.95,439.95,439.95,150,5925,,,
2020-04-15 12:51:00,423.35,423.35,423.35,423.35,150,5775,,,
2020-04-15 12:54:00,411.00,411.00,411.00,411.00,150,5775,,,
2020-04-15 13:05:00,410.00,410.00,410.00,410.00,225,5700,,,
2020-04-15 13:16:00,395.00,395.00,395.00,395.00,75,5925,,,
2020-04-15 13:19:00,388.95,388.95,388.95,388.95,75,6000,,,
2020-04-15 13:20:00,398.95,399.55,398.95,399.55,225,6000,,,
2020-04-15 13:21:00,394.95,394.95,394.95,394.95,75,6000,,,
2020-04-15 13:23:00,381.90,381.90,381.90,381.90,75,6000,,,
2020-04-15 13:25:00,378.45,378.45,378.45,378.45,150,6075,,,
2020-04-15 13:27:00,382.95,382.95,382.95,382.95,75,6225,,,
2020-04-15 13:28:00,381.45,381.45,381.45,381.45,75,6225,,,
2020-04-15 13:44:00,381.45,381.45,381.45,381.45,75,6375,,,
2020-04-15 13:45:00,362.45,362.45,362.45,362.45,150,6300,,,
2020-04-15 13:46:00,360.90,360.90,359.30,359.30,225,6300,,,
2020-04-15 13:48:00,339.95,339.95,339.95,339.95,75,6525,,,
2020-04-15 13:49:00,347.30,347.30,347.30,347.30,75,6525,,,
2020-04-15 13:52:00,347.95,347.95,347.95,347.95,75,6600,,,
2020-04-15 13:54:00,350.00,350.00,350.00,350.00,75,6675,,,
2020-04-15 13:58:00,349.50,349.50,349.50,349.50,75,6750,,,
2020-04-15 13:59:00,342.35,342.35,334.55,334.55,225,6750,,,
2020-04-15 14:01:00,330.00,330.00,329.60,329.60,150,6675,,,
2020-04-15 14:02:00,322.35,322.35,322.35,322.35,75,6675,,,
2020-04-15 14:03:00,326.10,326.10,326.10,326.10,150,6675,,,
2020-04-15 14:05:00,316.05,316.95,315.45,315.45,600,6675,,,
2020-04-15 14:08:00,310.00,310.00,310.00,310.00,75,6750,,,
2020-04-15 14:09:00,311.00,311.00,303.20,303.20,300,6750,,,
2020-04-15 14:11:00,281.45,285.20,281.45,283.95,1500,6750,,,
2020-04-15 14:12:00,289.75,289.75,289.75,289.75,150,7050,,,
2020-04-15 14:13:00,291.00,291.00,291.00,291.00,75,7050,,,
2020-04-15 14:14:00,280.00,280.00,280.00,280.00,75,7050,,,
2020-04-15 14:15:00,276.00,276.00,269.85,269.85,150,6825,,,
2020-04-15 14:16:00,265.55,265.55,259.25,259.50,375,6825,,,
2020-04-15 14:18:00,259.50,259.50,259.50,259.50,150,6900,,,
2020-04-15 14:21:00,250.10,250.10,250.00,250.00,225,6900,,,
2020-04-15 14:24:00,252.15,252.15,252.15,252.15,75,6825,,,
2020-04-15 14:25:00,260.00,260.00,260.00,260.00,450,6825,,,
2020-04-15 14:26:00,258.95,258.95,258.95,258.95,75,6825,,,
2020-04-15 14:28:00,269.45,275.95,269.45,275.95,150,6750,,,
2020-04-15 14:29:00,279.35,279.35,279.35,279.35,150,6750,,,
2020-04-15 14:30:00,273.95,273.95,273.95,273.95,75,6825,,,
2020-04-15 14:39:00,292.00,292.00,292.00,292.00,75,6450,,,
2020-04-15 14:41:00,292.00,292.00,292.00,292.00,75,6450,,,
2020-04-15 14:43:00,288.35,288.35,288.35,288.35,150,6375,,,
2020-04-15 14:53:00,273.95,273.95,272.00,272.00,150,6375,,,
2020-04-15 14:56:00,273.00,273.00,273.00,273.00,75,6300,,,
2020-04-15 14:58:00,288.75,288.75,288.75,288.75,75,6375,,,
2020-04-15 15:04:00,285.00,285.00,285.00,285.00,450,6375,,,
2020-04-15 15:16:00,287.85,287.85,287.30,287.30,450,6825,,,
2020-04-15 15:22:00,281.00,281.00,281.00,281.00,225,6900,,,
2020-04-15 15:26:00,280.05,280.05,280.05,280.05,150,7050,,,
2020-04-15 15:28:00,266.15,266.15,266.15,266.15,75,7050,,,
2020-04-16 09:15:00,231.10,231.10,231.10,231.10,75,6600,,,
2020-04-16 09:19:00,231.10,231.10,231.05,231.05,450,6600,,,
2020-04-16 09:21:00,227.95,227.95,227.95,227.95,75,6600,,,
2020-04-16 09:26:00,225.00,225.00,225.00,225.00,75,6600,,,
2020-04-16 09:30:00,221.50,221.50,221.50,221.50,75,6600,,,
2020-04-16 09:31:00,221.50,226.00,221.50,226.00,1800,6600,,,
2020-04-16 09:32:00,225.95,225.95,225.95,225.95,75,7875,,,
2020-04-16 09:34:00,236.05,236.05,236.05,236.05,75,7875,,,
2020-04-16 09:36:00,241.00,241.55,241.00,241.00,1800,7800,,,
2020-04-16 09:39:00,258.10,258.10,258.10,258.10,300,7275,,,
2020-04-16 09:40:00,261.00,261.00,261.00,261.00,75,7275,,,
2020-04-16 09:44:00,264.50,264.50,264.50,264.50,75,6900,,,
2020-04-16 09:45:00,275.00,275.00,275.00,275.00,75,6825,,,
2020-04-16 09:48:00,276.90,276.90,276.90,276.90,150,6825,,,
2020-04-16 09:51:00,261.95,261.95,256.00,256.00,225,6975,,,
2020-04-16 09:52:00,253.50,253.50,253.50,253.50,75,6975,,,
2020-04-16 09:53:00,251.85,251.85,251.85,251.85,75,6975,,,
2020-04-16 10:04:00,247.45,247.45,247.45,247.45,150,6975,,,
2020-04-16 10:09:00,260.25,260.25,260.25,260.25,75,7125,,,
2020-04-16 10:10:00,259.90,259.90,259.90,259.90,75,7125,,,
2020-04-16 10:11:00,255.75,255.75,255.75,255.75,75,7200,,,
2020-04-16 10:16:00,263.95,263.95,263.95,263.95,75,7125,,,
2020-04-16 10:19:00,263.95,263.95,263.95,263.95,75,7200,,,
2020-04-16 10:22:00,266.85,266.85,266.85,266.85,75,7275,,,
2020-04-16 10:24:00,276.25,279.50,276.25,279.50,225,7200,,,
2020-04-16 10:25:00,275.80,275.80,275.80,275.80,150,7200,,,
2020-04-16 10:31:00,285.00,285.90,285.00,285.90,225,6675,,,
2020-04-16 10:32:00,285.00,285.00,285.00,285.00,75,6675,,,
2020-04-16 10:37:00,263.55,263.55,263.55,263.55,75,6750,,,
2020-04-16 10:38:00,264.00,264.00,264.00,264.00,450,6750,,,
2020-04-16 10:47:00,265.00,265.00,265.00,265.00,75,6525,,,
2020-04-16 10:48:00,259.25,259.25,259.25,259.25,225,6525,,,
2020-04-16 10:50:00,260.50,260.50,260.50,260.50,75,6150,,,
2020-04-16 10:53:00,260.50,260.50,260.50,260.50,150,6150,,,
2020-04-16 10:55:00,269.50,269.50,269.50,269.50,75,6150,,,
2020-04-16 10:57:00,268.00,268.00,268.00,268.00,150,6150,,,
2020-04-16 11:03:00,271.00,271.00,271.00,271.00,75,6225,,,
2020-04-16 11:07:00,269.75,269.75,269.75,269.75,75,6075,,,
2020-04-16 11:12:00,281.35,282.35,281.15,282.35,225,6000,,,
2020-04-16 11:14:00,281.80,281.80,281.80,281.80,75,6000,,,
2020-04-16 11:16:00,288.20,288.20,288.20,288.20,75,6075,,,
2020-04-16 11:21:00,285.15,285.15,285.15,285.15,75,6075,,,
2020-04-16 11:23:00,287.15,288.10,286.70,288.10,300,6075,,,
2020-04-16 11:24:00,295.15,295.15,295.15,295.15,75,6075,,,
2020-04-16 11:27:00,290.55,290.55,290.55,290.55,75,6225,,,
2020-04-16 11:28:00,291.40,291.40,291.35,291.40,225,6225,,,
2020-04-16 11:29:00,305.00,305.00,305.00,305.00,75,6225,,,
2020-04-16 11:30:00,309.40,309.40,309.40,309.40,75,6000,,,
2020-04-16 11:31:00,307.80,307.80,302.40,302.40,225,6000,,,
2020-04-16 11:32:00,300.00,300.00,300.00,300.00,75,6000,,,
2020-04-16 11:35:00,292.00,292.00,292.00,292.00,75,6150,,,
2020-04-16 11:36:00,290.45,290.45,290.45,290.45,75,5850,,,
2020-04-16 11:39:00,290.20,290.20,290.20,290.20,75,5850,,,
2020-04-16 11:40:00,294.25,294.25,294.25,294.25,300,5850,,,
2020-04-16 11:44:00,296.00,298.00,296.00,298.00,825,6150,,,
2020-04-16 11:57:00,295.65,295.65,295.65,295.65,300,6525,,,
2020-04-16 11:59:00,292.30,294.55,292.30,294.55,150,6525,,,
2020-04-16 12:03:00,300.30,300.30,300.30,300.30,75,6825,,,
2020-04-16 12:05:00,300.00,300.00,300.00,300.00,75,6825,,,
2020-04-16 12:06:00,300.00,300.00,299.85,299.85,150,6825,,,
2020-04-16 12:09:00,299.80,304.00,299.80,304.00,150,6900,,,
2020-04-16 12:11:00,312.05,316.20,312.05,316.20,450,7200,,,
2020-04-16 12:12:00,318.20,318.20,318.20,318.20,600,7200,,,
2020-04-16 12:14:00,316.75,316.75,316.75,316.75,150,7200,,,
2020-04-16 12:15:00,324.95,328.90,324.95,328.90,975,7875,,,
2020-04-16 12:16:00,324.95,324.95,321.60,321.60,450,7875,,,
2020-04-16 12:17:00,320.00,320.00,316.00,317.75,1950,9300,,,
2020-04-16 12:18:00,318.05,318.05,318.05,318.05,75,9300,,,
2020-04-16 12:19:00,319.25,324.90,319.25,324.90,225,9300,,,
2020-04-16 12:20:00,320.45,320.45,315.00,315.00,225,9150,,,
2020-04-16 12:22:00,315.00,315.00,315.00,315.00,375,9150,,,
2020-04-16 12:23:00,315.00,317.00,315.00,317.00,150,9000,,,
2020-04-16 12:25:00,317.65,317.65,317.65,317.65,75,9000,,,
2020-04-16 12:26:00,319.65,319.65,317.00,317.00,300,9000,,,
2020-04-16 12:27:00,316.65,316.65,316.65,316.65,450,9150,,,
2020-04-16 12:30:00,315.90,315.90,315.90,315.90,75,9600,,,
2020-04-16 12:32:00,319.80,319.80,316.15,316.15,225,9600,,,
2020-04-16 12:35:00,309.45,309.45,309.45,309.45,225,9750,,,
2020-04-16 12:36:00,298.55,300.00,298.55,300.00,375,9300,,,
2020-04-16 12:37:00,299.70,299.70,299.70,299.70,75,9300,,,
2020-04-16 12:38:00,304.55,304.55,295.65,295.65,150,9225,,,
2020-04-16 12:45:00,295.00,295.00,295.00,295.00,150,9150,,,
2020-04-16 12:46:00,295.70,295.70,295.70,295.70,75,9150,,,
2020-04-16 12:47:00,289.10,289.10,289.10,289.10,75,9150,,,
2020-04-16 12:48:00,285.20,285.20,282.90,284.25,225,9150,,,
2020-04-16 12:49:00,290.90,290.90,290.90,290.90,75,9150,,,
2020-04-16 12:56:00,305.75,305.75,305.75,305.75,75,8700,,,
2020-04-16 13:00:00,316.70,316.70,316.70,316.70,150,8700,,,
2020-04-16 13:01:00,323.20,323.20,323.20,323.20,1800,8700,,,
2020-04-16 13:02:00,327.60,327.60,323.20,323.20,150,8700,,,
2020-04-16 13:04:00,323.20,323.20,323.20,323.20,150,8700,,,
2020-04-16 13:06:00,323.00,323.00,323.00,323.00,300,8700,,,
2020-04-16 13:07:00,323.00,323.00,314.40,314.40,450,8700,,,
2020-04-16 13:10:00,314.40,314.40,314.40,314.40,75,8700,,,
2020-04-16 13:12:00,307.65,307.65,304.80,304.80,150,8700,,,
2020-04-16 13:27:00,320.85,320.85,320.85,320.85,75,7500,,,
2020-04-16 13:28:00,320.00,320.00,320.00,320.00,75,7500,,,
2020-04-16 13:31:00,318.00,318.00,318.00,318.00,150,7500,,,
2020-04-16 13:37:00,322.00,322.00,322.00,322.00,75,7500,,,
2020-04-16 13:38:00,330.00,330.00,330.00,330.00,150,7500,,,
2020-04-16 13:39:00,330.00,330.00,330.00,330.00,75,7425,,,
2020-04-16 13:40:00,328.05,328.05,328.05,328.05,75,7425,,,
2020-04-16 13:41:00,320.50,324.65,320.50,324.65,150,7425,,,
2020-04-16 13:42:00,325.95,325.95,321.75,321.75,300,7575,,,
2020-04-16 13:44:00,318.50,318.50,318.50,318.50,75,7575,,,
2020-04-16 13:50:00,312.05,315.90,312.05,313.00,225,7650,,,
2020-04-16 13:51:00,306.00,309.80,306.00,309.80,225,7800,,,
2020-04-16 13:52:00,308.75,308.75,308.75,308.75,75,7800,,,
2020-04-16 13:53:00,310.50,310.50,310.50,310.50,375,7800,,,
2020-04-16 13:59:00,311.10,311.10,311.10,311.10,75,7500,,,
2020-04-16 14:00:00,311.05,311.05,311.05,311.05,75,7425,,,
2020-04-16 14:01:00,301.55,301.55,301.55,301.55,75,7425,,,
2020-04-16 14:04:00,312.75,312.75,312.75,312.75,75,7500,,,
2020-04-16 14:08:00,313.00,313.00,313.00,313.00,75,7500,,,
2020-04-16 14:10:00,302.85,307.00,302.85,307.00,300,7500,,,
2020-04-16 14:14:00,310.00,310.00,310.00,310.00,150,7425,,,
2020-04-16 14:15:00,315.00,317.00,315.00,317.00,150,7575,,,
2020-04-16 14:18:00,322.45,322.45,322.45,322.45,75,7575,,,
2020-04-16 14:27:00,330.00,330.00,330.00,330.00,150,7650,,,
2020-04-16 14:28:00,327.45,327.45,327.45,327.45,75,7650,,,
2020-04-16 14:29:00,329.45,329.45,329.45,329.45,75,7650,,,
2020-04-16 14:32:00,316.05,316.05,314.95,314.95,300,7725,,,
2020-04-16 14:34:00,313.40,313.40,313.40,313.40,75,7575,,,
2020-04-16 14:35:00,306.00,306.00,306.00,306.00,75,7575,,,
2020-04-16 14:39:00,315.00,315.00,315.00,315.00,1050,7650,,,
2020-04-16 14:43:00,310.00,310.00,309.00,309.00,300,8550,,,
2020-04-16 14:44:00,309.00,309.00,309.00,309.00,75,8550,,,
2020-04-16 14:48:00,312.75,312.75,312.75,312.75,150,8850,,,
2020-04-16 14:49:00,310.00,310.00,310.00,310.00,225,8850,,,
2020-04-16 14:50:00,312.45,312.45,312.45,312.45,75,8850,,,
2020-04-16 14:51:00,315.95,315.95,315.95,315.95,75,8775,,,
2020-04-16 14:53:00,316.00,316.00,316.00,316.00,225,8775,,,
2020-04-16 14:56:00,306.35,306.35,306.35,306.35,75,8550,,,
2020-04-16 14:58:00,300.95,300.95,299.00,299.00,225,8550,,,
2020-04-16 14:59:00,299.00,299.00,299.00,299.00,75,8550,,,
2020-04-16 15:00:00,297.00,297.00,297.00,297.00,300,8550,,,
2020-04-16 15:04:00,285.85,285.85,285.85,285.85,150,8625,,,
2020-04-16 15:05:00,286.00,286.00,285.85,285.85,300,8625,,,
2020-04-16 15:06:00,283.35,283.35,279.05,280.00,900,9150,,,
2020-04-16 15:08:00,290.00,291.40,290.00,291.40,300,9150,,,
2020-04-16 15:09:00,290.00,290.00,290.00,290.00,75,9075,,,
2020-04-16 15:11:00,292.45,300.00,292.45,300.00,900,9075,,,
2020-04-16 15:12:00,300.00,300.00,300.00,300.00,75,9225,,,
2020-04-16 15:13:00,299.00,299.00,298.00,298.00,150,9225,,,
2020-04-16 15:14:00,299.95,299.95,299.95,299.95,225,9225,,,
2020-04-16 15:15:00,296.05,298.65,296.00,298.65,450,9525,,,
2020-04-16 15:16:00,297.95,297.95,297.95,297.95,300,9525,,,
2020-04-16 15:17:00,297.95,298.65,297.25,297.25,375,9525,,,
2020-04-16 15:18:00,297.95,298.65,297.95,298.65,150,9300,,,
2020-04-16 15:19:00,298.65,298.75,298.65,298.75,600,9300,,,
2020-04-16 15:23:00,304.10,304.10,304.10,304.10,150,10425,,,
2020-04-16 15:24:00,299.70,299.70,299.70,299.70,75,10050,,,
2020-04-16 15:25:00,287.00,303.40,287.00,303.40,150,10050,,,
2020-04-16 15:26:00,303.30,303.30,299.20,299.20,150,10050,,,
2020-04-16 15:28:00,302.90,304.90,302.90,304.50,900,9750,,,
2020-04-16 15:29:01,304.50,313.95,304.50,313.95,825,9750,,,
2020-04-17 09:15:00,454.95,454.95,454.95,454.95,150,9000,,,
2020-04-17 09:16:00,428.15,453.95,425.00,453.95,600,9000,,,
2020-04-17 09:17:00,419.50,419.50,405.65,405.65,150,8850,,,
2020-04-17 09:20:00,410.25,411.80,410.25,411.80,150,8775,,,
2020-04-17 09:21:00,445.00,445.00,445.00,445.00,375,8775,,,
2020-04-17 09:25:00,442.00,442.00,442.00,442.00,75,8550,,,
2020-04-17 09:26:00,441.95,441.95,441.95,441.95,75,8625,,,
2020-04-17 09:27:00,442.00,442.00,442.00,442.00,75,8625,,,
2020-04-17 09:30:00,449.90,449.90,449.90,449.90,150,8550,,,
2020-04-17 09:40:00,445.95,445.95,445.95,445.95,75,8400,,,
2020-04-17 09:42:00,439.60,439.60,436.70,436.70,300,8475,,,
2020-04-17 09:45:00,436.55,436.55,436.55,436.55,75,8625,,,
2020-04-17 09:56:00,425.00,425.00,412.05,412.40,1200,8625,,,
2020-04-17 09:57:00,436.00,436.00,436.00,436.00,75,8625,,,
2020-04-17 10:00:00,436.00,436.00,436.00,436.00,75,7650,,,
2020-04-17 10:02:00,439.20,439.20,439.20,439.20,75,7650,,,
2020-04-17 10:12:00,412.00,412.00,401.90,401.90,150,7575,,,
2020-04-17 10:13:00,400.50,400.50,400.50,400.50,75,7575,,,
2020-04-17 10:14:00,401.10,401.10,401.10,401.10,600,7725,,,
2020-04-17 10:19:00,430.00,430.00,430.00,430.00,75,7575,,,
2020-04-17 10:20:00,430.00,430.00,430.00,430.00,75,7575,,,
2020-04-17 10:23:00,415.00,415.00,415.00,415.00,75,7575,,,
2020-04-17 10:31:00,395.00,395.00,395.00,395.00,150,7575,,,
2020-04-17 10:37:00,370.00,370.00,370.00,370.00,225,7575,,,
2020-04-17 10:39:00,375.00,375.00,375.00,375.00,75,7800,,,
2020-04-17 10:40:00,367.50,367.50,367.50,367.50,225,7800,,,
2020-04-17 10:45:00,370.00,370.00,368.00,368.00,150,7875,,,
2020-04-17 10:47:00,361.05,366.00,361.05,366.00,150,7800,,,
2020-04-17 10:49:00,359.00,359.00,359.00,359.00,75,7800,,,
2020-04-17 10:50:00,350.10,350.10,350.10,350.10,150,7800,,,
2020-04-17 10:53:00,351.10,351.10,351.10,351.10,75,0,,,
2020-04-17 11:18:00,400.00,400.00,400.00,400.00,225,7800,,,
2020-04-17 11:22:00,400.00,400.00,400.00,400.00,75,7800,,,
2020-04-17 11:39:00,365.00,365.00,365.00,365.00,75,7500,,,
2020-04-17 11:42:00,369.95,369.95,369.95,369.95,75,7575,,,
2020-04-17 11:47:00,355.00,355.00,355.00,355.00,75,7575,,,
2020-04-17 11:48:00,356.80,356.80,356.80,356.80,75,7650,,,
2020-04-17 11:57:00,339.55,339.55,339.55,339.55,150,7650,,,
2020-04-17 11:59:00,337.00,337.00,337.00,337.00,75,7650,,,
2020-04-17 12:01:00,337.00,337.00,335.00,337.00,225,7575,,,
2020-04-17 12:02:00,330.00,330.00,328.45,328.50,225,7575,,,
2020-04-17 12:07:00,329.00,329.00,329.00,329.00,75,7800,,,
2020-04-17 12:22:00,347.00,347.00,347.00,347.00,75,7875,,,
2020-04-17 12:25:00,337.55,337.55,337.55,337.55,75,7800,,,
2020-04-17 12:30:00,339.80,339.80,339.75,339.75,1200,7800,,,
2020-04-17 12:33:00,331.00,331.00,331.00,331.00,75,7875,,,
2020-04-17 12:35:00,331.00,331.00,331.00,331.00,75,7875,,,
2020-04-17 12:38:00,339.55,339.55,339.55,339.55,525,7875,,,
2020-04-17 12:56:00,373.15,373.15,373.15,373.15,75,8175,,,
2020-04-17 13:00:00,371.95,371.95,361.05,361.05,300,8175,,,
2020-04-17 13:13:00,341.45,341.45,341.45,341.45,150,8325,,,
2020-04-17 13:14:00,339.05,339.05,339.05,339.05,150,8325,,,
2020-04-17 13:15:00,338.05,338.05,334.55,334.55,3375,8550,,,
2020-04-17 13:16:00,330.00,330.00,330.00,330.00,75,8550,,,
2020-04-17 13:21:00,335.25,335.60,335.25,335.60,600,10200,,,
2020-04-17 13:29:00,345.45,345.45,345.45,345.45,75,8925,,,
2020-04-17 13:33:00,353.45,353.45,353.45,353.45,75,8850,,,
2020-04-17 13:36:00,340.65,340.65,340.65,340.65,150,8925,,,
2020-04-17 13:39:00,349.30,349.30,349.30,349.30,150,8775,,,
2020-04-17 13:41:00,356.45,356.45,356.45,356.45,75,8775,,,
2020-04-17 13:47:00,350.00,350.00,350.00,350.00,75,8850,,,
2020-04-17 13:49:00,356.00,356.00,356.00,356.00,75,8700,,,
2020-04-17 13:54:00,357.00,357.00,355.45,355.45,150,8700,,,
2020-04-17 14:07:00,370.00,370.00,370.00,370.00,300,8550,,,
2020-04-17 14:11:00,376.00,376.00,376.00,376.00,75,8550,,,
2020-04-17 14:16:00,367.50,367.50,367.50,367.50,75,8250,,,
2020-04-17 14:20:00,375.00,375.00,375.00,375.00,75,8250,,,
2020-04-17 14:21:00,384.95,384.95,384.95,384.95,75,8100,,,
2020-04-17 14:25:00,387.00,389.95,387.00,389.95,225,8100,,,
2020-04-17 14:29:00,376.00,376.00,376.00,376.00,225,8175,,,
2020-04-17 14:30:00,375.00,375.00,373.05,373.05,300,7950,,,
2020-04-17 14:31:00,380.00,380.00,380.00,380.00,225,7950,,,
2020-04-17 14:41:00,391.00,391.00,391.00,391.00,225,8025,,,
2020-04-17 14:46:00,398.10,399.95,398.10,399.95,300,8100,,,
2020-04-17 14:48:00,396.10,396.10,396.10,396.10,150,8100,,,
2020-04-17 14:57:00,398.70,398.70,398.70,398.70,225,7650,,,
2020-04-17 15:02:00,411.90,411.90,411.90,411.90,150,7725,,,
2020-04-17 15:08:00,421.80,421.80,421.80,421.80,75,7575,,,
2020-04-17 15:09:00,418.85,418.85,418.85,418.85,150,7575,,,
2020-04-17 15:10:00,418.00,418.00,418.00,418.00,75,7575,,,
2020-04-17 15:26:00,447.65,447.65,447.65,447.65,75,7575,,,
2020-04-17 15:27:00,428.40,428.40,428.40,428.40,150,7500,,,
2020-04-17 15:28:00,428.45,445.40,428.45,445.40,150,7500,,,
2020-04-20 09:18:00,395.25,395.25,395.25,395.25,75,7425,,,
2020-04-20 09:38:00,394.40,394.40,394.40,394.40,75,7425,,,
2020-04-20 09:39:00,384.40,384.40,384.40,384.40,75,7500,,,
2020-04-20 09:47:00,395.65,395.65,395.65,395.65,1200,7575,,,
2020-04-20 10:30:00,419.90,419.90,419.90,419.90,75,6975,,,
2020-04-20 10:41:00,412.00,412.00,412.00,412.00,750,6975,,,
2020-04-20 10:56:00,421.00,421.00,421.00,421.00,75,6525,,,
2020-04-20 11:25:00,381.00,381.00,381.00,381.00,150,5850,,,
2020-04-20 11:33:00,377.15,377.15,377.15,377.15,150,6000,,,
2020-04-20 11:34:00,371.15,371.15,371.15,371.15,150,6000,,,
2020-04-20 11:36:00,357.15,357.15,357.15,357.15,75,6000,,,
2020-04-20 11:39:00,365.95,365.95,365.95,365.95,150,6000,,,
2020-04-20 11:56:00,371.55,371.55,371.55,371.55,75,5850,,,
2020-04-20 12:33:00,383.55,383.55,383.55,383.55,75,5850,,,
2020-04-20 14:30:00,425.00,425.00,425.00,425.00,150,5850,,,
2020-04-20 14:31:00,411.45,411.45,411.45,411.45,75,5850,,,
2020-04-20 14:38:00,418.00,418.00,418.00,418.00,75,5850,,,
2020-04-20 15:04:00,369.60,369.60,369.60,369.60,75,5775,,,
2020-04-20 15:16:00,379.90,379.90,379.90,379.90,75,5775,,,
2020-04-20 15:23:00,370.00,370.00,370.00,370.00,300,5700,,,
2020-04-21 09:15:00,249.05,249.05,249.05,249.05,75,5925,,,
2020-04-21 09:16:00,232.35,237.75,232.35,237.75,225,5925,,,
2020-04-21 09:17:00,234.55,257.15,234.55,237.55,825,6000,,,
2020-04-21 09:18:00,237.45,240.70,237.45,240.70,300,6000,,,
2020-04-21 09:19:00,240.95,240.95,238.00,238.00,450,6000,,,
2020-04-21 09:20:00,239.90,239.90,234.75,234.75,225,6525,,,
2020-04-21 09:21:00,230.00,230.00,224.00,228.00,1200,6525,,,
2020-04-21 09:22:00,224.00,224.00,223.95,224.00,150,6525,,,
2020-04-21 09:23:00,223.95,225.05,222.05,222.05,375,7725,,,
2020-04-21 09:24:00,222.00,222.50,222.00,222.50,300,7725,,,
2020-04-21 09:25:00,220.00,226.65,220.00,226.65,600,7725,,,
2020-04-21 09:26:00,226.65,226.65,226.65,226.65,150,8175,,,
2020-04-21 09:27:00,223.00,223.00,223.00,223.00,75,8175,,,
2020-04-21 09:28:00,218.00,218.00,217.95,218.00,225,8175,,,
2020-04-21 09:30:00,218.00,218.00,218.00,218.00,75,8325,,,
2020-04-21 09:31:00,218.00,218.00,218.00,218.00,150,8325,,,
2020-04-21 09:33:00,225.75,225.75,225.75,225.75,225,8475,,,
2020-04-21 09:34:00,220.05,223.30,218.45,223.30,375,8475,,,
2020-04-21 09:35:00,223.30,223.30,223.30,223.30,75,8550,,,
2020-04-21 09:36:00,227.00,228.00,227.00,228.00,150,8550,,,
2020-04-21 09:37:00,227.95,229.00,227.00,229.00,450,8550,,,
2020-04-21 09:38:00,228.90,228.90,228.90,228.90,150,8400,,,
2020-04-21 09:39:00,223.75,223.75,223.75,223.75,75,8400,,,
2020-04-21 09:40:00,223.75,223.75,223.75,223.75,75,8400,,,
2020-04-21 09:41:00,228.90,228.90,228.40,228.40,300,8475,,,
2020-04-21 09:42:00,229.40,229.40,229.40,229.40,75,0,,,
2020-04-21 09:43:00,233.50,234.00,233.50,234.00,225,8475,,,
2020-04-21 09:44:00,229.70,229.70,229.70,229.70,75,8700,,,
2020-04-21 09:45:00,227.90,228.65,221.95,224.80,675,8700,,,
2020-04-21 09:46:00,223.90,227.00,223.90,226.45,225,8700,,,
2020-04-21 09:47:00,230.00,230.95,227.25,227.25,300,9000,,,
2020-04-21 09:48:00,224.75,228.40,224.75,228.40,225,9000,,,
2020-04-21 09:49:00,228.40,228.40,228.40,228.40,150,9000,,,
2020-04-21 09:50:00,228.15,230.15,228.15,229.55,525,8925,,,
2020-04-21 09:51:00,227.15,227.90,227.15,227.90,375,8925,,,
2020-04-21 09:53:00,227.55,227.55,227.55,227.55,75,8850,,,
2020-04-21 09:54:00,228.00,229.20,228.00,229.20,300,8850,,,
2020-04-21 09:55:00,229.05,229.50,229.05,229.50,150,8850,,,
2020-04-21 09:56:00,230.75,230.75,230.75,230.75,75,8850,,,
2020-04-21 09:57:00,233.40,233.40,232.40,232.85,300,8850,,,
2020-04-21 09:58:00,228.80,228.80,225.15,225.15,150,8850,,,
2020-04-21 09:59:00,230.65,230.65,230.65,230.65,75,8850,,,
2020-04-21 10:00:00,231.10,235.00,231.10,234.60,525,8850,,,
2020-04-21 10:02:00,226.20,226.20,226.20,226.20,75,8850,,,
2020-04-21 10:04:00,229.85,229.85,229.85,229.85,75,8850,,,
2020-04-21 10:06:00,226.20,226.20,226.20,226.20,75,9000,,,
2020-04-21 10:08:00,222.00,223.90,221.65,223.90,375,9075,,,
2020-04-21 10:09:00,223.10,223.10,223.10,223.10,225,9075,,,
2020-04-21 10:10:00,223.10,226.30,223.10,226.30,150,9075,,,
2020-04-21 10:11:00,229.95,229.95,229.95,229.95,75,9075,,,
2020-04-21 10:12:00,226.95,226.95,226.95,226.95,75,9075,,,
2020-04-21 10:13:00,226.75,226.75,226.75,226.75,75,9075,,,
2020-04-21 10:15:00,222.05,222.05,221.00,221.00,375,9000,,,
2020-04-21 10:16:00,222.80,222.80,222.80,222.80,75,9000,,,
2020-04-21 10:20:00,227.00,228.50,227.00,228.50,300,8925,,,
2020-04-21 10:21:00,230.00,230.00,229.70,229.70,150,8925,,,
2020-04-21 10:22:00,227.05,227.05,226.15,226.15,450,8925,,,
2020-04-21 10:23:00,225.20,225.50,225.20,225.50,825,8925,,,
2020-04-21 10:24:00,227.50,227.50,227.20,227.20,825,8925,,,
2020-04-21 10:25:00,227.40,227.40,227.05,227.40,450,8925,,,
2020-04-21 10:26:00,227.15,227.15,227.15,227.15,75,10200,,,
2020-04-21 10:27:00,225.75,227.80,225.75,227.80,1125,10200,,,
2020-04-21 10:28:00,229.35,229.50,229.35,229.50,150,10200,,,
2020-04-21 10:29:00,228.00,228.00,228.00,228.00,300,11475,,,
2020-04-21 10:30:00,228.00,228.00,228.00,228.00,900,11475,,,
2020-04-21 10:31:00,229.25,229.25,229.25,229.25,75,11475,,,
2020-04-21 10:32:00,227.45,227.45,227.45,227.45,1125,12525,,,
2020-04-21 10:33:00,225.10,225.10,225.10,225.10,75,12525,,,
2020-04-21 10:36:00,227.10,227.10,225.85,225.85,150,13725,,,
2020-04-21 10:40:00,225.60,225.60,224.00,224.00,150,13800,,,
2020-04-21 10:41:00,222.00,222.00,220.05,220.05,450,14175,,,
2020-04-21 10:42:00,221.60,221.60,221.60,221.60,75,14175,,,
2020-04-21 10:45:00,224.60,224.60,224.60,224.60,150,14100,,,
2020-04-21 10:47:00,229.45,229.45,229.45,229.45,75,13650,,,
2020-04-21 10:48:00,228.80,228.80,228.80,228.80,375,13650,,,
2020-04-21 10:49:00,229.50,230.00,229.50,230.00,375,13650,,,
2020-04-21 10:50:00,235.00,237.65,235.00,235.00,300,13125,,,
2020-04-21 10:51:00,231.00,232.90,231.00,232.90,150,13125,,,
2020-04-21 10:53:00,231.05,231.05,231.05,231.05,75,13125,,,
2020-04-21 10:55:00,232.00,232.00,232.00,232.00,75,12900,,,
2020-04-21 10:56:00,231.05,231.05,231.05,231.05,75,12900,,,
2020-04-21 11:00:00,231.00,231.00,231.00,231.00,75,12900,,,
2020-04-21 11:03:00,233.00,233.00,233.00,233.00,75,12975,,,
2020-04-21 11:09:00,231.60,231.60,231.60,231.60,75,12900,,,
2020-04-21 11:10:00,231.00,231.00,231.00,231.00,75,12900,,,
2020-04-21 11:12:00,229.00,229.00,229.00,229.00,75,13050,,,
2020-04-21 11:21:00,225.85,225.85,225.85,225.85,75,12975,,,
2020-04-21 11:22:00,224.05,224.05,224.05,224.05,75,12975,,,
2020-04-21 11:25:00,225.00,225.00,225.00,225.00,75,12975,,,
2020-04-21 11:26:00,225.00,225.00,225.00,225.00,75,13050,,,
2020-04-21 11:27:00,223.00,223.00,223.00,223.00,75,13050,,,
2020-04-21 11:29:00,225.30,225.30,225.30,225.30,75,13050,,,
2020-04-21 11:30:00,221.55,221.55,217.25,218.00,600,13200,,,
2020-04-21 11:32:00,225.60,225.60,225.40,225.40,225,13575,,,
2020-04-21 11:35:00,225.10,225.10,225.10,225.10,75,13575,,,
2020-04-21 11:36:00,223.60,223.60,223.60,223.60,75,13725,,,
2020-04-21 11:37:00,222.10,222.10,222.00,222.00,300,13725,,,
2020-04-21 11:38:00,218.05,218.05,217.00,217.00,300,13725,,,
2020-04-21 11:39:00,217.15,221.35,217.15,221.35,150,13950,,,
2020-04-21 11:40:00,221.35,221.35,221.35,221.35,75,13950,,,
2020-04-21 11:41:00,220.80,220.80,220.80,220.80,750,13950,,,
2020-04-21 11:42:00,221.45,221.45,220.90,220.90,450,14250,,,
2020-04-21 11:43:00,222.45,222.45,222.45,222.45,150,14250,,,
2020-04-21 11:45:00,219.50,219.50,219.50,219.50,75,14550,,,
2020-04-21 11:46:00,222.65,223.75,222.65,223.75,150,14550,,,
2020-04-21 11:47:00,225.00,225.00,225.00,225.00,75,14550,,,
2020-04-21 11:48:00,225.90,225.90,225.30,225.30,225,14250,,,
2020-04-21 11:51:00,228.20,229.00,228.20,229.00,150,14175,,,
2020-04-21 11:52:00,227.60,227.60,227.60,227.60,75,14175,,,
2020-04-21 11:53:00,225.00,225.70,225.00,225.70,225,14100,,,
2020-04-21 11:55:00,230.00,230.00,230.00,230.00,150,14100,,,
2020-04-21 11:56:00,228.55,229.60,228.00,228.00,675,14325,,,
2020-04-21 11:57:00,228.00,228.00,228.00,228.00,525,14325,,,
2020-04-21 12:02:00,228.00,228.00,228.00,228.00,75,14175,,,
2020-04-21 12:04:00,230.00,230.00,228.70,228.70,150,13275,,,
2020-04-21 12:05:00,225.00,225.00,225.00,225.00,75,13425,,,
2020-04-21 12:07:00,225.00,225.05,225.00,225.05,150,13425,,,
2020-04-21 12:08:00,221.80,221.80,221.80,221.80,75,13425,,,
2020-04-21 12:09:00,223.00,223.00,223.00,223.00,75,13425,,,
2020-04-21 12:10:00,221.85,221.85,221.80,221.80,150,13425,,,
2020-04-21 12:12:00,221.00,221.00,220.85,220.85,150,13350,,,
2020-04-21 12:15:00,223.05,223.05,223.05,223.05,150,13350,,,
2020-04-21 12:16:00,221.00,222.15,221.00,222.15,150,13350,,,
2020-04-21 12:19:00,219.00,219.00,219.00,219.00,150,13575,,,
2020-04-21 12:21:00,219.50,219.50,219.50,219.50,75,13650,,,
2020-04-21 12:24:00,217.25,217.25,214.00,214.00,300,13575,,,
2020-04-21 12:25:00,213.05,213.05,205.00,205.50,2250,13575,,,
2020-04-21 12:26:00,205.00,205.00,205.00,205.00,300,13575,,,
2020-04-21 12:27:00,200.30,201.60,200.30,201.60,375,15075,,,
2020-04-21 12:28:00,202.95,202.95,200.70,200.70,300,15075,,,
2020-04-21 12:29:00,205.25,205.25,205.25,205.25,75,15075,,,
2020-04-21 12:30:00,200.00,200.00,195.85,198.25,1650,14850,,,
2020-04-21 12:31:00,197.55,197.55,197.55,197.55,75,0,,,
2020-04-21 12:32:00,198.65,198.65,195.40,195.40,300,16050,,,
2020-04-21 12:33:00,189.40,189.40,188.70,188.70,600,16050,,,
2020-04-21 12:35:00,196.00,200.00,196.00,200.00,150,16050,,,
2020-04-21 12:36:00,202.70,204.10,202.70,203.25,300,16125,,,
2020-04-21 12:37:00,203.00,203.00,203.00,203.00,75,16125,,,
2020-04-21 12:38:00,198.80,198.80,196.90,196.90,375,16125,,,
2020-04-21 12:39:00,198.10,198.10,198.10,198.10,75,16725,,,
2020-04-21 12:42:00,197.00,197.00,197.00,197.00,75,16800,,,
2020-04-21 12:44:00,195.75,195.75,195.75,195.75,150,16800,,,
2020-04-21 12:45:00,198.25,198.25,198.25,198.25,75,16650,,,
2020-04-21 12:46:00,198.60,199.85,198.60,199.40,300,16650,,,
2020-04-21 12:47:00,196.00,196.00,196.00,196.00,75,16650,,,
2020-04-21 12:48:00,191.80,191.80,191.80,191.80,75,16200,,,
2020-04-21 12:49:00,191.20,191.20,185.00,185.00,375,16200,,,
2020-04-21 12:50:00,191.05,191.05,191.05,191.05,75,16500,,,
2020-04-21 12:51:00,192.45,192.45,192.45,192.45,600,16500,,,
2020-04-21 12:53:00,189.25,189.55,189.25,189.55,150,16500,,,
2020-04-21 12:54:00,185.10,185.10,185.10,185.10,75,16575,,,
2020-04-21 12:55:00,187.35,187.35,187.35,187.35,225,16575,,,
2020-04-21 12:56:00,185.00,185.00,185.00,185.00,75,16575,,,
2020-04-21 12:59:00,183.60,183.60,181.05,181.05,375,16575,,,
2020-04-21 13:01:00,184.00,184.00,184.00,184.00,75,16575,,,
2020-04-21 13:03:00,186.00,186.00,186.00,186.00,150,16650,,,
2020-04-21 13:04:00,184.50,184.50,184.50,184.50,150,16650,,,
2020-04-21 13:05:00,180.00,180.00,180.00,180.00,225,16650,,,
2020-04-21 13:06:00,180.00,180.75,180.00,180.75,150,17025,,,
2020-04-21 13:07:00,181.65,186.00,181.65,186.00,225,17025,,,
2020-04-21 13:10:00,184.00,184.00,184.00,184.00,75,16725,,,
2020-04-21 13:11:00,187.95,187.95,187.95,187.95,75,16725,,,
2020-04-21 13:13:00,187.95,187.95,187.95,187.95,75,16650,,,
2020-04-21 13:14:00,189.10,190.45,189.10,190.45,375,16350,,,
2020-04-21 13:15:00,190.60,190.60,188.00,188.00,825,16350,,,
2020-04-21 13:16:00,186.00,186.00,186.00,186.00,150,16350,,,
2020-04-21 13:19:00,187.65,187.65,187.65,187.65,75,16875,,,
2020-04-21 13:20:00,186.00,186.00,186.00,186.00,75,16875,,,
2020-04-21 13:21:00,183.00,183.00,183.00,183.00,150,17025,,,
2020-04-21 13:23:00,183.75,184.70,183.00,184.70,600,17025,,,
2020-04-21 13:25:00,185.30,185.30,185.30,185.30,75,17100,,,
2020-04-21 13:26:00,180.65,180.65,180.65,180.65,75,17100,,,
2020-04-21 13:27:00,181.20,181.20,181.20,181.20,225,16950,,,
2020-04-21 13:29:00,183.30,185.20,183.30,185.20,150,16950,,,
2020-04-21 13:30:00,181.65,181.65,181.65,181.65,225,17175,,,
2020-04-21 13:31:00,184.00,184.00,184.00,184.00,75,17175,,,
2020-04-21 13:32:00,187.70,187.70,187.70,187.70,75,17175,,,
2020-04-21 13:33:00,187.30,187.30,187.30,187.30,75,17100,,,
2020-04-21 13:34:00,189.00,189.00,189.00,189.00,75,17100,,,
2020-04-21 13:35:00,191.70,191.80,191.70,191.80,225,17100,,,
2020-04-21 13:36:00,191.55,192.20,191.55,192.20,150,17250,,,
2020-04-21 13:37:00,192.00,192.00,192.00,192.00,75,17250,,,
2020-04-21 13:38:00,190.85,191.00,190.85,191.00,150,17250,,,
2020-04-21 13:40:00,195.70,198.00,195.70,198.00,225,17025,,,
2020-04-21 13:41:00,198.40,198.40,198.00,198.00,150,17025,,,
2020-04-21 13:42:00,195.50,196.05,195.50,196.00,225,16725,,,
2020-04-21 13:45:00,192.00,192.00,188.60,188.60,225,16650,,,
2020-04-21 13:46:00,191.00,191.00,191.00,191.00,150,16650,,,
2020-04-21 13:48:00,193.00,193.00,193.00,193.00,75,16950,,,
2020-04-21 13:50:00,196.50,196.50,196.50,196.50,375,16950,,,
2020-04-21 13:51:00,193.30,193.30,193.30,193.30,75,17250,,,
2020-04-21 13:52:00,192.80,192.80,192.80,192.80,75,17250,,,
2020-04-21 13:54:00,190.25,190.25,190.25,190.25,75,17325,,,
2020-04-21 13:55:00,189.40,189.40,188.65,189.10,300,17325,,,
2020-04-21 13:57:00,192.35,192.35,192.35,192.35,150,17325,,,
2020-04-21 13:59:00,192.95,192.95,192.95,192.95,75,17325,,,
2020-04-21 14:00:00,192.25,192.25,192.25,192.25,75,17325,,,
2020-04-21 14:02:00,185.75,185.75,185.75,185.75,75,17325,,,
2020-04-21 14:04:00,186.00,186.00,186.00,186.00,75,17250,,,
2020-04-21 14:08:00,189.85,189.85,189.85,189.85,75,17175,,,
2020-04-21 14:12:00,191.00,191.00,191.00,191.00,750,17100,,,
2020-04-21 14:13:00,191.25,191.25,191.25,191.25,75,17100,,,
2020-04-21 14:15:00,187.45,187.45,187.45,187.45,300,17550,,,
2020-04-21 14:16:00,193.50,193.50,193.50,193.50,75,17550,,,
2020-04-21 14:17:00,199.05,199.05,199.05,199.05,375,17550,,,
2020-04-21 14:18:00,198.10,200.05,198.10,200.05,375,17700,,,
2020-04-21 14:19:00,203.50,203.50,199.25,199.25,300,17700,,,
2020-04-21 14:21:00,197.00,198.30,197.00,198.30,1125,18150,,,
2020-04-21 14:22:00,198.45,198.45,198.45,198.45,75,18150,,,
2020-04-21 14:23:00,196.50,196.50,195.90,195.90,375,18150,,,
2020-04-21 14:24:00,197.35,197.35,197.35,197.35,300,17400,,,
2020-04-21 14:25:00,201.90,201.90,201.90,201.90,150,17400,,,
2020-04-21 14:26:00,201.70,201.70,201.60,201.60,300,17400,,,
2020-04-21 14:27:00,201.95,201.95,201.95,201.95,75,17775,,,
2020-04-21 14:29:00,202.00,202.00,202.00,202.00,75,17775,,,
2020-04-21 14:30:00,204.00,204.00,203.40,203.40,225,17850,,,
2020-04-21 14:31:00,204.25,204.25,204.25,204.25,75,17850,,,
2020-04-21 14:32:00,207.00,207.65,206.05,206.25,1800,17850,,,
2020-04-21 14:33:00,209.85,215.00,209.85,215.00,300,17175,,,
2020-04-21 14:34:00,207.55,207.55,207.55,207.55,75,17175,,,
2020-04-21 14:36:00,198.40,198.40,198.40,198.40,75,17175,,,
2020-04-21 14:38:00,200.35,201.05,200.35,201.05,375,17175,,,
2020-04-21 14:39:00,202.00,202.00,202.00,202.00,75,16800,,,
2020-04-21 14:41:00,196.20,196.20,196.20,196.20,75,16800,,,
2020-04-21 14:42:00,195.00,195.00,195.00,195.00,75,16725,,,
2020-04-21 14:43:00,194.00,194.70,194.00,194.70,225,16725,,,
2020-04-21 14:44:00,189.15,189.15,189.15,189.15,75,16725,,,
2020-04-21 14:45:00,185.25,185.25,185.25,185.25,75,16875,,,
2020-04-21 14:46:00,186.65,191.30,186.65,191.30,150,16875,,,
2020-04-21 14:51:00,193.00,193.15,190.10,190.10,300,17025,,,
2020-04-21 14:52:00,191.30,191.30,191.30,191.30,75,17025,,,
2020-04-21 14:54:00,190.25,190.25,190.25,190.25,75,17025,,,
2020-04-21 14:55:00,189.45,189.45,189.45,189.45,75,17025,,,
2020-04-21 14:59:00,189.90,192.40,189.90,192.40,150,17100,,,
2020-04-21 15:00:00,194.70,200.85,194.60,194.60,450,17025,,,
2020-04-21 15:02:00,195.10,195.10,195.10,195.10,150,17025,,,
2020-04-21 15:03:00,194.10,194.65,194.10,194.65,150,16950,,,
2020-04-21 15:04:00,197.60,197.60,197.60,197.60,75,16950,,,
2020-04-21 15:05:00,197.60,201.00,197.60,201.00,450,16950,,,
2020-04-21 15:07:00,204.90,204.90,202.00,202.00,150,16500,,,
2020-04-21 15:08:00,200.00,200.00,200.00,200.00,75,16500,,,
2020-04-21 15:09:00,200.00,202.00,200.00,202.00,225,16275,,,
2020-04-21 15:13:00,202.00,202.00,202.00,202.00,75,16125,,,
2020-04-21 15:15:00,202.25,202.90,202.25,202.90,150,16125,,,
2020-04-21 15:16:00,204.85,204.85,204.85,204.85,75,16125,,,
2020-04-21 15:17:00,205.55,205.55,205.55,205.55,75,16125,,,
2020-04-21 15:19:00,204.00,205.00,204.00,205.00,150,16125,,,
2020-04-21 15:20:00,205.80,205.80,205.80,205.80,150,16125,,,
2020-04-21 15:21:00,204.60,204.60,203.25,203.25,300,16050,,,
2020-04-21 15:22:00,205.50,205.50,204.00,204.00,900,16050,,,
2020-04-21 15:23:00,203.95,203.95,203.95,203.95,75,16050,,,
2020-04-21 15:24:00,201.65,201.65,200.40,200.40,225,16875,,,
2020-04-21 15:25:00,200.55,200.55,200.00,200.00,450,16875,,,
2020-04-21 15:26:00,196.40,196.40,196.40,196.40,75,16875,,,
2020-04-21 15:27:00,197.00,197.00,197.00,197.00,75,16875,,,
2020-04-21 15:28:00,196.00,196.00,196.00,196.00,225,16875,,,
2020-04-21 15:29:01,199.10,199.10,199.10,199.10,75,16875,,,
2020-04-22 09:15:00,203.00,203.00,185.50,185.50,300,16800,,,
2020-04-22 09:16:00,184.20,186.75,182.45,182.80,900,16800,,,
2020-04-22 09:17:00,187.05,187.05,187.05,187.05,75,16800,,,
2020-04-22 09:18:00,200.00,204.65,200.00,204.65,375,17325,,,
2020-04-22 09:19:00,206.90,208.75,204.10,207.25,675,17325,,,
2020-04-22 09:20:00,206.15,206.15,204.00,204.00,525,17775,,,
2020-04-22 09:21:00,193.60,198.15,193.60,198.15,375,17775,,,
2020-04-22 09:22:00,200.15,200.15,200.15,200.15,75,17775,,,
2020-04-22 09:23:00,197.45,199.00,196.35,196.35,225,18075,,,
2020-04-22 09:24:00,196.35,199.00,196.35,199.00,675,18075,,,
2020-04-22 09:26:00,199.50,200.65,199.50,200.65,375,18225,,,
2020-04-22 09:27:00,196.35,196.35,192.25,193.05,600,18225,,,
2020-04-22 09:28:00,194.10,194.10,194.10,194.10,150,18225,,,
2020-04-22 09:29:00,193.00,195.25,193.00,194.75,225,18450,,,
2020-04-22 09:30:00,190.90,190.90,186.55,186.55,600,18450,,,
2020-04-22 09:31:00,190.55,190.55,188.65,188.65,525,18450,,,
2020-04-22 09:32:00,188.15,193.20,188.15,193.20,150,18300,,,
2020-04-22 09:33:00,195.60,196.90,195.60,196.90,300,18300,,,
2020-04-22 09:34:00,193.20,193.20,191.85,191.85,150,18300,,,
2020-04-22 09:35:00,199.30,199.30,194.15,194.15,150,18150,,,
2020-04-22 09:36:00,193.80,193.80,193.00,193.00,225,18150,,,
2020-04-22 09:37:00,191.00,193.00,189.40,189.40,450,18150,,,
2020-04-22 09:38:00,186.65,186.65,186.65,186.65,75,18150,,,
2020-04-22 09:39:00,186.60,186.60,184.20,184.20,375,18300,,,
2020-04-22 09:40:00,183.00,183.00,183.00,183.00,150,18300,,,
2020-04-22 09:41:00,181.15,181.15,179.85,179.85,375,18525,,,
2020-04-22 09:42:00,183.00,185.40,183.00,185.00,300,18525,,,
2020-04-22 09:45:00,183.00,183.00,180.00,180.00,975,18525,,,
2020-04-22 09:47:00,176.80,176.85,173.30,176.00,900,19200,,,
2020-04-22 09:48:00,178.80,178.80,178.80,178.80,75,19200,,,
2020-04-22 09:50:00,180.35,180.95,178.20,178.50,2250,18300,,,
2020-04-22 09:51:00,180.50,181.30,180.50,181.30,150,18300,,,
2020-04-22 09:52:00,181.40,181.40,181.40,181.40,75,18300,,,
2020-04-22 09:53:00,184.65,186.05,184.20,184.20,750,18375,,,
2020-04-22 09:55:00,186.30,187.00,186.30,187.00,300,18375,,,
2020-04-22 09:57:00,187.00,187.00,187.00,187.00,75,16950,,,
2020-04-22 09:58:00,188.35,188.35,188.35,188.35,75,16950,,,
2020-04-22 09:59:00,189.80,189.80,189.80,189.80,75,16950,,,
2020-04-22 10:01:00,180.35,181.80,180.35,181.80,150,16875,,,
2020-04-22 10:02:00,183.35,183.35,182.05,182.05,225,16800,,,
2020-04-22 10:04:00,184.25,188.90,184.25,188.90,675,16800,,,
2020-04-22 10:06:00,186.00,186.00,186.00,186.00,75,16350,,,
2020-04-22 10:07:00,182.00,182.00,180.90,180.90,150,16350,,,
2020-04-22 10:08:00,180.80,180.80,180.80,180.80,75,16200,,,
2020-04-22 10:09:00,183.00,183.00,183.00,183.00,75,16200,,,
2020-04-22 10:11:00,183.20,183.20,183.20,183.20,75,16275,,,
2020-04-22 10:12:00,183.10,183.10,183.10,183.10,375,16275,,,
2020-04-22 10:15:00,182.00,183.80,182.00,183.80,525,16200,,,
2020-04-22 10:17:00,190.00,192.00,190.00,192.00,150,16200,,,
2020-04-22 10:18:00,190.00,190.00,190.00,190.00,150,16200,,,
2020-04-22 10:19:00,189.85,189.85,188.80,188.80,150,16200,,,
2020-04-22 10:20:00,184.50,184.50,184.50,184.50,75,16275,,,
2020-04-22 10:23:00,187.30,187.30,187.30,187.30,75,16275,,,
2020-04-22 10:24:00,188.40,189.95,188.40,189.95,150,16350,,,
2020-04-22 10:26:00,189.05,189.05,189.05,189.05,75,16350,,,
2020-04-22 10:27:00,189.95,189.95,189.95,189.95,75,16200,,,
2020-04-22 10:28:00,193.40,193.40,193.10,193.10,225,16200,,,
2020-04-22 10:29:00,188.50,188.50,188.50,188.50,75,16200,,,
2020-04-22 10:30:00,193.00,194.00,193.00,194.00,300,16125,,,
2020-04-22 10:31:00,195.55,195.55,195.55,195.55,75,16125,,,
2020-04-22 10:32:00,196.55,196.55,196.55,196.55,225,16125,,,
2020-04-22 10:33:00,194.50,194.50,194.50,194.50,75,15750,,,
2020-04-22 10:34:00,197.40,197.40,197.40,197.40,75,15750,,,
2020-04-22 10:35:00,200.00,212.00,200.00,207.75,1425,15450,,,
2020-04-22 10:36:00,212.40,220.00,212.40,220.00,675,15450,,,
2020-04-22 10:37:00,220.00,221.40,218.10,218.10,900,15450,,,
2020-04-22 10:38:00,218.75,218.75,216.05,217.00,600,15300,,,
2020-04-22 10:39:00,216.15,216.15,214.90,214.90,300,15300,,,
2020-04-22 10:41:00,223.45,236.90,223.45,235.10,3075,14925,,,
2020-04-22 10:42:00,229.40,229.40,229.40,229.40,75,14925,,,
2020-04-22 10:43:00,225.20,230.00,225.20,230.00,300,14925,,,
2020-04-22 10:44:00,231.00,233.00,228.50,230.40,750,15675,,,
2020-04-22 10:45:00,230.50,230.50,230.50,230.50,75,15675,,,
2020-04-22 10:46:00,228.65,228.65,228.65,228.65,75,15675,,,
2020-04-22 10:47:00,226.40,227.95,226.40,227.95,150,16275,,,
2020-04-22 10:48:00,228.85,228.85,228.85,228.85,75,16275,,,
2020-04-22 10:49:00,229.20,230.40,228.55,230.40,450,16275,,,
2020-04-22 10:50:00,233.50,233.50,231.40,231.40,300,16275,,,
2020-04-22 10:51:00,232.55,232.55,232.55,232.55,150,16275,,,
2020-04-22 10:52:00,230.80,230.80,230.80,230.80,150,16275,,,
2020-04-22 10:53:00,230.90,230.90,226.30,226.30,225,15525,,,
2020-04-22 10:54:00,229.65,229.65,225.00,225.00,225,15525,,,
2020-04-22 10:55:00,225.00,225.00,225.00,225.00,75,15525,,,
2020-04-22 10:56:00,228.30,228.30,228.30,228.30,75,15525,,,
2020-04-22 10:57:00,228.00,230.00,228.00,230.00,150,14775,,,
2020-04-22 10:59:00,231.50,231.50,231.50,231.50,75,14775,,,
2020-04-22 11:00:00,235.00,236.00,235.00,235.25,300,14700,,,
2020-04-22 11:01:00,235.35,235.35,235.35,235.35,75,14700,,,
2020-04-22 11:02:00,233.20,233.20,233.20,233.20,75,14700,,,
2020-04-22 11:03:00,235.45,236.90,235.45,236.90,300,14550,,,
2020-04-22 11:04:00,239.95,239.95,239.95,239.95,75,14550,,,
2020-04-22 11:05:00,240.00,247.00,240.00,247.00,600,14775,,,
2020-04-22 11:06:00,246.10,246.10,246.10,246.10,75,14775,,,
2020-04-22 11:07:00,239.45,239.45,238.35,239.20,225,14775,,,
2020-04-22 11:09:00,244.00,245.00,241.50,245.00,225,14700,,,
2020-04-22 11:11:00,240.30,240.30,239.35,239.35,150,14700,,,
2020-04-22 11:12:00,245.00,245.00,245.00,245.00,75,13875,,,
2020-04-22 11:13:00,247.30,247.75,246.90,247.75,375,13875,,,
2020-04-22 11:14:00,247.75,250.00,245.90,248.95,300,14100,,,
2020-04-22 11:16:00,249.55,261.00,249.55,261.00,750,14100,,,
2020-04-22 11:18:00,263.30,263.30,260.00,260.00,600,13950,,,
2020-04-22 11:19:00,254.50,254.50,253.80,253.80,150,13950,,,
2020-04-22 11:20:00,255.90,255.90,255.90,255.90,150,13950,,,
2020-04-22 11:21:00,255.90,255.90,255.00,255.00,225,14100,,,
2020-04-22 11:23:00,250.00,250.00,250.00,250.00,75,14100,,,
2020-04-22 11:24:00,246.60,246.60,246.60,246.60,150,14325,,,
2020-04-22 11:26:00,240.60,240.60,240.00,240.00,225,14250,,,
2020-04-22 11:27:00,238.05,239.35,236.10,236.40,975,14250,,,
2020-04-22 11:28:00,241.00,241.00,241.00,241.00,75,14250,,,
2020-04-22 11:30:00,241.00,241.00,241.00,241.00,75,14400,,,
2020-04-22 11:31:00,234.40,234.40,231.45,231.45,225,14400,,,
2020-04-22 11:33:00,233.25,233.25,233.25,233.25,75,0,,,
2020-04-22 11:34:00,236.45,236.45,233.00,233.00,300,14325,,,
2020-04-22 11:35:00,229.80,229.80,229.80,229.80,75,14475,,,
2020-04-22 11:36:00,225.00,225.00,225.00,225.00,75,14475,,,
2020-04-22 11:38:00,224.85,224.85,224.85,224.85,150,0,,,
2020-04-22 11:40:00,236.00,236.00,236.00,236.00,75,14700,,,
2020-04-22 11:41:00,239.25,239.25,239.25,239.25,75,14700,,,
2020-04-22 11:45:00,245.00,245.00,245.00,245.00,75,14775,,,
2020-04-22 11:46:00,246.10,249.00,246.10,249.00,225,14775,,,
2020-04-22 11:47:00,249.00,250.50,249.00,250.50,225,14775,,,
2020-04-22 11:50:00,247.00,247.00,246.35,246.35,225,15150,,,
2020-04-22 11:51:00,245.00,245.00,245.00,245.00,150,15225,,,
2020-04-22 11:52:00,244.20,244.20,240.80,240.80,150,15225,,,
2020-04-22 11:54:00,244.25,244.65,244.25,244.65,150,15000,,,
2020-04-22 11:56:00,242.70,242.70,242.70,242.70,75,15000,,,
2020-04-22 11:57:00,240.30,241.50,240.30,241.50,150,14925,,,
2020-04-22 11:59:00,243.90,243.90,243.90,243.90,75,14925,,,
2020-04-22 12:00:00,240.00,240.00,240.00,240.00,75,14925,,,
2020-04-22 12:01:00,239.75,239.75,239.75,239.75,225,14925,,,
2020-04-22 12:02:00,243.20,243.20,243.20,243.20,75,0,,,
2020-04-22 12:04:00,247.00,249.80,247.00,247.95,375,15000,,,
2020-04-22 12:05:00,255.20,255.20,253.40,253.40,150,15075,,,
2020-04-22 12:06:00,253.00,253.00,253.00,253.00,150,15075,,,
2020-04-22 12:07:00,255.00,255.00,255.00,255.00,150,15075,,,
2020-04-22 12:08:00,255.00,255.00,255.00,255.00,150,15075,,,
2020-04-22 12:10:00,252.25,252.25,250.80,250.80,150,14925,,,
2020-04-22 12:12:00,246.40,246.40,246.40,246.40,75,14625,,,
2020-04-22 12:13:00,250.80,250.80,250.80,250.80,75,14625,,,
2020-04-22 12:16:00,243.20,243.20,242.10,242.10,150,14400,,,
2020-04-22 12:19:00,250.35,250.35,250.35,250.35,75,14325,,,
2020-04-22 12:20:00,254.15,254.15,254.15,254.15,150,14325,,,
2020-04-22 12:21:00,250.30,250.30,246.50,246.50,150,14325,,,
2020-04-22 12:23:00,246.10,246.10,245.00,245.00,150,14325,,,
2020-04-22 12:28:00,243.45,243.45,243.45,243.45,75,14250,,,
2020-04-22 12:32:00,249.00,253.00,249.00,253.00,225,14250,,,
2020-04-22 12:33:00,255.00,255.00,255.00,255.00,75,14250,,,
2020-04-22 12:34:00,260.35,263.00,260.35,263.00,300,14250,,,
2020-04-22 12:35:00,260.50,260.50,260.50,260.50,75,14250,,,
2020-04-22 12:37:00,260.50,260.50,259.90,259.90,150,14775,,,
2020-04-22 12:39:00,257.25,257.25,257.25,257.25,75,14700,,,
2020-04-22 12:41:00,259.20,259.20,259.20,259.20,300,14700,,,
2020-04-22 12:44:00,259.20,259.20,259.20,259.20,75,14850,,,
2020-04-22 12:45:00,256.20,256.20,256.20,256.20,75,14850,,,
2020-04-22 12:47:00,253.00,253.00,253.00,253.00,75,14850,,,
2020-04-22 12:48:00,252.70,255.00,252.70,255.00,525,14850,,,
2020-04-22 12:50:00,255.00,255.00,255.00,255.00,150,14850,,,
2020-04-22 12:51:00,255.00,255.00,255.00,255.00,75,14475,,,
2020-04-22 12:52:00,259.50,259.50,259.50,259.50,75,14475,,,
2020-04-22 12:53:00,259.50,259.50,259.50,259.50,75,14475,,,
2020-04-22 12:55:00,257.50,257.50,257.50,257.50,75,14475,,,
2020-04-22 12:56:00,258.10,259.65,258.10,259.65,150,14475,,,
2020-04-22 12:57:00,267.55,267.55,265.55,265.55,225,14625,,,
2020-04-22 12:58:00,268.00,268.00,268.00,268.00,450,14625,,,
2020-04-22 13:00:00,268.00,270.00,268.00,270.00,225,14325,,,
2020-04-22 13:01:00,270.00,273.00,270.00,270.00,300,14325,,,
2020-04-22 13:02:00,272.00,280.00,272.00,280.00,600,14325,,,
2020-04-22 13:03:00,283.95,283.95,283.95,283.95,1125,14250,,,
2020-04-22 13:06:00,278.80,278.80,278.80,278.80,75,13050,,,
2020-04-22 13:07:00,277.60,277.60,275.00,275.00,450,13050,,,
2020-04-22 13:08:00,269.05,269.05,269.05,269.05,75,13050,,,
2020-04-22 13:09:00,268.00,268.00,268.00,268.00,75,13350,,,
2020-04-22 13:12:00,269.95,269.95,269.95,269.95,150,13050,,,
2020-04-22 13:16:00,271.00,271.00,271.00,271.00,75,13050,,,
2020-04-22 13:18:00,259.65,259.65,259.65,259.65,75,13050,,,
2020-04-22 13:22:00,268.35,268.35,268.35,268.35,150,12975,,,
2020-04-22 13:28:00,268.05,268.05,268.05,268.05,300,13125,,,
2020-04-22 13:29:00,257.55,257.55,257.55,257.55,150,13125,,,
2020-04-22 13:30:00,254.20,254.20,254.20,254.20,150,13275,,,
2020-04-22 13:31:00,254.20,254.20,251.00,251.00,150,13275,,,
2020-04-22 13:33:00,253.00,253.00,253.00,253.00,75,13425,,,
2020-04-22 13:37:00,250.20,250.20,248.20,248.20,150,13425,,,
2020-04-22 13:40:00,245.20,245.20,245.00,245.00,225,13425,,,
2020-04-22 13:41:00,241.05,241.05,240.00,240.00,225,13425,,,
2020-04-22 13:45:00,251.05,251.05,251.05,251.05,75,13650,,,
2020-04-22 13:46:00,248.20,248.20,248.20,248.20,75,13650,,,
2020-04-22 13:47:00,250.35,250.35,250.35,250.35,75,13650,,,
2020-04-22 13:50:00,260.00,260.00,260.00,260.00,75,13725,,,
2020-04-22 13:51:00,259.50,259.50,259.50,259.50,225,13725,,,
2020-04-22 13:53:00,258.90,258.90,258.90,258.90,150,13725,,,
2020-04-22 13:55:00,258.90,258.90,258.90,258.90,150,13950,,,
2020-04-22 13:58:00,265.45,265.45,265.45,265.45,75,14025,,,
2020-04-22 13:59:00,261.15,261.15,258.45,258.45,225,14025,,,
2020-04-22 14:00:00,261.50,261.50,259.50,259.50,150,13875,,,
2020-04-22 14:05:00,257.50,257.50,257.50,257.50,300,13725,,,
2020-04-22 14:07:00,267.35,267.35,267.35,267.35,75,13650,,,
2020-04-22 14:09:00,269.00,269.00,269.00,269.00,375,13650,,,
2020-04-22 14:13:00,271.00,271.00,271.00,271.00,375,14025,,,
2020-04-22 14:15:00,273.00,277.95,273.00,277.95,300,14025,,,
2020-04-22 14:16:00,276.50,276.50,276.50,276.50,300,14025,,,
2020-04-22 14:17:00,286.50,287.95,286.50,287.00,750,14025,,,
2020-04-22 14:18:00,287.95,287.95,287.95,287.95,225,14025,,,
2020-04-22 14:19:00,280.90,280.90,280.90,280.90,75,13650,,,
2020-04-22 14:21:00,284.40,284.40,284.40,284.40,75,13725,,,
2020-04-22 14:22:00,280.00,280.00,280.00,280.00,375,13725,,,
2020-04-22 14:23:00,280.00,280.00,280.00,280.00,225,13725,,,
2020-04-22 14:24:00,284.50,284.95,284.50,284.95,375,13950,,,
2020-04-22 14:25:00,283.95,283.95,283.95,283.95,75,13950,,,
2020-04-22 14:26:00,280.00,280.00,280.00,280.00,75,13950,,,
2020-04-22 14:30:00,292.80,292.80,292.80,292.80,450,14025,,,
2020-04-22 14:31:00,296.05,296.05,296.05,296.05,75,14025,,,
2020-04-22 14:32:00,296.10,298.90,296.10,296.95,300,14025,,,
2020-04-22 14:33:00,299.55,299.55,299.55,299.55,75,14025,,,
2020-04-22 14:34:00,299.00,299.00,299.00,299.00,75,14025,,,
2020-04-22 14:35:00,297.50,305.00,297.50,305.00,150,14025,,,
2020-04-22 14:38:00,299.50,299.50,299.50,299.50,1050,13500,,,
2020-04-22 14:39:00,300.30,300.30,299.05,299.05,150,12975,,,
2020-04-22 14:42:00,298.00,300.00,298.00,300.00,225,12975,,,
2020-04-22 14:43:00,310.00,310.00,310.00,310.00,375,12975,,,
2020-04-22 14:46:00,312.00,312.00,312.00,312.00,375,12450,,,
2020-04-22 14:49:00,312.00,312.00,312.00,312.00,75,12450,,,
2020-04-22 14:51:00,309.80,314.40,307.40,307.40,300,12225,,,
2020-04-22 14:55:00,309.35,309.35,308.60,308.60,450,12000,,,
2020-04-22 14:56:00,311.00,311.00,311.00,311.00,75,12000,,,
2020-04-22 15:03:00,289.20,289.20,287.00,287.00,300,11700,,,
2020-04-22 15:06:00,300.00,300.00,300.00,300.00,75,11550,,,
2020-04-22 15:07:00,294.00,294.00,294.00,294.00,150,11550,,,
2020-04-22 15:17:00,297.50,297.50,297.50,297.50,150,11400,,,
2020-04-22 15:21:00,297.25,300.70,297.25,300.70,300,11325,,,
2020-04-22 15:22:00,300.70,301.00,300.70,301.00,450,11175,,,
2020-04-22 15:25:00,301.50,301.50,298.00,298.00,375,11550,,,
2020-04-22 15:27:00,298.00,298.00,298.00,298.00,75,11550,,,
2020-04-23 09:18:00,293.60,293.60,293.60,293.60,75,11400,,,
2020-04-23 09:20:00,290.00,290.00,290.00,290.00,75,11400,,,
2020-04-23 09:21:00,278.35,285.85,278.35,285.85,300,11400,,,
2020-04-23 09:22:00,285.90,285.90,278.50,278.50,450,11400,,,
2020-04-23 09:29:00,284.20,284.20,284.20,284.20,150,11175,,,
2020-04-23 09:34:00,285.00,293.65,285.00,293.65,225,11175,,,
2020-04-23 09:36:00,295.00,295.00,295.00,295.00,300,10875,,,
2020-04-23 09:53:00,300.10,300.10,300.10,300.10,75,10875,,,
2020-04-23 09:56:00,305.00,305.00,305.00,305.00,75,10875,,,
2020-04-23 09:57:00,310.10,310.10,310.10,310.10,300,10875,,,
2020-04-23 09:58:00,315.25,315.25,315.25,315.25,75,10875,,,
2020-04-23 10:04:00,310.85,310.85,310.85,310.85,150,10575,,,
2020-04-23 10:06:00,304.65,305.00,304.65,305.00,300,10425,,,
2020-04-23 10:07:00,300.20,300.20,300.20,300.20,225,10425,,,
2020-04-23 10:19:00,314.00,314.00,314.00,314.00,150,10725,,,
2020-04-23 10:25:00,319.95,320.00,319.95,320.00,450,10725,,,
2020-04-23 10:29:00,302.95,302.95,302.95,302.95,75,10575,,,
2020-04-23 10:30:00,317.15,317.15,317.15,317.15,75,10575,,,
2020-04-23 10:41:00,315.00,315.00,315.00,315.00,75,10575,,,
2020-04-23 10:44:00,317.00,317.00,317.00,317.00,150,10575,,,
2020-04-23 10:46:00,324.95,324.95,324.95,324.95,75,10575,,,
2020-04-23 10:50:00,324.00,324.00,324.00,324.00,300,10575,,,
2020-04-23 10:51:00,308.10,308.10,308.10,308.10,75,10500,,,
2020-04-23 10:58:00,308.20,308.20,308.15,308.15,375,10425,,,
2020-04-23 11:54:00,335.00,335.00,335.00,335.00,75,10650,,,
2020-04-23 11:55:00,336.45,336.45,336.45,336.45,75,10650,,,
2020-04-23 11:58:00,333.05,333.05,333.00,333.00,150,10650,,,
2020-04-23 12:13:00,332.40,332.40,332.40,332.40,75,10650,,,
2020-04-23 12:25:00,335.95,335.95,335.95,335.95,75,10575,,,
2020-04-23 12:35:00,321.60,321.60,321.60,321.60,75,10575,,,
2020-04-23 12:42:00,337.00,337.00,337.00,337.00,75,10575,,,
2020-04-23 13:22:00,280.15,280.15,280.15,280.15,75,10500,,,
2020-04-23 13:31:00,288.10,288.10,288.10,288.10,75,10425,,,
2020-04-23 13:40:00,272.75,280.40,272.75,280.40,750,10350,,,
2020-04-23 13:41:00,283.15,285.80,283.15,285.80,150,10350,,,
2020-04-23 13:44:00,292.50,292.50,292.50,292.50,300,10350,,,
2020-04-23 13:45:00,291.95,291.95,291.95,291.95,75,10500,,,
2020-04-23 13:52:00,321.70,321.70,321.70,321.70,375,10425,,,
2020-04-23 13:56:00,313.20,313.20,313.20,313.20,75,10350,,,
2020-04-23 14:02:00,322.00,322.00,322.00,322.00,75,10350,,,
2020-04-23 14:03:00,322.05,322.05,322.05,322.05,150,10350,,,
2020-04-23 14:15:00,332.05,332.05,332.05,332.05,150,10500,,,
2020-04-23 14:28:00,312.60,312.60,312.60,312.60,75,10350,,,
2020-04-23 14:30:00,309.95,309.95,309.95,309.95,75,10425,,,
2020-04-23 14:34:00,321.80,321.80,321.80,321.80,75,10425,,,
2020-04-23 14:43:00,335.00,345.00,335.00,345.00,525,10425,,,
2020-04-23 14:57:00,340.20,340.20,340.20,340.20,75,10200,,,
2020-04-23 14:59:00,345.45,345.45,345.45,345.45,75,10200,,,
2020-04-23 15:06:00,332.00,332.00,332.00,332.00,300,10200,,,
2020-04-23 15:07:00,332.15,332.15,332.15,332.15,150,10200,,,
2020-04-23 15:20:00,335.00,335.00,335.00,335.00,225,10200,,,
2020-04-23 15:25:00,331.85,331.85,331.85,331.85,75,10350,,,
2020-04-23 15:28:00,325.05,325.10,325.05,325.10,2700,10350,,,
2020-04-23 15:29:01,325.10,325.10,325.10,325.10,300,10350,,,
2020-04-24 09:15:00,202.70,240.80,200.10,230.45,1650,9225,209.30,,0.00
2020-04-24 09:16:00,240.45,240.45,233.65,239.85,750,9225,217.68,,0.00
2020-04-24 09:17:00,239.35,239.35,228.35,228.35,1050,0,222.38,,0.00
2020-04-24 09:18:00,229.25,237.15,229.25,237.15,150,10500,222.83,,0.00
2020-04-24 09:19:00,235.70,235.70,234.20,234.20,225,10500,223.55,,0.00
2020-04-24 09:20:00,230.50,230.50,225.50,226.35,1425,10575,224.41,,75.00
2020-04-24 09:21:00,226.90,230.00,226.90,230.00,150,10575,224.52,,0.00
2020-04-24 09:22:00,234.55,240.70,234.55,238.90,600,10575,225.93,,0.00
2020-04-24 09:23:00,239.55,239.80,231.55,231.55,675,11025,227.13,,450.00
2020-04-24 09:25:00,226.15,226.15,214.45,216.55,900,11025,226.01,,0.00
2020-04-24 09:26:00,215.35,217.85,213.80,217.85,1350,10725,224.41,,-300.00
2020-04-24 09:27:00,215.80,216.60,215.00,215.00,525,10725,223.89,,0.00
2020-04-24 09:28:00,211.35,211.40,211.35,211.40,225,10725,223.60,,0.00
2020-04-24 09:29:00,213.25,215.00,213.25,215.00,150,10800,223.46,,75.00
2020-04-24 09:30:00,211.10,211.65,208.05,210.45,2250,10800,221.02,,0.00
2020-04-24 09:31:00,209.00,211.15,209.00,210.75,675,10800,220.46,,0.00
2020-04-24 09:32:00,216.70,216.70,210.80,210.80,225,9525,220.33,,-1275.00
2020-04-24 09:33:00,217.00,219.00,217.00,219.00,375,9525,220.27,,0.00
2020-04-24 09:34:00,219.00,219.45,216.50,219.45,300,9525,220.23,,0.00
2020-04-24 09:35:00,222.00,222.30,220.95,220.95,600,9675,220.28,,150.00
2020-04-24 09:36:00,226.45,226.45,223.15,223.70,225,9675,220.35,,0.00
2020-04-24 09:37:00,224.75,234.30,224.75,231.85,1575,9675,221.24,,0.00
2020-04-24 09:38:00,233.05,237.55,231.05,231.05,450,9750,221.60,,75.00
2020-04-24 09:39:00,236.80,236.80,236.80,236.80,75,9750,221.66,,0.00
2020-04-24 09:40:00,236.30,236.30,228.65,228.65,225,9750,221.83,,0.00
2020-04-24 09:41:00,223.30,223.30,223.30,223.30,75,9750,221.83,,0.00
2020-04-24 09:42:00,222.20,226.50,222.20,226.50,450,9750,221.91,,0.00
2020-04-24 09:43:00,228.10,231.20,227.45,231.10,1275,9750,222.50,,0.00
2020-04-24 09:44:00,232.60,235.30,232.10,232.10,375,10425,222.70,,675.00
2020-04-24 09:45:00,231.10,231.10,231.10,231.10,75,10425,222.73,,0.00
2020-04-24 09:46:00,230.00,230.00,227.70,227.70,375,10425,222.85,,0.00
2020-04-24 09:47:00,235.85,235.85,235.85,235.85,75,10350,222.90,,-75.00
2020-04-24 09:48:00,238.65,238.65,235.65,235.65,450,10350,223.22,,0.00
2020-04-24 09:49:00,243.45,249.85,243.45,247.35,375,10350,223.67,,0.00
2020-04-24 09:50:00,246.65,246.65,246.65,246.65,150,10800,223.84,,450.00
2020-04-24 09:51:00,245.35,249.00,245.10,245.10,2550,10800,226.32,,0.00
2020-04-24 09:52:00,246.35,246.35,240.55,240.55,825,10800,226.92,,0.00
2020-04-24 09:53:00,242.10,242.50,242.10,242.50,300,10575,227.12,,-225.00
2020-04-24 09:54:00,245.00,245.00,242.00,242.00,375,10575,227.37,,0.00
2020-04-24 09:56:00,239.85,239.85,239.85,239.85,75,10350,227.41,,0.00
2020-04-24 09:58:00,245.50,245.50,245.50,245.50,150,10350,227.52,,0.00
2020-04-24 10:00:00,254.00,260.80,254.00,260.00,975,10350,228.70,,0.00
2020-04-24 10:01:00,261.10,264.05,261.10,264.05,225,10350,229.00,,0.00
2020-04-24 10:03:00,251.00,251.00,251.00,251.00,225,9675,229.19,,0.00
2020-04-24 10:05:00,244.90,244.90,244.90,244.90,75,9675,229.23,,0.00
2020-04-24 10:06:00,244.45,244.45,244.45,244.45,225,9675,229.36,,0.00
2020-04-24 10:08:00,239.90,239.90,239.90,239.90,150,9600,229.43,,0.00
2020-04-24 10:09:00,239.90,239.90,236.85,239.75,375,9600,229.56,,0.00
2020-04-24 10:11:00,242.35,242.35,242.35,242.35,75,9525,229.60,,0.00
2020-04-24 10:12:00,241.10,241.10,241.10,241.10,225,9525,229.70,,0.00
2020-04-24 10:14:00,237.20,237.20,237.20,237.20,75,9450,229.72,,0.00
2020-04-24 10:15:00,232.20,232.20,232.20,232.20,75,9450,229.72,,0.00
2020-04-24 10:16:00,236.50,236.50,236.50,236.50,150,9450,229.76,,0.00
2020-04-24 10:17:00,238.35,238.35,238.35,238.35,150,9600,229.81,,150.00
2020-04-24 10:18:00,237.90,237.90,236.65,236.65,300,9600,229.88,,0.00
2020-04-24 10:19:00,240.35,240.35,240.35,240.35,150,9600,229.94,,0.00
2020-04-24 10:20:00,243.70,250.40,243.70,244.20,525,9975,230.23,,375.00
2020-04-24 10:26:00,237.00,237.00,237.00,237.00,75,10050,230.25,,0.00
2020-04-24 10:27:00,236.55,236.55,236.55,236.55,75,10050,230.27,,0.00
2020-04-24 10:30:00,232.20,232.20,232.20,232.20,75,10050,230.27,,0.00
2020-04-24 10:31:00,225.00,225.00,225.00,225.00,900,10050,230.12,,0.00
2020-04-24 10:32:00,223.60,229.10,223.60,229.10,300,10650,230.07,,600.00
2020-04-24 10:34:00,226.75,226.75,226.75,226.75,150,10650,230.05,,0.00
2020-04-24 10:36:00,227.80,229.10,227.80,229.10,450,10875,230.02,,0.00
2020-04-24 10:37:00,230.90,230.90,228.85,228.85,225,10875,230.02,,0.00
2020-04-24 10:41:00,222.75,222.75,222.05,222.05,150,10725,229.98,,0.00
2020-04-24 10:43:00,223.00,223.00,219.60,219.60,1050,10725,229.74,,0.00
2020-04-24 10:45:00,223.35,223.35,223.35,223.35,75,11175,229.72,,0.00
2020-04-24 10:46:00,228.45,230.80,228.45,230.80,525,11175,229.73,,0.00
2020-04-24 10:53:00,228.95,228.95,228.95,228.95,75,10950,229.73,,0.00
2020-04-24 10:55:00,226.00,226.00,226.00,226.00,450,10950,229.68,,0.00
2020-04-24 10:57:00,223.95,223.95,223.95,223.95,75,11475,229.66,,0.00
2020-04-24 10:58:00,228.10,228.10,227.60,227.60,150,11475,229.66,,0.00
2020-04-24 10:59:00,232.10,232.10,232.10,232.10,150,11625,229.67,,150.00
2020-04-24 11:02:00,226.80,226.80,226.80,226.80,75,11625,229.66,,0.00
2020-04-24 11:03:00,226.00,226.00,226.00,226.00,150,11850,229.64,,225.00
2020-04-24 11:04:00,223.35,223.35,223.35,223.35,150,11850,229.62,,0.00
2020-04-24 11:06:00,226.95,226.95,226.95,226.95,375,12000,229.59,,0.00
2020-04-24 11:07:00,229.20,230.00,229.20,230.00,150,12000,229.59,,0.00
2020-04-24 11:09:00,231.40,231.40,231.40,231.40,150,11625,229.59,,0.00
2020-04-24 11:10:00,232.30,232.30,232.30,232.30,75,11625,229.60,,0.00
2020-04-24 11:11:00,232.55,232.55,232.55,232.55,450,11700,229.64,,75.00
2020-04-24 11:12:00,234.00,235.90,234.00,235.90,450,11700,229.70,,0.00
2020-04-24 11:14:00,236.00,236.00,233.85,233.85,900,11775,229.85,,0.00
2020-04-24 11:22:00,235.35,235.35,235.35,235.35,75,12000,229.86,,0.00
2020-04-24 11:23:00,236.00,237.25,236.00,237.25,375,12300,229.93,,300.00
2020-04-24 11:24:00,240.00,241.00,240.00,241.00,750,12300,230.13,,0.00
2020-04-24 11:28:00,231.60,231.60,231.60,231.60,75,12150,230.13,,0.00
2020-04-24 11:30:00,230.50,232.85,230.50,232.50,2475,12150,230.21,,0.00
2020-04-24 11:31:00,237.10,237.10,233.30,233.30,375,12150,230.26,,0.00
2020-04-24 11:32:00,238.30,238.30,238.30,238.30,75,13800,230.27,,1650.00
2020-04-24 11:36:00,225.00,225.55,225.00,225.55,2250,13500,230.00,,0.00
2020-04-24 11:37:00,223.00,223.00,216.00,216.00,825,13500,229.82,,0.00
2020-04-24 11:38:00,219.00,220.60,219.00,220.60,150,13500,229.78,,0.00
2020-04-24 11:40:00,225.60,225.60,225.60,225.60,150,12750,229.77,,0.00
2020-04-24 11:41:00,223.00,223.00,223.00,223.00,150,12750,229.75,,0.00
2020-04-24 11:44:00,229.35,229.35,229.35,229.35,225,12825,229.75,,0.00
2020-04-24 11:45:00,227.60,227.60,227.60,227.60,150,12825,229.74,,0.00
2020-04-24 11:46:00,230.90,231.75,230.90,231.75,225,12825,229.75,,0.00
2020-04-24 11:47:00,234.30,236.75,234.30,234.90,450,12600,229.80,,-225.00
2020-04-24 11:50:00,241.00,243.65,241.00,243.65,525,12675,229.93,,0.00
2020-04-24 11:51:00,241.30,241.30,241.30,241.30,75,12675,229.95,,0.00
2020-04-24 11:52:00,233.45,233.45,233.20,233.20,150,12675,229.96,,0.00
2020-04-24 11:56:00,238.85,238.85,238.85,238.85,75,12150,229.98,,0.00
2020-04-24 11:57:00,236.00,236.00,236.00,236.00,225,12375,230.01,,225.00
2020-04-24 11:58:00,232.35,232.35,232.35,232.35,75,12375,230.01,,0.00
2020-04-24 11:59:00,237.00,237.00,237.00,237.00,750,12450,230.11,,75.00
2020-04-24 12:01:00,240.00,240.00,240.00,240.00,225,12450,230.16,,0.00
2020-04-24 12:05:00,237.85,237.85,237.85,237.85,75,11700,230.17,,0.00
2020-04-24 12:06:00,240.80,240.80,240.80,240.80,600,11700,230.30,,0.00
2020-04-24 12:08:00,246.00,248.65,246.00,247.85,600,11700,230.51,,0.00
2020-04-24 12:09:00,248.10,248.10,248.10,248.10,75,11700,230.53,,0.00
2020-04-24 12:10:00,245.10,245.10,245.10,245.10,75,11700,230.55,,0.00
2020-04-24 12:14:00,246.00,247.20,246.00,247.20,225,11625,230.63,,0.00
2020-04-24 12:15:00,246.75,246.75,246.75,246.75,75,10800,230.65,,-825.00
2020-04-24 12:16:00,244.20,244.20,244.20,244.20,75,10800,230.67,,0.00
2020-04-24 12:17:00,246.00,246.00,246.00,246.00,75,10800,230.70,,0.00
2020-04-24 12:18:00,252.10,252.10,252.10,252.10,150,10800,230.76,,0.00
2020-04-24 12:19:00,252.70,252.70,252.70,252.70,75,10800,230.79,,0.00
2020-04-24 12:21:00,257.55,257.55,256.60,256.60,225,10800,230.91,,0.00
2020-04-24 12:22:00,263.40,271.50,263.40,271.50,450,10800,231.22,,0.00
2020-04-24 12:23:00,265.00,265.00,263.50,263.50,300,10800,231.42,,0.00
2020-04-24 12:24:00,263.00,264.75,263.00,264.75,1650,10650,232.43,,-150.00
2020-04-24 12:25:00,263.65,265.05,263.65,265.00,825,10650,232.93,,0.00
2020-04-24 12:26:00,262.20,263.50,262.20,263.50,150,10650,233.01,,0.00
2020-04-24 12:29:00,279.80,279.80,279.80,279.80,75,10200,233.08,,0.00
2020-04-24 12:31:00,271.00,275.00,271.00,275.00,975,10200,233.80,,0.00
2020-04-24 12:32:00,275.50,275.50,271.85,271.85,525,10200,234.20,,0.00
2020-04-24 12:33:00,271.70,271.70,271.70,271.70,75,10050,234.25,,-150.00
2020-04-24 12:34:00,274.10,274.10,271.05,271.05,225,10050,234.41,,0.00
2020-04-24 12:35:00,279.00,279.00,278.95,279.00,375,10050,234.71,,0.00
2020-04-24 12:36:00,296.75,296.75,296.75,296.75,150,10050,234.87,,0.00
2020-04-24 12:37:00,297.50,297.50,297.50,297.50,375,10050,235.29,,0.00
2020-04-24 12:40:00,291.05,292.65,291.05,292.65,225,10200,235.51,,0.00
2020-04-24 12:41:00,287.80,287.80,287.80,287.80,75,10200,235.58,,0.00
2020-04-24 12:42:00,287.20,287.20,284.90,285.40,750,9675,236.25,,-525.00
2020-04-24 12:43:00,290.05,290.05,290.05,290.05,150,9675,236.39,,0.00
2020-04-24 12:46:00,282.80,282.80,278.35,278.35,375,9975,236.68,,0.00
2020-04-24 12:47:00,278.70,279.85,278.70,279.85,375,9975,236.95,,0.00
2020-04-24 12:48:00,284.60,284.65,284.60,284.65,225,10425,237.13,,450.00
2020-04-24 12:50:00,287.60,287.60,287.60,287.60,150,10425,237.26,,0.00
2020-04-24 12:51:00,291.95,291.95,277.95,277.95,675,10500,237.77,,75.00
2020-04-24 12:52:00,287.95,287.95,287.95,287.95,75,10500,237.84,,0.00
2020-04-24 12:53:00,289.00,291.00,284.40,284.40,600,10500,238.36,,0.00
2020-04-24 12:54:00,278.60,280.45,278.45,280.45,600,10500,238.76,,0.00
2020-04-24 12:55:00,274.40,274.40,274.40,274.40,150,10500,238.85,,0.00
2020-04-24 12:56:00,268.45,269.15,268.45,269.15,450,10500,239.07,,0.00
2020-04-24 12:57:00,272.25,272.25,272.25,272.25,225,11550,239.19,,1050.00
2020-04-24 13:01:00,272.00,272.00,269.00,269.00,150,11775,239.27,,0.00
2020-04-24 13:04:00,266.30,266.30,266.30,266.30,225,11775,239.37,,0.00
2020-04-24 13:05:00,263.95,263.95,263.95,263.95,150,11775,239.43,,0.00
2020-04-24 13:06:00,269.65,269.65,269.65,269.65,75,12000,239.47,,225.00
2020-04-24 13:08:00,280.10,280.10,280.10,280.10,150,12000,239.56,,0.00
2020-04-24 13:14:00,285.00,285.00,285.00,285.00,75,12075,239.62,,0.00
2020-04-24 13:15:00,286.00,286.00,286.00,286.00,150,12075,239.73,,0.00
2020-04-24 13:18:00,274.65,274.65,274.65,274.65,75,12150,239.77,,0.00
2020-04-24 13:19:00,280.70,280.70,280.70,280.70,75,12150,239.82,,0.00
2020-04-24 13:20:00,278.80,278.80,278.80,278.80,75,12150,239.87,,0.00
2020-04-24 13:21:00,286.50,286.50,286.50,286.50,150,12150,239.98,,0.00
2020-04-24 13:23:00,275.00,275.00,275.00,275.00,75,12150,240.02,,0.00
2020-04-24 13:31:00,271.95,271.95,271.95,271.95,75,12225,240.06,,0.00
2020-04-24 13:34:00,272.00,272.00,272.00,272.00,75,12225,240.10,,0.00
2020-04-24 13:35:00,268.70,268.70,268.70,268.70,75,12225,240.13,,0.00
2020-04-24 13:36:00,264.15,264.95,264.15,264.95,225,12225,240.22,,0.00
2020-04-24 13:38:00,272.55,272.55,271.15,271.15,300,12225,240.37,,0.00
2020-04-24 13:39:00,274.00,278.80,274.00,278.80,225,12225,240.50,,0.00
2020-04-24 13:42:00,271.20,271.20,270.60,270.60,150,12300,240.57,,0.00
2020-04-24 13:46:00,265.00,265.00,264.30,264.30,450,12150,240.74,,0.00
2020-04-24 13:47:00,265.55,267.00,265.55,267.00,225,12150,240.83,,0.00
2020-04-24 13:50:00,263.85,264.40,263.85,264.40,150,12450,240.88,,0.00
2020-04-24 13:52:00,261.35,261.35,255.05,255.05,675,12375,241.06,,0.00
2020-04-24 13:53:00,252.65,252.65,248.00,248.00,375,12375,241.11,,0.00
2020-04-24 13:54:00,247.00,247.00,234.80,242.95,450,12150,241.12,,-225.00
2020-04-24 13:55:00,242.60,246.50,242.60,246.50,300,12150,241.14,,0.00
2020-04-24 13:56:00,241.70,241.70,241.70,241.70,75,12150,241.14,,0.00
2020-04-24 13:57:00,238.70,238.70,236.70,236.70,150,12375,241.13,,225.00
2020-04-24 13:58:00,239.75,244.10,239.75,244.10,300,12375,241.13,,0.00
2020-04-24 13:59:00,242.05,242.05,242.05,242.05,150,12375,241.14,,0.00
2020-04-24 14:01:00,247.60,247.60,247.60,247.60,75,11775,241.14,,0.00
2020-04-24 14:04:00,230.85,230.85,230.85,230.85,300,11775,241.09,,0.00
2020-04-24 14:05:00,226.00,226.00,220.15,221.20,300,11775,241.00,,0.00
2020-04-24 14:06:00,221.30,221.75,216.10,217.10,600,11850,240.81,,75.00
2020-04-24 14:07:00,214.95,214.95,214.85,214.85,150,11850,240.76,,0.00
2020-04-24 14:08:00,215.75,219.25,215.55,219.25,300,11850,240.65,,0.00
2020-04-24 14:09:00,221.25,221.25,220.55,220.55,525,12075,240.50,,225.00
2020-04-24 14:10:00,225.00,225.00,225.00,225.00,150,12075,240.47,,0.00
2020-04-24 14:11:00,218.75,218.75,217.05,217.15,225,12075,240.39,,0.00
2020-04-24 14:12:00,223.55,224.00,223.55,223.70,675,12150,240.23,,75.00
2020-04-24 14:13:00,220.50,220.50,220.50,220.50,150,12150,240.19,,0.00
2020-04-24 14:14:00,221.50,223.40,221.50,223.40,300,12150,240.12,,0.00
2020-04-24 14:15:00,224.65,226.70,224.65,226.70,600,12150,240.00,,0.00
2020-04-24 14:16:00,224.00,224.00,224.00,224.00,225,12150,239.95,,0.00
2020-04-24 14:17:00,223.40,223.40,216.85,216.85,300,12150,239.87,,0.00
2020-04-24 14:18:00,214.95,214.95,207.45,207.45,975,12225,239.48,,75.00
2020-04-24 14:19:00,206.80,215.20,206.80,215.20,525,12225,239.28,,0.00
2020-04-24 14:20:00,206.60,206.60,201.45,201.45,450,12225,239.06,,0.00
2020-04-24 14:21:00,200.95,206.95,200.95,203.35,375,12300,238.88,,75.00
2020-04-24 14:22:00,202.05,204.85,199.85,204.85,675,12300,238.55,,0.00
2020-04-24 14:23:00,201.05,201.05,201.05,201.05,150,12300,238.47,,0.00
2020-04-24 14:24:00,199.45,203.85,198.65,203.85,825,12150,238.06,,-150.00
2020-04-24 14:25:00,205.10,205.10,200.65,200.65,225,12150,237.96,,0.00
2020-04-24 14:26:00,200.00,203.50,200.00,203.50,375,12150,237.78,,0.00
2020-04-24 14:27:00,204.50,204.50,202.90,202.90,525,12225,237.54,,75.00
2020-04-24 14:28:00,204.90,204.90,204.90,204.90,225,12225,237.45,,0.00
2020-04-24 14:29:00,204.90,208.70,204.65,208.70,675,12225,237.18,,0.00
2020-04-24 14:30:00,214.85,214.85,213.70,214.50,375,11700,237.07,,-525.00
2020-04-24 14:31:00,218.30,222.15,217.85,222.15,2775,11700,236.48,,0.00
2020-04-24 14:32:00,214.25,214.25,212.45,212.45,150,11700,236.44,,0.00
2020-04-24 14:33:00,208.40,210.65,206.95,210.65,750,12750,236.18,,1050.00
2020-04-24 14:37:00,212.00,212.00,212.00,212.00,75,12675,236.15,,0.00
2020-04-24 14:39:00,217.00,217.00,217.00,217.00,75,11775,236.14,,0.00
2020-04-24 14:40:00,223.50,223.50,217.40,217.40,2250,11775,235.67,,0.00
2020-04-24 14:42:00,217.40,218.35,215.90,215.90,375,12000,235.59,,0.00
2020-04-24 14:43:00,220.40,222.20,219.95,222.20,2700,12000,235.14,,0.00
2020-04-24 14:44:00,223.75,227.80,223.75,225.50,825,12000,235.05,,0.00
2020-04-24 14:45:00,222.00,222.00,222.00,222.00,75,12000,235.04,,0.00
2020-04-24 14:46:00,230.85,233.95,230.85,233.95,300,12750,235.03,,750.00
2020-04-24 14:49:00,224.75,228.05,224.75,228.05,150,13500,235.02,,0.00
2020-04-24 14:50:00,223.25,223.25,221.10,221.10,375,13500,234.96,,0.00
2020-04-24 14:51:00,223.50,223.50,222.60,223.15,375,13575,234.91,,75.00
2020-04-24 14:52:00,222.40,222.75,221.30,221.30,300,13575,234.87,,0.00
2020-04-24 14:53:00,215.80,215.80,215.25,215.25,300,13575,234.81,,0.00
2020-04-24 14:54:00,216.75,221.90,216.75,218.75,1950,12300,234.47,,-1275.00
2020-04-24 14:55:00,215.00,215.00,215.00,215.00,75,12300,234.46,,0.00
2020-04-24 14:57:00,218.20,218.75,217.80,217.80,675,11550,234.34,,0.00
2020-04-24 14:58:00,217.70,220.55,217.25,220.55,225,11550,234.30,,0.00
2020-04-24 14:59:00,219.75,219.75,219.75,219.75,75,11550,234.29,,0.00
2020-04-24 15:00:00,216.35,216.35,214.30,215.15,450,10875,234.20,,-675.00
2020-04-24 15:01:00,211.00,211.00,209.05,209.05,375,10875,234.11,,0.00
2020-04-24 15:02:00,208.95,208.95,208.50,208.50,150,10875,234.07,,0.00
2020-04-24 15:04:00,205.00,205.00,202.40,202.40,150,11025,234.02,,0.00
2020-04-24 15:05:00,207.25,207.25,206.35,206.35,375,11025,233.91,,0.00
2020-04-24 15:06:00,210.00,210.95,210.00,210.95,450,10800,233.80,,-225.00
2020-04-24 15:08:00,207.70,207.70,207.70,207.70,75,10800,233.78,,0.00
2020-04-24 15:09:00,207.75,207.75,207.20,207.20,225,10275,233.72,,-525.00
2020-04-24 15:10:00,205.00,205.00,203.85,203.85,225,10275,233.65,,0.00
2020-04-24 15:11:00,203.45,203.45,202.90,202.90,225,10275,233.58,,0.00
2020-04-24 15:13:00,200.75,200.75,200.75,200.75,75,10500,233.55,,0.00
2020-04-24 15:15:00,200.25,200.25,199.35,199.95,750,10500,233.29,,0.00
2020-04-24 15:16:00,199.90,199.90,199.90,199.90,150,10500,233.24,,0.00
2020-04-24 15:17:00,201.25,201.75,201.25,201.75,900,10500,232.94,,0.00
2020-04-24 15:18:00,202.00,203.80,202.00,203.80,375,11175,232.83,,675.00
2020-04-24 15:19:00,204.95,206.75,204.95,206.75,150,11175,232.79,,0.00
2020-04-24 15:20:00,207.35,207.35,207.00,207.00,300,11175,232.71,,0.00
2020-04-24 15:21:00,209.60,209.90,209.60,209.90,150,11175,232.67,,0.00
2020-04-24 15:22:00,210.00,210.00,210.00,210.00,75,11175,232.66,,0.00
2020-04-24 15:23:00,211.10,211.10,211.10,211.10,75,11175,232.64,,0.00
2020-04-24 15:24:00,212.20,212.20,212.20,212.20,150,11175,232.61,,0.00
2020-04-24 15:25:00,212.35,212.35,210.10,210.65,375,11175,232.53,,0.00
2020-04-24 15:26:00,210.60,212.65,210.60,212.65,675,11175,232.39,,0.00
2020-04-24 15:27:00,214.00,214.00,214.00,214.00,150,10800,232.36,,-375.00
2020-04-24 15:28:00,211.05,211.45,211.05,211.45,450,10800,232.27,,0.00
2020-04-24 15:29:01,216.50,217.45,216.50,217.45,300,10800,232.23,,0.00
2020-04-27 09:15:00,265.05,276.70,253.25,276.70,1875,9900,271.77,,0.00
2020-04-27 09:16:00,276.05,276.05,276.05,276.05,75,9900,271.93,,0.00
2020-04-27 09:17:00,275.00,275.00,273.25,273.25,150,9600,272.09,,-300.00
2020-04-27 09:18:00,267.20,273.25,267.20,273.25,150,9600,271.96,,0.00
2020-04-27 09:19:00,285.65,285.65,285.65,285.65,450,9600,274.21,,0.00
2020-04-27 09:21:00,290.40,291.35,286.65,291.35,300,9600,277.67,,0.00
2020-04-27 09:22:00,295.40,295.40,295.40,295.40,150,9600,278.36,,0.00
2020-04-27 09:23:00,296.00,296.00,288.00,288.00,1200,9750,281.92,,150.00
2020-04-27 09:24:00,292.75,292.75,292.75,292.75,75,9750,282.09,,0.00
2020-04-27 09:25:00,288.95,291.35,288.95,291.35,150,9750,282.33,,0.00
2020-04-27 09:26:00,281.80,285.10,281.80,285.10,150,9600,282.36,,-150.00
2020-04-27 09:27:00,289.10,291.30,289.10,291.30,300,9600,282.78,,0.00
2020-04-27 09:29:00,302.95,306.20,302.95,305.55,525,9600,284.55,,0.00
2020-04-27 09:30:00,306.65,306.65,306.65,306.65,150,9600,285.09,,0.00
2020-04-27 09:31:00,311.90,313.70,310.00,312.70,600,9600,287.39,,0.00
2020-04-27 09:32:00,317.50,321.00,316.00,321.00,225,9450,288.38,,-150.00
2020-04-27 09:34:00,320.50,320.50,319.85,319.85,225,9450,289.38,,0.00
2020-04-27 09:35:00,319.00,319.00,319.00,319.00,75,9375,289.68,,-75.00
2020-04-27 09:38:00,315.25,315.25,315.25,315.25,300,9375,290.69,,0.00
2020-04-27 09:43:00,316.60,316.60,316.60,316.60,150,9225,291.20,,0.00
2020-04-27 09:44:00,322.45,328.85,322.45,323.65,2175,9075,298.75,,-150.00
2020-04-27 09:46:00,313.50,313.50,309.10,309.10,525,9075,299.47,,0.00
2020-04-27 09:47:00,312.85,312.85,312.85,312.85,75,9375,299.56,,300.00
2020-04-27 09:48:00,310.75,310.75,310.75,310.75,75,9375,299.64,,0.00
2020-04-27 09:50:00,312.60,312.60,312.60,312.60,75,9300,299.73,,0.00
2020-04-27 09:51:00,302.30,302.30,302.30,302.30,1875,9300,300.12,,0.00
2020-04-27 09:52:00,308.75,309.45,308.75,309.45,300,9300,300.32,,0.00
2020-04-27 09:53:00,310.00,310.00,310.00,310.00,375,9150,300.60,,-150.00
2020-04-27 09:54:00,310.95,313.20,310.95,312.25,375,9150,300.93,,0.00
2020-04-27 09:55:00,315.90,315.90,308.90,308.90,150,9150,301.05,,0.00
2020-04-27 10:04:00,325.00,333.05,323.20,333.05,825,9150,302.46,,0.00
2020-04-27 10:09:00,333.70,333.70,333.70,333.70,75,9075,302.62,,0.00
2020-04-27 10:14:00,333.00,333.00,333.00,333.00,75,9150,302.78,,0.00
2020-04-27 10:19:00,344.20,351.00,344.20,351.00,150,0,303.23,,0.00
2020-04-27 10:20:00,358.50,358.50,358.50,358.50,150,8700,303.78,,0.00
2020-04-27 10:22:00,358.65,358.65,358.65,358.65,300,8700,304.86,,0.00
2020-04-27 10:24:00,351.55,351.55,351.55,351.55,75,8700,305.09,,0.00
2020-04-27 10:25:00,351.00,351.00,351.00,351.00,75,8700,305.31,,0.00
2020-04-27 10:27:00,349.45,349.45,349.45,349.45,225,8775,305.94,,0.00
2020-04-27 10:28:00,353.85,353.85,351.80,351.80,225,8775,306.60,,0.00
2020-04-27 10:32:00,347.30,347.30,347.30,347.30,75,8550,306.79,,0.00
2020-04-27 10:35:00,336.50,336.50,336.50,336.50,150,8400,307.07,,0.00
2020-04-27 10:39:00,351.50,351.50,351.50,351.50,75,8325,307.28,,0.00
2020-04-27 10:40:00,356.65,356.65,356.65,356.65,75,8325,307.50,,0.00
2020-04-27 10:42:00,357.65,357.65,357.65,357.65,75,8325,308.18,,0.00
2020-04-27 10:43:00,360.35,360.35,360.35,360.35,75,8325,308.42,,0.00
2020-04-27 10:49:00,356.25,356.25,351.00,351.00,1050,8250,311.15,,0.00
2020-04-27 10:51:00,347.00,347.00,347.00,347.00,75,8475,311.30,,0.00
2020-04-27 10:57:00,347.00,347.00,347.00,347.00,75,8475,311.45,,0.00
2020-04-27 11:03:00,337.05,338.00,337.05,338.00,375,8550,312.00,,0.00
2020-04-27 11:05:00,338.65,344.65,338.65,343.20,525,8325,312.80,,0.00
2020-04-27 11:06:00,344.65,344.65,344.65,344.65,75,8325,312.93,,0.00
2020-04-27 11:08:00,337.75,337.75,335.00,335.00,150,8325,313.11,,0.00
2020-04-27 11:31:00,333.00,333.00,333.00,333.00,75,7650,313.19,,0.00
2020-04-27 11:32:00,329.75,329.75,327.00,327.00,150,7650,313.31,,0.00
2020-04-27 11:36:00,342.25,342.25,342.25,342.25,75,7575,313.42,,0.00
2020-04-27 11:42:00,342.30,342.30,342.30,342.30,75,7575,313.53,,0.00
2020-04-27 11:51:00,337.00,337.00,337.00,337.00,75,7500,313.63,,0.00
2020-04-27 11:58:00,316.05,321.00,316.05,321.00,300,7500,313.70,,0.00
2020-04-27 12:06:00,320.00,320.00,320.00,320.00,75,7425,313.73,,0.00
2020-04-27 12:14:00,329.15,329.15,329.15,329.15,75,7500,313.78,,0.00
2020-04-27 12:19:00,330.15,332.45,330.15,332.45,300,7575,314.05,,0.00
2020-04-27 12:26:00,344.40,344.40,344.40,344.40,150,7575,314.27,,0.00
2020-04-27 12:35:00,336.10,336.10,336.10,336.10,150,7575,314.43,,0.00
2020-04-27 12:51:00,341.00,341.00,341.00,341.00,75,7425,314.53,,0.00
2020-04-27 13:00:00,330.00,330.00,330.00,330.00,75,7350,314.58,,0.00
2020-04-27 13:01:00,334.90,334.90,334.90,334.90,75,7350,314.66,,0.00
2020-04-27 13:03:00,338.25,343.00,338.25,343.00,150,7350,314.85,,0.00
2020-04-27 13:04:00,345.00,345.80,345.00,345.80,150,7350,315.06,,0.00
2020-04-27 13:25:00,337.00,337.00,337.00,337.00,75,7350,315.14,,0.00
2020-04-27 13:31:00,322.95,322.95,322.95,322.95,150,7425,315.20,,0.00
2020-04-27 13:33:00,325.00,325.00,325.00,325.00,75,7275,315.24,,0.00
2020-04-27 13:37:00,327.00,327.00,327.00,327.00,375,7275,315.44,,0.00
2020-04-27 13:42:00,326.00,326.00,326.00,326.00,375,7350,315.62,,0.00
2020-04-27 13:45:00,310.65,310.65,309.10,309.10,450,7200,315.53,,0.00
2020-04-27 13:46:00,309.45,309.70,309.45,309.70,150,7200,315.49,,0.00
2020-04-27 13:53:00,320.00,320.00,320.00,320.00,150,7200,315.52,,0.00
2020-04-27 13:56:00,318.00,318.00,318.00,318.00,75,7200,315.53,,0.00
2020-04-27 13:59:00,311.15,311.15,311.15,311.15,75,7200,315.52,,0.00
2020-04-27 14:05:00,330.50,330.50,329.90,329.90,225,7200,315.66,,0.00
2020-04-27 14:15:00,306.00,306.00,306.00,306.00,150,7050,315.60,,0.00
2020-04-27 14:16:00,312.00,312.00,312.00,312.00,75,7050,315.59,,0.00
2020-04-27 14:18:00,305.00,305.00,305.00,305.00,75,7125,315.55,,0.00
2020-04-27 14:22:00,295.45,295.45,295.45,295.45,150,7125,315.42,,0.00
2020-04-27 14:25:00,300.00,300.00,300.00,300.00,75,7275,315.38,,0.00
2020-04-27 14:26:00,297.15,297.15,297.15,297.15,150,7275,315.26,,0.00
2020-04-27 14:33:00,310.50,310.50,310.50,310.50,225,7275,315.22,,0.00
2020-04-27 14:35:00,312.00,312.00,312.00,312.00,375,7275,315.17,,0.00
2020-04-27 14:36:00,311.00,311.00,308.00,308.00,300,7725,315.10,,450.00
2020-04-27 14:41:00,297.00,297.00,297.00,297.00,75,7650,315.04,,0.00
2020-04-27 14:48:00,290.00,292.00,290.00,292.00,225,7425,314.82,,0.00
2020-04-27 14:49:00,295.45,298.70,295.45,298.70,150,7425,314.71,,0.00
2020-04-27 14:50:00,300.00,301.85,300.00,301.85,600,7425,314.39,,0.00
2020-04-27 14:52:00,295.00,295.00,295.00,295.00,75,7725,314.33,,0.00
2020-04-27 14:53:00,294.65,294.65,294.65,294.65,75,7725,314.27,,0.00
2020-04-27 14:56:00,295.00,295.00,295.00,295.00,75,7800,314.22,,0.00
2020-04-27 15:02:00,293.00,293.00,293.00,293.00,75,7800,314.16,,0.00
2020-04-27 15:03:00,290.95,292.00,290.95,292.00,300,7800,313.90,,0.00
2020-04-27 15:07:00,299.00,299.00,299.00,299.00,75,7950,313.86,,0.00
2020-04-27 15:10:00,293.00,293.00,293.00,293.00,75,7950,313.80,,0.00
2020-04-27 15:11:00,291.00,291.00,285.90,285.90,225,7950,313.59,,0.00
2020-04-27 15:12:00,288.25,288.25,288.25,288.25,75,7875,313.52,,-75.00
2020-04-27 15:14:00,287.95,287.95,287.95,287.95,75,0,313.45,,0.00
2020-04-27 15:16:00,284.00,284.00,284.00,284.00,75,8025,313.37,,0.00
2020-04-27 15:17:00,284.00,285.00,284.00,285.00,450,8025,312.88,,0.00
2020-04-27 15:22:00,281.70,281.70,281.70,281.70,75,7875,312.79,,0.00
2020-04-28 09:15:00,339.60,339.60,339.60,339.60,75,7875,339.60,,0.00
2020-04-28 09:17:00,342.20,342.20,342.20,342.20,75,7875,340.90,,0.00
2020-04-28 09:18:00,343.00,343.00,343.00,343.00,75,7875,341.60,,0.00
2020-04-28 09:20:00,336.15,336.15,336.15,336.15,75,7875,340.23,,0.00
2020-04-28 09:26:00,323.00,323.00,323.00,323.00,75,7800,336.79,,0.00
2020-04-28 09:29:00,324.00,324.00,324.00,324.00,75,7875,334.65,,0.00
2020-04-28 09:40:00,274.00,274.00,274.00,274.00,75,7725,325.99,,0.00
2020-04-28 09:41:00,280.90,280.90,280.90,280.90,75,7725,320.35,,0.00
2020-04-28 09:44:00,284.40,284.40,284.40,284.40,75,7650,316.36,,0.00
2020-04-28 09:45:00,283.00,289.75,283.00,289.75,150,7650,310.90,,0.00
2020-04-28 09:46:00,293.05,293.05,293.05,293.05,150,7650,308.16,,0.00
2020-04-28 09:51:00,272.00,272.00,272.00,272.00,75,7425,305.57,,0.00
2020-04-28 09:52:00,272.00,272.00,272.00,272.00,75,7425,303.34,,0.00
2020-04-28 09:56:00,273.35,273.35,273.35,273.35,150,7575,299.81,,0.00
2020-04-28 09:58:00,273.35,273.35,273.35,273.35,75,7575,298.34,,0.00
2020-04-28 09:59:00,271.40,271.40,271.40,271.40,75,7650,296.92,,75.00
2020-04-28 10:05:00,265.00,265.00,255.80,255.80,150,7575,293.44,,0.00
2020-04-28 10:13:00,267.65,267.65,267.65,267.65,75,7500,292.27,,0.00
2020-04-28 10:18:00,277.80,277.80,277.80,277.80,75,7500,291.64,,0.00
2020-04-28 10:29:00,267.35,267.35,267.35,267.35,150,7575,289.79,,0.00
2020-04-28 10:52:00,280.95,280.95,280.95,280.95,75,7500,289.45,,0.00
2020-04-28 10:56:00,286.90,286.90,286.90,286.90,75,7500,289.35,,0.00
2020-04-28 10:58:00,283.90,283.90,283.90,283.90,225,7425,288.81,,0.00
2020-04-28 11:17:00,272.00,272.00,272.00,272.00,75,7650,288.27,,0.00
2020-04-28 11:19:00,274.85,274.85,274.85,274.85,75,7650,287.85,,0.00
2020-04-28 11:22:00,280.65,280.65,280.65,280.65,75,7725,287.63,,0.00
2020-04-28 11:35:00,276.75,276.75,276.75,276.75,75,7575,287.31,,0.00
2020-04-28 11:45:00,290.00,290.00,290.00,290.00,1125,7575,288.13,,0.00
2020-04-28 11:49:00,296.20,299.65,296.20,299.65,225,7425,288.66,,0.00
2020-04-28 11:50:00,295.00,295.00,295.00,295.00,75,7425,288.78,,0.00
2020-04-28 12:00:00,297.00,297.00,297.00,297.00,75,7200,288.93,,0.00
2020-04-28 12:01:00,295.80,295.80,295.80,295.80,75,7200,289.06,,0.00
2020-04-28 12:06:00,286.30,286.30,286.30,286.30,150,7200,288.96,,0.00
2020-04-28 12:11:00,272.35,272.35,272.35,272.35,150,0,288.40,,0.00
2020-04-28 12:22:00,264.95,264.95,264.95,264.95,150,7200,287.63,,0.00
2020-04-28 12:46:00,289.40,289.40,289.40,289.40,75,7050,287.65,,0.00
2020-04-28 12:52:00,289.40,289.40,287.10,287.10,150,7050,287.67,,0.00
2020-04-28 12:56:00,302.55,302.55,302.55,302.55,150,6975,288.12,,0.00
2020-04-28 12:57:00,305.45,305.45,299.00,299.00,300,7050,288.93,,75.00
2020-04-28 13:11:00,316.30,316.30,314.35,314.35,150,6975,289.66,,0.00
2020-04-28 13:19:00,321.25,321.25,321.25,321.25,150,7050,290.52,,0.00
2020-04-28 13:21:00,335.00,335.00,335.00,335.00,150,7050,291.69,,0.00
2020-04-28 13:22:00,332.95,332.95,332.95,332.95,75,7050,292.22,,0.00
2020-04-28 13:23:00,327.65,327.65,327.65,327.65,75,7050,292.68,,0.00
2020-04-28 13:30:00,322.95,322.95,322.95,322.95,75,7050,293.06,,0.00
2020-04-28 13:32:00,318.00,318.00,318.00,318.00,75,7050,293.37,,0.00
2020-04-28 13:34:00,327.50,327.50,327.50,327.50,75,6525,293.79,,0.00
2020-04-28 13:39:00,310.00,314.45,310.00,314.45,150,6600,294.24,,0.00
2020-04-28 13:55:00,331.00,331.00,331.00,331.00,75,6600,294.67,,0.00
2020-04-28 14:12:00,326.20,337.55,326.20,337.55,150,6675,295.54,,0.00
2020-04-28 14:13:00,343.55,343.55,339.50,339.50,150,6675,296.58,,0.00
2020-04-28 14:14:00,339.75,339.75,339.75,339.75,150,6675,297.54,,0.00
2020-04-28 14:15:00,340.25,340.25,340.25,340.25,75,6525,298.01,,-150.00
2020-04-28 14:16:00,345.00,345.00,345.00,345.00,75,6525,298.52,,0.00
2020-04-28 14:31:00,340.10,340.10,340.00,340.00,225,6450,299.84,,0.00
2020-04-28 14:32:00,343.00,343.00,343.00,343.00,75,6450,300.28,,0.00
2020-04-28 14:35:00,336.00,336.00,336.00,336.00,75,6375,300.65,,0.00
2020-04-28 14:47:00,342.00,342.00,342.00,342.00,150,6450,301.49,,0.00
2020-04-28 15:20:00,349.45,353.00,349.45,349.45,750,6450,306.08,,0.00
2020-04-28 15:25:00,368.40,368.40,368.40,368.40,75,6450,306.65,,0.00
2020-04-28 15:26:00,370.55,370.55,370.55,370.55,75,6450,307.22,,0.00
2020-04-28 15:28:00,380.85,380.85,380.85,380.85,75,6375,307.88,,0.00
2020-04-28 15:29:01,380.90,380.90,380.90,380.90,75,6375,308.53,,0.00
2020-04-29 09:21:00,392.05,392.05,392.05,392.05,75,6300,392.05,,0.00
2020-04-29 09:44:00,401.40,401.40,401.40,401.40,75,6225,396.72,,0.00
2020-04-29 10:00:00,396.70,396.70,396.70,396.70,75,6300,396.71,,0.00
2020-04-29 10:03:00,402.55,402.55,402.55,402.55,75,6300,398.17,,0.00
2020-04-29 10:05:00,398.00,398.00,398.00,398.00,75,6300,398.14,,0.00
2020-04-29 10:11:00,397.20,397.20,397.20,397.20,75,6300,397.98,,0.00
2020-04-29 10:12:00,404.30,404.30,401.30,401.30,150,6300,399.18,,0.00
2020-04-29 10:17:00,414.05,414.05,414.05,414.05,150,6150,402.16,,0.00
2020-04-29 10:21:00,413.00,413.00,413.00,413.00,75,6075,403.14,,0.00
2020-04-29 10:35:00,400.00,400.00,400.00,400.00,150,6075,402.66,,0.00
2020-04-29 11:14:00,410.35,410.35,410.35,410.35,75,6075,403.21,,0.00
2020-04-29 11:30:00,420.00,420.00,420.00,420.00,75,6000,404.33,,0.00
2020-04-29 12:23:00,422.00,422.00,422.00,422.00,75,5925,405.43,,0.00
2020-04-29 12:25:00,419.45,419.45,419.45,419.45,150,5925,406.99,,0.00
2020-04-29 12:37:00,419.85,419.85,419.85,419.85,150,5925,408.27,,0.00
2020-04-29 12:42:00,445.75,445.75,445.75,445.75,75,5925,410.06,,0.00
2020-04-29 12:44:00,440.35,440.80,440.35,440.80,150,5925,412.71,,0.00
2020-04-29 12:46:00,437.45,437.45,437.45,437.45,75,5850,413.74,,0.00
2020-04-29 14:20:00,479.65,479.65,479.65,479.65,450,5850,426.92,,0.00
2020-04-29 14:35:00,511.50,523.85,511.50,523.85,1125,5850,455.38,,0.00
2020-04-29 14:44:00,520.00,520.00,520.00,520.00,75,5850,456.78,,0.00
2020-04-29 14:57:00,531.05,531.05,531.05,531.05,75,5925,458.36,,0.00
2020-04-29 15:04:00,520.85,520.85,520.85,520.85,150,5775,460.91,,0.00
2020-04-29 15:18:00,501.05,501.05,501.05,501.05,75,5625,461.72,,0.00
2020-04-30 09:15:00,662.10,662.10,662.10,662.10,75,5025,662.10,,0.00
2020-04-30 09:27:00,701.25,701.25,701.25,701.25,375,5025,694.72,,0.00
2020-04-30 09:34:00,735.30,735.30,735.30,735.30,75,5025,700.52,,0.00
2020-04-30 09:35:00,735.30,735.30,735.30,735.30,150,4950,708.25,,-75.00
2020-04-30 09:36:00,735.30,738.85,735.30,738.85,150,4950,713.49,,0.00
2020-04-30 09:48:00,734.90,737.05,728.00,728.00,225,4875,717.73,,0.00
2020-04-30 10:07:00,765.00,765.00,765.00,765.00,150,4875,723.64,,0.00
2020-04-30 10:11:00,772.85,772.85,772.85,772.85,75,4875,726.54,,0.00
2020-04-30 10:50:00,760.00,760.00,760.00,760.00,150,4800,730.06,,0.00
2020-04-30 11:32:00,764.00,764.00,764.00,764.00,75,4800,731.76,,0.00
2020-04-30 12:18:00,805.40,805.40,805.40,805.40,75,4725,735.26,,0.00
2020-04-30 12:52:00,743.30,743.30,743.30,743.30,150,4725,735.96,,0.00
2020-04-30 13:05:00,733.65,733.65,733.65,733.65,75,4650,735.87,,0.00
2020-04-30 14:29:00,746.00,746.00,746.00,746.00,300,4575,737.31,,0.00
2020-04-30 15:10:00,801.15,801.15,801.15,801.15,75,4575,739.51,,0.00
2020-04-30 15:16:00,811.70,811.70,811.70,811.70,75,4500,741.92,,0.00
2020-04-30 15:17:00,814.85,815.10,814.85,815.10,675,4500,758.78,,0.00
2020-04-30 15:20:00,815.10,815.10,815.10,815.10,150,4125,761.53,,0.00
2020-04-30 15:21:00,810.75,810.75,810.75,810.75,75,4050,762.70,,-75.00
2020-04-30 15:26:00,813.95,813.95,813.95,813.95,75,3975,763.89,,0.00
